"current"
1.418536799999999864e+01
4.728455999999999548e+00
-1.576151999999999997e+00
-1.576151999999999553e+00
-1.576152000000000442e+00
1.576151999999999997e+00
-7.880760000000000431e+00
-1.576151999999999997e+00
0.000000000000000000e+00
0.000000000000000000e+00
-4.728455999999999548e+00
1.576152000000000442e+00
-6.304607999999999990e+00
4.728455999999999548e+00
1.576152000000000086e+01
1.733767199999999775e+01
3.152303999999999995e+00
-1.260921599999999998e+01
-3.152303999999999995e+00
-1.103306399999999954e+01
-3.152303999999999995e+00
-4.728455999999999548e+00
3.152303999999999551e+00
1.576151999999999997e+00
1.103306399999999954e+01
9.456911999999999097e+00
9.456911999999999097e+00
-4.728455999999999548e+00
9.456911999999999097e+00
4.728455999999999548e+00
1.418536800000000042e+01
-4.728455999999999548e+00
1.576152000000000442e+00
-4.728455999999999548e+00
-4.728456000000000437e+00
7.880760000000000431e+00
9.456912000000000873e+00
-6.304607999999999102e+00
-1.576152000000000086e+01
-6.304607999999999990e+00
6.304607999999999990e+00
-3.152303999999999995e+00
0.000000000000000000e+00
1.103306399999999954e+01
1.576151999999999997e+00
7.880759999999999543e+00
0.000000000000000000e+00
6.304607999999999990e+00
-1.260921599999999998e+01
-3.152304000000000883e+00
3.152303999999999995e+00
-1.103306399999999954e+01
0.000000000000000000e+00
3.152303999999999995e+00
9.456911999999999097e+00
-3.152303999999999995e+00
-3.152304000000000883e+00
-4.728455999999999548e+00
9.456911999999999097e+00
-4.728456000000000437e+00
-1.733767199999999775e+01
-4.728455999999999548e+00
-4.728455999999999548e+00
-3.152303999999999551e+00
-7.880759999999999543e+00
-9.456911999999999097e+00
-7.880759999999999543e+00
4.728456000000000437e+00
1.260921599999999998e+01
7.880760000000000431e+00
7.880759999999999543e+00
-6.304607999999999990e+00
-1.576151999999999553e+00
3.152303999999999551e+00
7.880760000000000431e+00
4.728455999999999548e+00
2.206612799999999908e+01
4.728455999999999548e+00
-7.880759999999999543e+00
7.880760000000000431e+00
7.880759999999999543e+00
0.000000000000000000e+00
-4.728456000000000437e+00
4.728455999999999548e+00
-3.152303999999999995e+00
-4.728455999999999548e+00
-6.304607999999999990e+00
-1.576151999999999997e+00
-4.728455999999999548e+00
4.728455999999999548e+00
1.260921599999999998e+01
9.456912000000000873e+00
-9.456911999999999097e+00
-9.456912000000000873e+00
9.456912000000000873e+00
3.152303999999999995e+00
1.260921599999999998e+01
-1.576151999999999997e+00
6.304607999999999990e+00
6.304607999999999990e+00
0.000000000000000000e+00
-1.103306399999999954e+01
3.152303999999999551e+00
6.304607999999999990e+00
0.000000000000000000e+00
1.576152000000000442e+00
4.728456000000000437e+00
1.576152000000000442e+00
1.103306399999999954e+01
4.728456000000000437e+00
4.728456000000001325e+00
-4.728455999999999548e+00
0.000000000000000000e+00
-6.304607999999999990e+00
1.260921599999999998e+01
0.000000000000000000e+00
4.728455999999999548e+00
-6.304607999999999990e+00
6.304608000000001766e+00
-3.152303999999999551e+00
-4.728456000000000437e+00
9.456911999999999097e+00
0.000000000000000000e+00
1.576151999999999553e+00
-9.456911999999999097e+00
3.152303999999999551e+00
6.304607999999999990e+00
1.103306399999999954e+01
-7.880759999999998655e+00
1.576151999999999997e+00
7.880760000000000431e+00
1.576151999999999997e+00
-4.728455999999999548e+00
6.304608000000001766e+00
-4.728455999999999548e+00
-1.576152000000000086e+01
-1.576151999999999909e+01
1.576151999999999997e+00
7.880760000000000431e+00
-4.728455999999999548e+00
1.576151999999999997e+00
0.000000000000000000e+00
-1.418536800000000042e+01
4.728456000000000437e+00
2.521843199999999996e+01
7.880760000000001320e+00
7.880760000000000431e+00
-2.048997599999999863e+01
-1.576151999999999553e+00
1.576152000000000442e+00
-9.456911999999999097e+00
-1.103306399999999954e+01
-9.456911999999999097e+00
1.103306399999999954e+01
-1.103306399999999954e+01
-9.456911999999999097e+00
0.000000000000000000e+00
4.728455999999999548e+00
-1.418536800000000042e+01
-1.418536799999999864e+01
-6.304607999999999990e+00
3.152303999999999995e+00
1.891382400000000175e+01
4.728455999999999548e+00
-3.152303999999999995e+00
-3.152304000000000883e+00
1.576151999999999997e+00
-9.456911999999999097e+00
-4.728455999999999548e+00
-4.728455999999999548e+00
-6.304607999999999990e+00
-7.880760000000000431e+00
-3.152304000000000883e+00
0.000000000000000000e+00
-4.728455999999999548e+00
-1.576151999999999997e+00
0.000000000000000000e+00
6.304607999999999990e+00
1.576151999999999997e+00
0.000000000000000000e+00
-1.576152000000000086e+01
-1.418536799999999864e+01
1.103306400000000131e+01
-3.152304000000000883e+00
7.880760000000000431e+00
-4.728455999999999548e+00
1.103306400000000131e+01
1.260921599999999998e+01
0.000000000000000000e+00
-1.576152000000000442e+00
-4.728455999999999548e+00
-7.880760000000000431e+00
3.152303999999999995e+00
3.152303999999999995e+00
0.000000000000000000e+00
3.152303999999999551e+00
4.728455999999999548e+00
0.000000000000000000e+00
-1.576151999999999997e+00
4.728455999999999548e+00
4.728455999999999548e+00
-3.152303999999999995e+00
7.880760000000000431e+00
-1.418536800000000042e+01
7.880760000000001320e+00
-3.152303999999999995e+00
3.152303999999999995e+00
0.000000000000000000e+00
-4.728455999999999548e+00
9.456911999999999097e+00
1.576151999999999997e+00
-1.576151999999999553e+00
9.456911999999999097e+00
3.152303999999999551e+00
-1.576151999999999553e+00
3.152303999999999551e+00
9.456912000000000873e+00
6.304607999999999990e+00
-3.152303999999999995e+00
-3.152303999999999995e+00
0.000000000000000000e+00
-3.152303999999999995e+00
-1.576152000000000442e+00
-7.880759999999999543e+00
0.000000000000000000e+00
7.880760000000000431e+00
6.304607999999999990e+00
0.000000000000000000e+00
3.152303999999999995e+00
1.576151999999999997e+00
-3.152303999999999995e+00
0.000000000000000000e+00
-4.728455999999999548e+00
-1.260921599999999998e+01
-1.260921600000000176e+01
3.152304000000000883e+00
-3.152303999999999995e+00
3.152303999999999995e+00
6.304607999999999990e+00
-1.576151999999999997e+00
4.728455999999999548e+00
7.880760000000000431e+00
4.728455999999999548e+00
-1.260921599999999998e+01
-2.521843199999999996e+01
1.576152000000000442e+00
6.304607999999999990e+00
6.304607999999999102e+00
7.880759999999999543e+00
3.152303999999999995e+00
4.728456000000000437e+00
1.418536800000000042e+01
-9.456911999999999097e+00
7.880760000000000431e+00
4.728455999999999548e+00
0.000000000000000000e+00
-1.103306400000000131e+01
-6.304607999999999990e+00
-3.152303999999999995e+00
-9.456911999999999097e+00
-2.679458400000000040e+01
-7.880759999999999543e+00
-1.576152000000000442e+00
9.456911999999999097e+00
4.728456000000000437e+00
-1.103306399999999954e+01
6.304608000000001766e+00
4.728455999999999548e+00
1.733767199999999775e+01
1.576151999999999997e+00
-4.728455999999999548e+00
-7.880759999999999543e+00
-4.728455999999999548e+00
-1.576151999999999553e+00
-1.576151999999999997e+00
7.880759999999999543e+00
9.456911999999999097e+00
-3.152304000000000883e+00
-1.576151999999999909e+01
3.152304000000000883e+00
-7.880760000000000431e+00
0.000000000000000000e+00
-4.728455999999999548e+00
-3.152304000000000883e+00
1.103306399999999954e+01
-3.152303999999999995e+00
1.576151999999999997e+00
1.576152000000000086e+01
-3.152304000000000883e+00
-2.521843199999999996e+01
-6.304607999999999990e+00
9.456912000000000873e+00
-1.576152000000000442e+00
6.304607999999999990e+00
4.728455999999999548e+00
3.152303999999999995e+00
9.456911999999999097e+00
6.304607999999999990e+00
1.576152000000000086e+01
2.521843199999999996e+01
-9.456911999999999097e+00
4.728455999999999548e+00
-6.304607999999999990e+00
7.880759999999999543e+00
-6.304607999999999990e+00
-1.576151999999999553e+00
1.260921600000000176e+01
-9.456911999999999097e+00
-3.152303999999999551e+00
-1.576151999999999997e+00
1.418536800000000042e+01
0.000000000000000000e+00
1.260921600000000176e+01
1.891382399999999819e+01
9.456911999999999097e+00
1.576151999999999997e+00
0.000000000000000000e+00
-1.418536800000000042e+01
0.000000000000000000e+00
1.576152000000000442e+00
6.304607999999999990e+00
6.304607999999999990e+00
1.418536800000000042e+01
2.364227999999999952e+01
6.304608000000001766e+00
9.456911999999999097e+00
1.733767199999999775e+01
-3.152303999999999107e+00
7.880760000000000431e+00
3.152303999999999995e+00
1.576152000000000086e+01
-1.418536800000000042e+01
1.576151999999999997e+00
-4.728456000000000437e+00
0.000000000000000000e+00
-4.728455999999999548e+00
6.304607999999999990e+00
9.456912000000000873e+00
-1.891382399999999819e+01
-3.152303999999999995e+00
0.000000000000000000e+00
9.456911999999999097e+00
-3.152303999999999995e+00
-6.304607999999999990e+00
-3.152303999999999995e+00
2.048997599999999863e+01
1.418536800000000042e+01
-7.880759999999999543e+00
6.304607999999999990e+00
3.152303999999999995e+00
3.152303999999999995e+00
-1.576151999999999997e+00
0.000000000000000000e+00
4.728455999999999548e+00
9.456911999999999097e+00
-1.103306399999999954e+01
-1.733767199999999775e+01
-3.152303999999999551e+00
1.576151999999999997e+00
1.891382399999999819e+01
4.728455999999999548e+00
4.728455999999999548e+00
1.103306399999999954e+01
-1.576151999999999997e+00
1.576152000000002218e+00
0.000000000000000000e+00
1.418536800000000042e+01
6.304607999999999990e+00
1.576151999999999997e+00
3.152304000000000883e+00
-1.103306399999999954e+01
1.576151999999999997e+00
-1.576151999999999997e+00
0.000000000000000000e+00
-4.728455999999999548e+00
7.880759999999999543e+00
-7.880760000000000431e+00
3.152303999999999995e+00
2.364227999999999952e+01
-4.728455999999999548e+00
-3.152303999999999995e+00
-9.456911999999999097e+00
3.152303999999999551e+00
-6.304608000000001766e+00
0.000000000000000000e+00
-1.103306399999999954e+01
-4.728455999999999548e+00
-1.576152000000000442e+00
6.304607999999999990e+00
-4.728455999999999548e+00
-7.880759999999998655e+00
4.728456000000000437e+00
3.152303999999999995e+00
1.576151999999999997e+00
-3.152303999999999551e+00
-4.728456000000001325e+00
-1.103306399999999954e+01
-1.260921599999999998e+01
1.260921599999999998e+01
4.728455999999999548e+00
-7.880759999999998655e+00
-6.304608000000001766e+00
-6.304607999999999990e+00
6.304607999999999990e+00
-9.456911999999999097e+00
-7.880759999999999543e+00
7.880760000000001320e+00
9.456911999999999097e+00
1.103306399999999954e+01
-3.152303999999999995e+00
7.880759999999999543e+00
4.728455999999999548e+00
-6.304607999999999990e+00
1.576151999999999997e+00
-9.456911999999999097e+00
7.880760000000000431e+00
1.103306399999999954e+01
0.000000000000000000e+00
-9.456912000000000873e+00
-1.260921599999999998e+01
0.000000000000000000e+00
-4.728455999999999548e+00
9.456911999999999097e+00
0.000000000000000000e+00
-1.891382400000000175e+01
-7.880759999999998655e+00
7.880759999999999543e+00
4.728455999999999548e+00
3.152303999999999995e+00
-1.260921599999999998e+01
7.880760000000000431e+00
-4.728455999999999548e+00
4.728455999999999548e+00
-3.152303999999999995e+00
0.000000000000000000e+00
-3.152303999999999995e+00
1.576151999999999553e+00
1.733767199999999775e+01
1.103306399999999954e+01
1.103306399999999954e+01
-1.733767199999999775e+01
6.304607999999999990e+00
7.880760000000000431e+00
4.728455999999999548e+00
3.152303999999999995e+00
1.103306399999999954e+01
-6.304608000000001766e+00
-6.304607999999999990e+00
6.304607999999999102e+00
1.103306399999999954e+01
-6.304607999999999102e+00
7.880759999999998655e+00
-1.576151999999999997e+00
-6.304608000000001766e+00
-4.728455999999999548e+00
1.418536799999999864e+01
9.456912000000000873e+00
-1.576152000000000442e+00
-1.576151999999999997e+00
2.364227999999999952e+01
3.152304000000000883e+00
1.103306399999999954e+01
1.576152000000000086e+01
1.576151999999999997e+00
4.728455999999999548e+00
-3.152303999999999995e+00
9.456912000000000873e+00
-6.304607999999999990e+00
1.103306399999999954e+01
1.103306399999999954e+01
-1.576151999999999997e+00
-1.576151999999999553e+00
1.103306399999999954e+01
1.260921599999999998e+01
4.728455999999999548e+00
0.000000000000000000e+00
3.152303999999999995e+00
-7.880760000000000431e+00
1.576151999999999997e+00
-4.728455999999999548e+00
0.000000000000000000e+00
7.880760000000000431e+00
-1.576151999999999997e+00
-1.103306399999999954e+01
-7.880760000000000431e+00
3.152303999999999551e+00
1.576152000000000442e+00
4.728455999999999548e+00
-7.880759999999999543e+00
3.152303999999999995e+00
-6.304607999999999990e+00
1.260921600000000176e+01
9.456911999999999097e+00
7.880760000000000431e+00
1.576151999999999553e+00
6.304607999999999102e+00
-6.304607999999999990e+00
6.304607999999999102e+00
3.152303999999999995e+00
4.728455999999999548e+00
1.103306400000000131e+01
1.576152000000000086e+01
2.364227999999999952e+01
1.576151999999998665e+00
-4.728456000000004877e+00
9.614527200000000562e+01
3.782764800000000349e+01
1.576151999999999731e+01
-1.103306399999999599e+01
-1.103306399999999599e+01
9.456911999999999097e+00
2.994688800000000128e+01
2.521843200000000706e+01
2.679458399999999685e+01
2.521843199999999641e+01
4.097995200000001148e+01
4.413225599999999815e+01
4.413225599999999815e+01
3.152303999999999462e+01
2.206612799999999908e+01
3.309919199999999506e+01
3.152303999999999817e+01
3.940380000000000393e+01
5.043686399999999992e+01
4.097995199999999727e+01
4.255610399999999771e+01
4.886071199999999237e+01
3.625149600000000305e+01
2.364228000000000307e+01
2.679458400000000395e+01
3.467534400000000261e+01
3.782764800000000349e+01
4.097995199999999727e+01
2.837073600000000084e+01
3.782764800000000349e+01
2.521843199999999996e+01
3.309919200000000217e+01
5.516532000000000124e+01
5.674147200000000169e+01
4.255610400000000482e+01
4.413225600000000526e+01
4.413225599999999815e+01
4.255610399999999771e+01
4.886071199999999948e+01
3.309919199999999506e+01
3.940379999999999683e+01
3.940380000000000393e+01
3.625149600000000305e+01
3.625149599999999595e+01
3.625149600000000305e+01
4.413225600000000526e+01
4.570840800000000570e+01
4.886071200000000658e+01
4.255610400000000482e+01
3.309919200000000217e+01
2.521843199999999641e+01
3.309919199999999506e+01
4.413225599999999815e+01
2.521843199999999641e+01
3.940380000000000393e+01
2.837073600000000084e+01
4.413225599999999815e+01
5.043686400000001413e+01
4.570840799999999149e+01
2.679458400000000040e+01
3.309919200000000217e+01
4.255610400000000482e+01
2.521843199999999996e+01
3.940380000000000393e+01
2.837073600000000084e+01
3.152303999999999817e+01
4.886071199999999948e+01
4.413225599999999815e+01
3.467534399999999550e+01
3.782764799999999639e+01
3.467534399999999550e+01
5.358916799999999370e+01
3.467534400000000971e+01
1.891382400000000175e+01
1.103306399999999599e+01
2.679458400000000040e+01
2.364227999999999952e+01
4.886071200000000658e+01
3.940380000000000393e+01
4.413225599999999815e+01
3.940380000000000393e+01
2.521843199999999996e+01
2.679458399999999685e+01
2.364227999999999952e+01
3.309919200000000217e+01
1.576151999999999376e+01
2.206612799999999552e+01
3.152303999999999817e+01
3.152303999999999817e+01
2.837073599999999729e+01
2.521843199999999996e+01
3.467534400000000261e+01
4.570840799999999859e+01
4.413225599999999815e+01
2.837073600000000084e+01
4.097995199999999727e+01
2.206612799999999908e+01
2.521843200000000706e+01
3.309919200000000217e+01
9.456911999999999097e+00
2.206612800000000618e+01
3.152304000000000528e+01
2.994688800000000128e+01
2.048997600000000574e+01
3.625149600000000305e+01
2.679458399999999685e+01
3.625149600000000305e+01
2.206612800000000618e+01
1.733767200000000486e+01
3.467534399999999550e+01
4.097995199999999727e+01
3.782764800000000349e+01
4.570840799999999859e+01
4.097995199999999727e+01
1.891382399999999819e+01
3.152304000000000173e+01
4.097995200000000438e+01
2.837073600000000440e+01
2.994688799999999773e+01
2.994688800000000484e+01
3.467534399999999550e+01
3.467534400000000261e+01
3.309919200000000217e+01
3.625149600000000305e+01
2.679458400000000395e+01
2.994688799999999773e+01
2.837073600000000440e+01
3.782764800000000349e+01
4.413225599999999815e+01
2.206612799999999908e+01
2.837073600000000440e+01
3.309919200000000217e+01
2.994688800000000484e+01
2.521843199999999996e+01
3.309919200000000217e+01
2.206612800000000263e+01
3.782764800000000349e+01
3.782764799999999639e+01
3.467534399999999550e+01
2.679458400000000395e+01
3.625149600000000305e+01
2.364228000000000307e+01
2.679458400000000395e+01
3.309919200000000217e+01
3.940379999999999683e+01
3.309919200000000217e+01
2.206612799999999552e+01
2.521843200000000351e+01
3.152303999999999817e+01
2.994688800000000484e+01
2.521843199999999996e+01
3.467534399999999550e+01
2.679458399999999685e+01
3.309919200000000217e+01
3.152304000000000528e+01
2.206612799999999552e+01
1.576152000000000442e+01
2.521843199999999641e+01
2.837073600000000440e+01
3.467534399999999550e+01
2.679458399999999685e+01
3.782764799999999639e+01
3.309919200000000217e+01
2.994688800000000484e+01
2.837073600000000084e+01
3.625149600000000305e+01
2.837073599999999729e+01
1.418536799999999687e+01
1.891382399999999819e+01
3.309919200000000217e+01
3.309919200000000217e+01
3.940380000000000393e+01
3.782764800000000349e+01
2.679458400000000395e+01
2.364228000000000307e+01
1.576151999999999376e+01
3.152304000000000528e+01
3.940380000000000393e+01
3.309919200000000217e+01
3.782764800000000349e+01
4.570840799999999859e+01
3.309919200000000217e+01
3.625149600000000305e+01
2.679458400000000040e+01
2.364227999999999597e+01
3.782764799999999639e+01
3.625149600000000305e+01
2.206612800000000263e+01
2.679458400000000395e+01
4.570840799999999859e+01
5.201301600000000036e+01
2.837073599999999729e+01
1.733767200000000130e+01
3.782764800000000349e+01
2.521843200000000351e+01
5.043686400000000702e+01
2.521843199999999641e+01
2.048997600000000219e+01
2.521843200000000706e+01
2.679458399999999685e+01
2.521843200000000351e+01
3.467534400000000971e+01
2.521843199999999996e+01
2.521843199999999641e+01
2.837073600000000084e+01
2.837073600000000084e+01
3.625149600000000305e+01
3.152303999999999462e+01
4.097995200000000438e+01
2.521843199999999641e+01
2.206612800000000618e+01
2.206612800000000263e+01
2.048997600000000574e+01
3.940380000000000393e+01
3.940380000000000393e+01
2.994688800000000484e+01
2.521843200000000351e+01
2.206612799999999908e+01
2.994688800000000128e+01
4.097995199999999727e+01
2.837073600000000440e+01
1.733767200000000130e+01
2.521843199999999996e+01
2.994688799999999418e+01
2.994688800000000128e+01
1.576152000000000442e+01
3.309919200000000217e+01
2.679458400000000395e+01
2.048997599999999863e+01
2.206612800000000618e+01
3.152303999999999462e+01
1.891382400000000175e+01
3.309919200000000217e+01
3.152303999999999817e+01
2.679458400000000040e+01
3.940380000000000393e+01
3.625149599999999595e+01
3.309919200000000217e+01
2.679458399999999330e+01
3.467534400000000261e+01
2.206612799999999908e+01
2.206612800000000263e+01
3.625149600000000305e+01
3.940380000000000393e+01
3.309919200000000217e+01
2.679458399999999685e+01
1.418536800000000042e+01
1.733767200000000130e+01
3.625149600000000305e+01
3.152303999999999462e+01
3.152304000000000528e+01
1.733767200000000130e+01
2.837073599999999729e+01
1.418536799999999864e+01
3.625149599999999595e+01
2.521843199999999996e+01
2.206612800000000263e+01
2.521843199999999996e+01
2.994688800000000128e+01
2.364227999999999597e+01
2.521843200000000351e+01
2.206612800000000263e+01
2.837073600000000084e+01
3.782764800000000349e+01
3.152304000000000173e+01
2.837073600000000440e+01
1.891382400000000530e+01
3.309919200000000217e+01
2.206612799999999908e+01
9.456912000000002649e+00
3.309919200000000217e+01
3.782764799999999639e+01
2.837073600000000084e+01
2.521843199999999641e+01
2.994688800000000128e+01
2.837073600000000084e+01
2.679458399999999330e+01
4.413225599999999815e+01
1.891382399999999819e+01
2.048997600000000574e+01
6.304607999999998214e+00
3.467534399999999550e+01
2.364228000000000307e+01
2.679458399999999685e+01
2.364228000000000307e+01
2.837073600000000084e+01
2.837073600000000084e+01
3.309919200000000217e+01
3.309919200000000217e+01
3.782764799999999639e+01
9.456911999999999097e+00
1.260921600000000353e+01
1.733767200000000130e+01
1.418536800000000397e+01
2.994688800000000128e+01
1.891382399999999819e+01
2.679458399999999330e+01
1.733767200000000130e+01
2.679458400000000395e+01
1.260921600000000353e+01
2.364228000000000307e+01
2.048997600000000219e+01
2.837073600000000440e+01
2.994688799999999418e+01
3.309919200000000217e+01
2.837073600000000084e+01
2.364227999999999597e+01
2.994688800000000484e+01
2.994688800000000128e+01
2.679458400000000395e+01
2.206612800000000263e+01
2.679458400000000040e+01
3.467534399999999550e+01
2.206612800000000263e+01
3.152304000000000173e+01
3.152304000000000173e+01
3.467534399999999550e+01
2.521843199999999996e+01
3.940380000000000393e+01
1.891382400000000530e+01
3.309919200000000217e+01
1.733767200000000130e+01
1.576152000000000086e+01
1.733767200000000486e+01
2.521843199999999996e+01
3.152304000000000173e+01
2.994688800000000484e+01
2.206612800000000263e+01
1.576152000000000442e+01
2.679458400000000395e+01
2.679458399999999330e+01
3.625149600000000305e+01
3.309919200000000217e+01
2.364227999999999597e+01
2.521843200000000351e+01
3.152303999999999462e+01
1.576152000000000442e+01
1.576152000000000086e+01
2.994688800000000484e+01
2.364228000000000662e+01
2.994688800000000484e+01
3.467534399999999550e+01
1.576152000000000086e+01
1.260921599999999643e+01
2.364227999999999597e+01
2.048997600000000219e+01
1.891382399999999819e+01
6.304608000000001766e+00
2.521843200000000706e+01
1.733767199999999775e+01
1.260921599999999998e+01
2.206612800000000263e+01
2.048997600000000219e+01
2.679458399999999330e+01
2.679458400000000040e+01
2.206612799999999908e+01
2.048997600000000219e+01
2.364228000000000307e+01
2.521843199999999996e+01
1.891382400000000175e+01
3.940380000000000393e+01
2.048997600000000219e+01
2.364227999999999952e+01
2.206612800000000263e+01
2.206612800000000263e+01
2.521843199999999996e+01
3.625149599999999595e+01
3.467534399999999550e+01
2.048997600000000219e+01
2.364227999999999952e+01
3.467534400000000261e+01
2.521843200000000351e+01
1.891382400000000175e+01
3.625149600000000305e+01
2.364228000000000307e+01
3.625149599999999595e+01
2.521843199999999996e+01
2.994688800000000484e+01
2.364227999999999952e+01
2.994688800000000128e+01
3.467534400000000261e+01
2.679458400000000040e+01
3.467534400000000261e+01
3.940379999999999683e+01
2.048997600000000574e+01
2.837073600000000084e+01
2.994688799999999418e+01
2.837073600000000084e+01
2.521843199999999996e+01
2.206612799999999552e+01
2.994688799999999773e+01
3.309919200000000217e+01
2.364227999999999952e+01
2.994688800000000128e+01
2.679458400000000040e+01
1.418536799999999864e+01
2.837073600000000440e+01
1.891382400000000530e+01
2.837073600000000084e+01
4.255610400000000482e+01
2.521843199999999996e+01
2.364227999999999952e+01
2.679458400000000395e+01
2.048997600000000219e+01
2.364227999999999952e+01
1.576152000000000086e+01
2.364228000000000307e+01
2.206612800000000618e+01
2.048997599999999863e+01
2.364228000000000307e+01
2.364228000000000307e+01
2.837073600000000084e+01
2.364228000000000307e+01
1.103306400000000309e+01
2.837073599999999729e+01
2.048997600000000574e+01
3.467534400000000261e+01
3.782764800000000349e+01
2.364228000000000307e+01
1.733767200000000130e+01
3.625149600000000305e+01
2.521843200000000351e+01
4.728456000000001325e+00
1.733767200000000130e+01
1.891382400000000175e+01
2.521843199999999996e+01
2.679458400000000040e+01
3.467534400000000261e+01
1.103306399999999954e+01
1.576152000000000086e+01
2.364227999999999952e+01
2.679458400000000395e+01
1.576152000000000442e+01
1.733767200000000486e+01
2.521843200000000351e+01
3.152304000000000173e+01
3.782764800000000349e+01
3.625149600000000305e+01
2.679458400000000395e+01
1.260921599999999998e+01
1.733767200000000486e+01
1.733767200000000130e+01
2.206612799999999552e+01
2.679458400000000395e+01
7.880760000000002208e+00
1.891382400000000175e+01
2.364227999999999952e+01
3.782764800000000349e+01
2.048997599999999863e+01
2.837073600000000084e+01
3.152304000000000173e+01
5.201301600000000036e+01
3.782764799999999639e+01
2.364228000000000307e+01
2.994688799999999418e+01
1.576152000000000086e+01
2.048997600000000219e+01
2.837073600000000084e+01
3.940380000000000393e+01
2.994688799999999418e+01
2.837073600000000084e+01
2.837073600000000440e+01
3.152304000000000173e+01
3.467534399999999550e+01
3.940380000000000393e+01
2.994688800000000128e+01
1.891382400000000175e+01
4.255610399999999771e+01
3.309919200000000217e+01
2.364227999999999952e+01
1.260921599999999998e+01
3.467534400000000261e+01
1.576151999999999909e+01
1.576152000000000086e+01
1.418536800000000042e+01
1.733767199999999775e+01
2.364228000000000662e+01
2.679458400000000395e+01
2.837073600000000440e+01
3.152304000000000528e+01
2.521843199999999996e+01
1.733767199999999775e+01
2.994688799999999773e+01
1.733767199999999420e+01
1.576152000000000086e+01
2.679458400000000040e+01
2.679458400000000040e+01
1.891382400000000530e+01
3.152304000000000528e+01
2.994688800000000484e+01
3.782764799999999639e+01
4.097995199999999727e+01
2.521843199999999996e+01
2.206612799999999908e+01
7.880760000000002208e+00
3.309919200000000217e+01
3.467534400000000261e+01
2.364227999999999952e+01
3.782764799999999639e+01
2.679458400000000395e+01
3.309919200000000217e+01
3.625149600000000305e+01
2.521843200000000351e+01
2.521843200000000706e+01
2.521843200000000706e+01
2.048997599999999508e+01
3.782764800000000349e+01
2.679458400000000040e+01
3.309919199999999506e+01
1.576152000000000086e+01
1.576152000000000086e+01
1.260921600000000176e+01
1.576151999999999909e+01
2.206612800000000263e+01
2.206612800000000263e+01
1.418536800000000042e+01
1.418536800000000397e+01
3.152304000000004436e+00
3.152304000000000173e+01
2.206612799999999908e+01
3.309919200000000217e+01
2.206612799999999908e+01
1.891382399999999819e+01
3.309919200000000217e+01
3.625149600000000305e+01
2.994688800000000128e+01
1.733767200000000130e+01
1.891382399999999819e+01
3.152304000000000173e+01
2.679458400000000040e+01
3.940380000000000393e+01
2.048997600000000219e+01
2.994688800000000128e+01
3.309919200000000217e+01
2.521843200000000706e+01
3.152303999999999462e+01
3.467534400000000261e+01
2.679458400000000395e+01
2.206612799999999908e+01
1.103306399999999954e+01
1.891382399999999819e+01
1.103306399999999954e+01
2.837073600000000084e+01
2.521843199999999996e+01
2.048997600000000219e+01
3.152304000000000173e+01
2.206612799999999908e+01
3.309919200000000217e+01
2.048997600000000574e+01
2.048997599999999863e+01
1.733767200000000486e+01
2.521843200000000706e+01
3.152304000000000173e+01
2.994688800000000128e+01
2.206612800000000263e+01
2.364228000000000307e+01
3.467534400000000261e+01
2.521843200000000351e+01
2.679458400000000040e+01
1.891382400000000175e+01
2.364227999999999952e+01
2.521843199999999996e+01
3.782764800000000349e+01
1.733767200000000130e+01
2.994688800000000128e+01
3.625149599999999595e+01
3.625149600000000305e+01
1.891382400000000175e+01
1.103306400000000131e+01
1.891382400000000175e+01
3.152304000000000528e+01
2.679458400000000395e+01
9.456912000000002649e+00
2.364227999999999952e+01
2.837073600000000084e+01
3.940379999999999683e+01
2.364228000000000307e+01
2.048997600000000219e+01
1.733767200000000486e+01
3.625149600000000305e+01
1.891382399999999819e+01
1.733767200000000486e+01
2.048997599999999863e+01
2.679458400000000040e+01
1.576152000000000086e+01
9.456911999999999097e+00
2.206612800000000263e+01
2.994688800000000128e+01
1.891382400000000175e+01
1.103306399999999954e+01
1.103306399999999954e+01
2.048997600000000219e+01
1.103306399999999954e+01
1.733767199999999775e+01
2.521843199999999996e+01
1.891382399999999819e+01
2.837073600000000084e+01
1.733767200000000486e+01
2.048997600000000574e+01
2.206612799999999908e+01
1.260921599999999820e+01
1.418536800000000042e+01
9.456912000000002649e+00
2.837073600000000440e+01
3.309919200000000217e+01
9.456912000000000873e+00
1.103306400000000664e+01
2.679458400000000040e+01
2.048997599999999863e+01
-4.728456000000001325e+00
2.521843199999999641e+01
2.521843199999999996e+01
2.521843199999999996e+01
1.418536799999999864e+01
2.364228000000000307e+01
3.309919200000000217e+01
9.456912000000002649e+00
1.418536800000000042e+01
3.625149600000000305e+01
2.521843199999999641e+01
1.576152000000000086e+01
1.733767199999999775e+01
3.152304000000000528e+01
3.152304000000000173e+01
3.152304000000000173e+01
1.418536799999999864e+01
6.304607999999999990e+00
4.728456000000001325e+00
2.521843200000000351e+01
2.837073600000000440e+01
2.048997600000000574e+01
2.206612799999999908e+01
2.679458400000000040e+01
2.521843200000000351e+01
1.576152000000000086e+01
2.837073600000000084e+01
2.364227999999999952e+01
2.048997599999999863e+01
3.782764800000000349e+01
2.364228000000000307e+01
1.418536800000000042e+01
2.521843199999999996e+01
2.206612799999999908e+01
1.576152000000000264e+01
2.048997599999999863e+01
3.625149600000000305e+01
2.206612800000000263e+01
2.206612799999999908e+01
9.456912000000000873e+00
2.679458400000000395e+01
2.994688799999999418e+01
4.255610399999999771e+01
1.576151999999999909e+01
2.521843200000000351e+01
2.048997599999999863e+01
2.679458400000000395e+01
1.260921600000000353e+01
1.733767199999999775e+01
1.576151999999999909e+01
1.260921599999999998e+01
1.418536800000000042e+01
1.576151999999996889e+00
3.152304000000000528e+01
3.467534400000000261e+01
3.152304000000000173e+01
2.837073599999999729e+01
3.782764800000000349e+01
2.048997599999999863e+01
1.733767199999999775e+01
1.891382399999999819e+01
1.733767200000000486e+01
1.733767200000000486e+01
6.304607999999998214e+00
2.206612799999999908e+01
4.728455999999999548e+00
2.837073600000000084e+01
2.364227999999999952e+01
1.576152000000000086e+01
2.206612800000000263e+01
7.880760000000002208e+00
-1.576151999999996889e+00
2.364227999999999952e+01
2.994688800000000128e+01
2.364227999999999952e+01
2.364227999999999952e+01
2.679458400000000040e+01
1.891382400000000175e+01
1.733767199999999775e+01
2.994688799999999418e+01
2.994688800000000128e+01
2.679458400000000040e+01
2.048997599999999863e+01
1.733767200000000486e+01
2.994688800000000128e+01
2.994688800000000484e+01
2.206612800000000263e+01
1.891382399999999819e+01
2.206612800000000263e+01
1.891382400000000175e+01
1.733767199999999775e+01
2.837073600000000084e+01
2.206612800000000263e+01
1.576151999999999731e+01
1.103306399999999954e+01
2.679458400000000040e+01
2.521843199999999996e+01
2.521843200000000351e+01
4.728456000000001325e+00
3.152304000000000883e+00
2.679458399999999330e+01
2.364227999999999952e+01
1.733767200000000130e+01
2.521843199999999996e+01
3.152304000000000883e+00
2.364227999999999952e+01
2.521843200000000706e+01
1.733767200000000130e+01
2.206612800000000263e+01
1.260921599999999998e+01
2.521843199999999996e+01
1.260921599999999998e+01
1.418536800000000042e+01
1.733767199999999775e+01
1.891382400000000175e+01
1.260921600000000353e+01
9.456912000000000873e+00
1.576151999999999731e+01
2.679458400000000040e+01
2.679458400000000395e+01
2.206612799999999908e+01
1.576152000000000264e+01
2.679458400000000040e+01
2.679458400000000040e+01
1.733767199999999775e+01
1.418536800000000397e+01
1.733767200000000130e+01
3.309919200000000217e+01
2.837073600000000084e+01
3.940379999999999683e+01
1.733767199999999775e+01
1.576151999999999909e+01
2.206612799999999908e+01
6.304608000000001766e+00
1.733767200000000486e+01
3.152304000000000173e+01
3.152304000000000173e+01
9.456912000000000873e+00
1.733767199999999775e+01
7.880760000000002208e+00
1.418536800000000042e+01
1.260921599999999998e+01
1.891382400000000175e+01
2.048997600000000219e+01
2.048997599999999863e+01
2.364227999999999952e+01
1.418536799999999864e+01
2.364228000000000307e+01
1.260921599999999998e+01
1.576152000000000442e+00
2.837073600000000084e+01
3.467534400000000261e+01
2.521843199999999996e+01
2.206612799999999908e+01
1.576151999999999909e+01
1.576152000000000086e+01
2.837073600000000440e+01
2.679458400000000040e+01
2.048997599999999863e+01
2.679458400000000040e+01
2.048997599999999863e+01
2.679458400000000040e+01
2.048997599999999863e+01
2.837073600000000084e+01
3.625149600000000305e+01
2.364227999999999952e+01
6.304607999999998214e+00
2.048997599999999863e+01
1.733767200000000130e+01
2.994688800000000128e+01
2.048997599999999863e+01
2.679458400000000395e+01
2.364228000000000307e+01
2.837073600000000084e+01
1.733767199999999775e+01
2.048997600000000219e+01
2.521843199999999996e+01
1.418536800000000042e+01
2.048997599999999863e+01
6.304608000000001766e+00
3.152304000000000883e+00
9.456912000000000873e+00
1.576152000000000264e+01
2.048997599999999863e+01
2.364227999999999952e+01
2.521843199999999996e+01
2.837073600000000084e+01
1.576152000000000264e+01
1.891382400000000175e+01
1.576152000000000086e+01
1.418536800000000397e+01
1.418536799999999864e+01
6.304608000000001766e+00
1.733767200000000486e+01
1.418536799999999864e+01
1.260921599999999820e+01
2.364227999999999952e+01
1.260921599999999820e+01
2.679458400000000395e+01
2.364227999999999952e+01
7.880759999999998655e+00
1.891382400000000530e+01
2.364227999999999952e+01
2.206612799999999908e+01
1.891382399999999819e+01
2.521843199999999996e+01
1.891382400000000175e+01
2.994688800000000128e+01
2.679458400000000040e+01
2.206612800000000263e+01
3.309919199999999506e+01
2.994688799999999418e+01
2.679458400000000040e+01
2.206612799999999908e+01
1.891382399999999819e+01
3.625149600000000305e+01
1.733767200000000130e+01
1.260921600000000353e+01
1.891382400000000175e+01
2.206612799999999908e+01
2.364228000000000662e+01
2.048997599999999863e+01
2.679458400000000040e+01
2.048997600000000219e+01
1.103306399999999776e+01
2.521843200000000351e+01
1.576152000000000086e+01
4.728455999999997772e+00
1.891382399999999819e+01
2.048997599999999863e+01
2.521843199999999996e+01
1.576151999999999909e+01
2.206612800000000263e+01
2.679458400000000040e+01
2.364228000000000662e+01
1.260921600000000353e+01
2.364227999999999952e+01
1.891382400000000175e+01
1.260921599999999820e+01
1.260921599999999998e+01
2.679458400000000040e+01
2.837073600000000084e+01
3.309919200000000217e+01
2.206612800000000263e+01
1.733767199999999775e+01
1.733767200000000130e+01
3.782764800000000349e+01
2.521843199999999996e+01
1.891382400000000175e+01
2.206612800000000618e+01
2.206612799999999908e+01
1.891382400000000175e+01
1.103306399999999776e+01
2.679458400000000040e+01
3.625149600000000305e+01
1.418536799999999864e+01
3.625149600000000305e+01
3.152304000000000528e+01
2.206612799999999908e+01
1.260921599999999998e+01
3.152304000000000173e+01
2.048997600000000219e+01
9.456912000000002649e+00
1.418536800000000042e+01
1.260921599999999998e+01
2.206612799999999908e+01
3.152304000000000173e+01
2.837073600000000084e+01
6.304608000000001766e+00
2.679458400000000040e+01
2.364228000000000307e+01
2.679458400000000040e+01
2.048997599999999863e+01
2.048997600000000574e+01
1.733767200000000486e+01
1.418536800000000220e+01
2.679458400000000395e+01
1.891382399999999819e+01
2.994688800000000128e+01
3.940380000000000393e+01
2.837073600000000084e+01
2.837073600000000084e+01
2.679458400000000040e+01
1.418536800000000042e+01
2.364227999999999952e+01
1.576152000000000086e+01
2.048997599999999863e+01
1.260921599999999820e+01
1.733767199999999775e+01
2.521843200000000706e+01
1.576152000000000264e+01
2.048997600000000219e+01
3.309919200000000217e+01
2.206612799999999908e+01
2.206612799999999908e+01
1.260921599999999998e+01
3.467534400000000261e+01
2.679458400000000040e+01
1.418536800000000220e+01
6.304607999999999990e+00
1.576152000000000264e+01
1.891382400000000530e+01
2.837073600000000084e+01
1.733767200000000486e+01
1.733767199999999775e+01
2.521843199999999996e+01
2.837073600000000084e+01
1.418536800000000042e+01
1.103306399999999776e+01
3.309919199999999506e+01
1.418536799999999864e+01
1.891382400000000175e+01
1.103306399999999954e+01
4.097995200000000438e+01
3.152304000000000173e+01
3.152304000000000173e+01
1.576152000000000264e+01
2.994688800000000128e+01
4.097995200000000438e+01
1.733767199999999775e+01
0.000000000000000000e+00
6.304607999999999990e+00
3.152304000000000173e+01
3.467534400000000261e+01
1.260921600000000176e+01
3.625149600000000305e+01
1.891382400000000175e+01
1.733767200000000130e+01
2.994688800000000484e+01
2.364228000000000662e+01
2.048997600000000219e+01
1.891382399999999819e+01
1.891382399999999819e+01
9.456911999999999097e+00
1.103306400000000309e+01
3.152304000000000528e+01
1.418536800000000042e+01
7.880760000000002208e+00
1.260921600000000353e+01
1.891382399999999819e+01
1.576151999999999909e+01
2.679458399999999330e+01
2.048997600000000219e+01
2.994688800000000128e+01
2.048997600000000219e+01
1.260921600000000353e+01
2.206612799999999908e+01
6.304607999999998214e+00
2.048997600000000574e+01
2.679458400000000040e+01
2.364228000000000307e+01
1.733767199999999775e+01
3.152304000000000173e+01
2.994688800000000128e+01
3.152304000000000173e+01
2.364227999999999952e+01
-1.576151999999996889e+00
1.733767200000000130e+01
2.837073600000000440e+01
9.456912000000002649e+00
2.837073600000000084e+01
2.364227999999999952e+01
3.309919200000000217e+01
3.309919200000000217e+01
1.733767199999999775e+01
1.576151999999999909e+01
2.206612799999999908e+01
1.733767200000000130e+01
2.679458400000000040e+01
1.891382400000000530e+01
9.456911999999999097e+00
2.837073600000000084e+01
2.364228000000000307e+01
1.733767200000000130e+01
2.679458400000000040e+01
4.728455999999997772e+00
3.152303999999999462e+01
2.521843199999999996e+01
4.255610400000000482e+01
2.994688800000000484e+01
2.364227999999999952e+01
2.364228000000000307e+01
1.103306399999999954e+01
2.837073600000000084e+01
2.679458400000000040e+01
3.467534399999999550e+01
1.260921599999999998e+01
9.456912000000000873e+00
-1.576152000000000442e+00
1.733767200000000130e+01
3.467534400000000261e+01
1.891382400000000175e+01
9.456911999999999097e+00
1.576152000000000442e+00
6.304608000000001766e+00
6.304608000000001766e+00
1.260921599999999820e+01
2.048997600000000219e+01
2.994688800000000128e+01
3.152304000000000173e+01
1.418536800000000042e+01
2.048997600000000219e+01
1.418536800000000042e+01
1.576152000000000086e+01
2.994688800000000128e+01
2.837073600000000084e+01
1.103306400000000131e+01
3.152304000000000883e+00
1.418536800000000042e+01
1.891382399999999819e+01
1.103306400000000131e+01
1.103306399999999954e+01
1.576151999999999909e+01
1.733767200000000130e+01
2.679458400000000040e+01
2.206612800000000263e+01
2.679458400000000040e+01
2.679458400000000395e+01
2.837073600000000084e+01
3.467534399999999550e+01
1.418536800000000220e+01
1.260921599999999998e+01
1.891382400000000175e+01
9.456912000000000873e+00
1.733767200000000486e+01
1.733767200000000130e+01
2.206612799999999908e+01
1.418536799999999864e+01
1.733767200000000130e+01
2.679458400000000040e+01
3.467534400000000261e+01
1.733767200000000130e+01
1.576151999999998665e+00
2.206612799999999908e+01
7.880760000000000431e+00
1.260921599999999998e+01
1.891382399999999819e+01
2.364227999999999952e+01
2.521843200000000351e+01
2.521843199999999996e+01
1.260921600000000176e+01
2.521843199999999996e+01
1.891382399999999819e+01
2.048997600000000219e+01
4.255610400000000482e+01
2.364227999999999952e+01
2.048997599999999863e+01
9.456912000000000873e+00
2.048997599999999863e+01
2.837073600000000084e+01
2.521843200000000351e+01
-3.152304000000000883e+00
1.418536800000000042e+01
2.837073600000000084e+01
1.418536799999999864e+01
1.260921599999999998e+01
2.521843200000000351e+01
1.891382399999999819e+01
1.733767199999999775e+01
4.097995199999999727e+01
1.733767199999999775e+01
1.891382400000000175e+01
2.364227999999999952e+01
2.364227999999999952e+01
1.103306399999999954e+01
1.103306400000000131e+01
1.733767200000000130e+01
9.456912000000000873e+00
1.733767200000000130e+01
2.837073600000000084e+01
2.364227999999999952e+01
1.576152000000000086e+01
9.456912000000002649e+00
3.152304000000000528e+01
3.782764800000000349e+01
2.679458400000000040e+01
1.576151999999996889e+00
1.418536800000000220e+01
2.837073600000000084e+01
2.364227999999999952e+01
3.625149600000000305e+01
2.837073600000000084e+01
2.364227999999999952e+01
4.728456000000001325e+00
1.733767200000000486e+01
2.206612799999999908e+01
2.206612800000000263e+01
9.456912000000002649e+00
2.206612800000000263e+01
3.625149600000000305e+01
1.891382399999999819e+01
1.733767200000000130e+01
0.000000000000000000e+00
3.309919200000000217e+01
2.364228000000000307e+01
2.206612799999999908e+01
3.467534400000000261e+01
2.679458400000000395e+01
2.206612799999999908e+01
2.521843199999999996e+01
1.891382400000000175e+01
2.364228000000000307e+01
2.679458400000000040e+01
3.152304000000000173e+01
1.733767199999999775e+01
1.418536800000000042e+01
1.260921599999999998e+01
6.304608000000001766e+00
2.994688800000000128e+01
1.733767199999999775e+01
1.260921600000000176e+01
2.837073600000000084e+01
1.260921599999999998e+01
2.048997599999999863e+01
2.521843199999999996e+01
1.418536800000000042e+01
1.576152000000000442e+00
2.994688800000000128e+01
4.728455999999999548e+00
2.206612799999999908e+01
2.679458400000000040e+01
2.994688800000000128e+01
7.880760000000000431e+00
2.048997599999999863e+01
2.364227999999999952e+01
1.733767199999999775e+01
3.152304000000000173e+01
2.994688800000000128e+01
2.364227999999999952e+01
2.206612799999999908e+01
1.891382399999999819e+01
1.576152000000000442e+00
7.880759999999998655e+00
1.891382399999999819e+01
2.048997599999999863e+01
9.456912000000000873e+00
2.048997599999999863e+01
2.364228000000000307e+01
2.364227999999999952e+01
4.728456000000000437e+00
2.048997599999999863e+01
3.467534400000000261e+01
2.048997599999999863e+01
1.418536800000000042e+01
2.048997599999999863e+01
1.733767200000000130e+01
2.048997599999999863e+01
2.364227999999999952e+01
1.733767199999999775e+01
2.837073600000000084e+01
1.891382400000000175e+01
1.576152000000000086e+01
2.837073600000000084e+01
2.206612800000000263e+01
6.304608000000001766e+00
9.456912000000000873e+00
6.304607999999999102e+00
1.418536800000000042e+01
3.309919200000000217e+01
2.837073600000000084e+01
1.576152000000000264e+01
1.733767200000000130e+01
1.891382400000000175e+01
1.576152000000000086e+01
1.576152000000000442e+00
2.837073600000000084e+01
2.521843199999999996e+01
2.679458400000000040e+01
1.733767200000000130e+01
1.260921599999999998e+01
2.048997600000000219e+01
2.521843199999999996e+01
1.733767200000000130e+01
2.521843199999999996e+01
1.260921599999999820e+01
1.733767199999999775e+01
4.728456000000001325e+00
1.576152000000000086e+01
2.521843200000000351e+01
1.576151999999999731e+01
4.728456000000001325e+00
1.576152000000000086e+01
2.994688800000000128e+01
1.260921599999999820e+01
2.364228000000000307e+01
1.576152000000000086e+01
9.456912000000000873e+00
1.733767199999999775e+01
1.576152000000000264e+01
3.152304000000000173e+01
3.467534400000000261e+01
2.837073600000000084e+01
3.467534400000000261e+01
1.891382400000000175e+01
2.521843199999999996e+01
2.364227999999999952e+01
3.152303999999999995e+00
6.304608000000001766e+00
2.521843199999999996e+01
3.309919200000000217e+01
1.576152000000000086e+01
2.521843199999999996e+01
2.206612799999999908e+01
2.521843199999999996e+01
1.103306399999999954e+01
4.728456000000001325e+00
6.304607999999999990e+00
3.309919200000000217e+01
2.206612799999999908e+01
1.103306399999999954e+01
1.733767200000000130e+01
2.521843199999999996e+01
2.048997600000000219e+01
2.364227999999999952e+01
1.733767200000000130e+01
1.418536799999999864e+01
3.309919200000000217e+01
1.103306399999999776e+01
1.103306400000000131e+01
2.837073600000000084e+01
2.994688800000000128e+01
1.733767199999999775e+01
1.733767200000000130e+01
1.576151999999999731e+01
9.456912000000000873e+00
2.206612800000000263e+01
2.521843199999999996e+01
2.679458400000000040e+01
1.103306400000000131e+01
2.048997599999999863e+01
1.418536799999999864e+01
1.576151999999999553e+00
3.152304000000000883e+00
9.456912000000000873e+00
2.521843199999999996e+01
1.260921600000000176e+01
1.891382400000000175e+01
1.260921599999999998e+01
9.456912000000000873e+00
1.733767199999999775e+01
2.679458400000000040e+01
1.576152000000000086e+01
1.891382400000000175e+01
2.679458400000000040e+01
2.994688800000000128e+01
1.260921599999999820e+01
3.309919200000000217e+01
6.304608000000001766e+00
1.260921599999999998e+01
1.891382399999999819e+01
1.260921600000000176e+01
1.103306399999999954e+01
2.206612799999999908e+01
3.467534400000000261e+01
1.891382399999999819e+01
1.576152000000002218e+00
1.891382400000000175e+01
2.521843200000000706e+01
9.456912000000000873e+00
2.206612800000000263e+01
1.891382399999999819e+01
2.521843199999999996e+01
9.456912000000000873e+00
1.891382400000000175e+01
4.413225600000000526e+01
2.837073600000000084e+01
2.206612800000000263e+01
1.103306399999999954e+01
2.206612800000000263e+01
1.733767200000000130e+01
2.206612799999999908e+01
1.891382399999999819e+01
2.206612800000000263e+01
1.891382400000000175e+01
4.728455999999999548e+00
2.048997599999999863e+01
2.364228000000000307e+01
1.891382399999999819e+01
1.418536800000000220e+01
3.309919200000000217e+01
3.467534400000000261e+01
2.994688800000000128e+01
2.206612799999999908e+01
9.456912000000000873e+00
2.048997600000000219e+01
9.456912000000000873e+00
1.891382399999999819e+01
1.733767200000000130e+01
2.679458400000000040e+01
2.837073600000000084e+01
2.837073600000000084e+01
1.576152000000000086e+01
3.152304000000000883e+00
1.891382400000000175e+01
2.048997600000000219e+01
3.309919200000000217e+01
2.364228000000000307e+01
3.152304000000000173e+01
2.521843199999999996e+01
2.521843200000000351e+01
9.456912000000000873e+00
1.418536800000000042e+01
6.304607999999999990e+00
1.576152000000000264e+01
2.206612800000000263e+01
7.880760000000000431e+00
1.576152000000002218e+00
2.364228000000000307e+01
2.206612799999999908e+01
2.521843200000000351e+01
1.891382400000000175e+01
2.679458400000000040e+01
3.152304000000000173e+01
1.733767200000000130e+01
1.260921599999999998e+01
1.260921600000000353e+01
2.206612799999999908e+01
1.418536800000000042e+01
9.456911999999999097e+00
1.103306399999999954e+01
2.521843199999999996e+01
2.679458400000000040e+01
1.576151999999999909e+01
1.891382400000000175e+01
2.206612799999999908e+01
1.576152000000000086e+01
1.576152000000000264e+01
1.891382400000000175e+01
1.891382400000000175e+01
2.206612799999999908e+01
1.418536800000000042e+01
1.733767199999999775e+01
3.782764799999999639e+01
2.994688800000000128e+01
2.364228000000000307e+01
2.206612799999999908e+01
2.364227999999999952e+01
1.103306399999999954e+01
7.880760000000000431e+00
1.576152000000002218e+00
9.456912000000000873e+00
2.837073600000000084e+01
6.304608000000001766e+00
1.733767199999999775e+01
1.260921599999999998e+01
1.576152000000000264e+01
9.456912000000000873e+00
1.891382400000000175e+01
2.679458400000000395e+01
2.364227999999999952e+01
2.521843199999999996e+01
2.521843200000000351e+01
2.521843200000000351e+01
1.418536800000000042e+01
3.467534399999999550e+01
3.467534400000000261e+01
2.521843200000000351e+01
1.733767200000000130e+01
1.260921599999999998e+01
2.679458400000000040e+01
1.576152000000000086e+01
2.048997600000000219e+01
2.048997599999999863e+01
2.048997600000000219e+01
1.103306400000000131e+01
1.103306400000000309e+01
3.309919200000000217e+01
2.837073600000000084e+01
2.521843199999999996e+01
3.309919200000000217e+01
1.891382399999999819e+01
2.048997599999999863e+01
2.521843199999999996e+01
3.309919200000000217e+01
6.304607999999999102e+00
9.456912000000000873e+00
1.576152000000000442e+01
2.837073600000000084e+01
3.467534400000000261e+01
2.364227999999999952e+01
2.206612800000000618e+01
3.309919200000000217e+01
3.625149600000000305e+01
3.152304000000000173e+01
2.048997600000000219e+01
6.304607999999999990e+00
1.576151999999999731e+01
9.456911999999999097e+00
1.733767199999999775e+01
2.048997599999999863e+01
3.152304000000000173e+01
2.837073600000000084e+01
3.467534400000000261e+01
2.837073600000000084e+01
9.456912000000000873e+00
1.103306399999999776e+01
1.576151999999998665e+00
6.304608000000001766e+00
2.364227999999999952e+01
1.891382399999999819e+01
1.576152000000000086e+01
1.891382399999999819e+01
2.206612799999999908e+01
2.206612800000000263e+01
2.364227999999999952e+01
3.152303999999997330e+00
3.467534400000000261e+01
1.733767199999999775e+01
1.576152000000000086e+01
1.418536800000000220e+01
1.418536799999999864e+01
3.940380000000000393e+01
2.521843199999999996e+01
2.048997600000000219e+01
1.733767199999999775e+01
1.576152000000000086e+01
1.891382399999999819e+01
1.418536800000000042e+01
1.418536799999999864e+01
2.837073600000000084e+01
2.206612800000000263e+01
1.733767200000000130e+01
2.364228000000000307e+01
2.521843199999999996e+01
2.048997599999999863e+01
1.733767200000000486e+01
1.576152000000000264e+01
9.456911999999999097e+00
-1.576152000000000442e+00
2.994688800000000128e+01
2.994688800000000128e+01
1.891382400000000175e+01
7.880760000000002208e+00
1.418536800000000220e+01
1.260921600000000176e+01
6.304607999999999102e+00
7.880760000000001320e+00
4.728455999999999548e+00
2.994688800000000128e+01
2.521843199999999996e+01
1.733767200000000486e+01
3.152304000000000173e+01
2.837073600000000084e+01
3.152304000000000173e+01
1.733767200000000130e+01
-1.576152000000000442e+00
2.679458400000000040e+01
2.206612800000000263e+01
7.880760000000002208e+00
2.206612799999999908e+01
1.891382400000000175e+01
1.733767200000000130e+01
2.679458400000000040e+01
2.679458400000000040e+01
2.994688800000000128e+01
3.625149600000000305e+01
2.206612800000000263e+01
3.152304000000000173e+01
4.728456000000000437e+00
2.206612799999999908e+01
3.309919200000000217e+01
2.206612799999999908e+01
9.456911999999999097e+00
2.837073600000000084e+01
2.521843199999999996e+01
4.728456000000001325e+00
1.103306399999999954e+01
3.152304000000000173e+01
9.456912000000000873e+00
2.521843199999999996e+01
9.456912000000000873e+00
2.206612799999999908e+01
3.152304000000000173e+01
2.837073600000000084e+01
9.456912000000002649e+00
1.733767200000000130e+01
2.679458400000000040e+01
1.891382400000000175e+01
2.521843199999999996e+01
1.418536800000000220e+01
1.260921599999999998e+01
4.728456000000001325e+00
1.260921600000000176e+01
2.364227999999999952e+01
3.782764799999999639e+01
1.418536800000000042e+01
2.048997599999999863e+01
1.103306400000000309e+01
2.521843199999999996e+01
2.048997599999999863e+01
1.260921599999999998e+01
2.994688800000000128e+01
4.413225599999999815e+01
2.048997600000000219e+01
2.837073600000000084e+01
2.521843199999999996e+01
1.733767200000000130e+01
2.679458400000000040e+01
1.418536800000000042e+01
1.733767200000000486e+01
2.048997600000000219e+01
1.103306399999999954e+01
1.576152000000000086e+01
7.880760000000001320e+00
2.521843199999999996e+01
2.679458400000000040e+01
3.467534400000000261e+01
2.364228000000000307e+01
2.994688800000000128e+01
2.837073600000000084e+01
7.880760000000000431e+00
1.418536800000000042e+01
1.260921599999999820e+01
3.152303999999997330e+00
2.364228000000000307e+01
3.152304000000000173e+01
2.364228000000000307e+01
3.309919200000000217e+01
2.206612799999999908e+01
2.837073599999999729e+01
1.733767199999999775e+01
7.880760000000000431e+00
1.418536799999999864e+01
1.576151999999999731e+01
2.364227999999999952e+01
2.837073600000000084e+01
2.994688800000000128e+01
2.521843199999999996e+01
4.728456000000001325e+00
1.260921599999999820e+01
2.994688800000000128e+01
3.152304000000000173e+01
3.309919200000000217e+01
1.418536800000000220e+01
1.576152000000000086e+01
9.456911999999999097e+00
2.206612800000000263e+01
7.880759999999996879e+00
1.103306399999999954e+01
2.364227999999999952e+01
2.364228000000000307e+01
3.467534400000000261e+01
2.048997600000000219e+01
2.521843199999999996e+01
1.733767199999999775e+01
9.456911999999999097e+00
6.304608000000001766e+00
1.418536799999999864e+01
1.103306400000000131e+01
1.103306399999999954e+01
1.103306400000000131e+01
2.048997599999999863e+01
3.152304000000000173e+01
2.679458400000000040e+01
2.837073599999999729e+01
1.576152000000000086e+01
1.418536800000000220e+01
1.733767199999999775e+01
2.364228000000000307e+01
4.413225599999999815e+01
2.521843199999999996e+01
2.206612800000000263e+01
9.456912000000000873e+00
6.304607999999999990e+00
1.103306400000000131e+01
9.456912000000000873e+00
2.206612799999999908e+01
2.521843199999999996e+01
4.728455999999999548e+00
2.837073600000000084e+01
2.364227999999999952e+01
1.576152000000000086e+01
2.206612799999999908e+01
1.260921600000000176e+01
2.206612799999999908e+01
1.733767199999999775e+01
1.891382400000000175e+01
1.418536799999999864e+01
1.891382400000000175e+01
2.679458400000000040e+01
1.733767200000000130e+01
2.521843199999999996e+01
2.206612800000000263e+01
9.456912000000000873e+00
7.880760000000001320e+00
9.456911999999999097e+00
2.679458400000000040e+01
2.837073600000000084e+01
3.309919200000000217e+01
3.309919200000000217e+01
1.260921599999999820e+01
1.576151999999999731e+01
1.891382400000000175e+01
2.206612800000000263e+01
1.891382400000000175e+01
2.994688800000000128e+01
2.364227999999999952e+01
1.733767200000000130e+01
1.891382400000000175e+01
2.521843199999999996e+01
1.418536800000000220e+01
1.418536799999999864e+01
1.576152000000000264e+01
2.206612799999999908e+01
2.837073600000000084e+01
2.048997600000000219e+01
1.260921600000000176e+01
2.364228000000000307e+01
1.260921599999999998e+01
2.837073600000000084e+01
2.994688800000000128e+01
2.521843200000000351e+01
1.260921600000000176e+01
3.625149600000000305e+01
1.418536800000000220e+01
2.048997599999999863e+01
1.103306399999999776e+01
2.521843199999999996e+01
2.521843199999999996e+01
3.467534399999999550e+01
3.309919200000000217e+01
2.206612800000000263e+01
2.048997600000000219e+01
3.309919200000000217e+01
2.837073600000000084e+01
3.152303999999999817e+01
2.679458400000000040e+01
1.418536800000000042e+01
1.733767200000000130e+01
2.679458400000000040e+01
1.733767199999999775e+01
2.679458400000000040e+01
2.206612799999999908e+01
1.576152000000000086e+01
1.733767199999999775e+01
2.048997600000000219e+01
2.206612800000000263e+01
4.255610400000000482e+01
2.048997599999999863e+01
2.679458400000000040e+01
4.728456000000001325e+00
-9.456912000000000873e+00
1.733767200000000130e+01
9.456911999999999097e+00
2.048997600000000219e+01
2.679458400000000040e+01
2.206612799999999908e+01
2.364227999999999952e+01
2.048997599999999863e+01
1.260921599999999998e+01
2.679458400000000040e+01
2.994688800000000128e+01
3.625149600000000305e+01
1.576152000000000086e+01
1.576152000000000264e+01
2.206612799999999908e+01
1.891382400000000175e+01
1.418536800000000042e+01
7.880759999999998655e+00
3.152304000000000173e+01
3.152304000000000173e+01
2.364227999999999952e+01
1.418536800000000042e+01
2.364227999999999952e+01
1.733767199999999775e+01
2.048997599999999863e+01
1.260921599999999998e+01
2.048997600000000219e+01
2.048997599999999863e+01
1.891382400000000175e+01
1.576152000000000264e+01
1.576152000000000086e+01
9.456912000000002649e+00
1.576152000000000442e+00
1.733767200000000130e+01
1.103306399999999776e+01
1.576152000000000264e+01
2.521843199999999996e+01
1.891382399999999819e+01
1.418536800000000220e+01
1.103306400000000131e+01
9.456912000000000873e+00
2.679458400000000040e+01
9.456912000000000873e+00
1.260921600000000176e+01
2.206612799999999908e+01
2.364227999999999952e+01
1.418536799999999864e+01
1.891382399999999819e+01
4.728456000000001325e+00
1.733767200000000130e+01
2.679458400000000040e+01
7.880760000000000431e+00
1.891382400000000175e+01
2.206612799999999908e+01
2.206612799999999908e+01
2.206612800000000263e+01
3.152304000000000173e+01
1.733767200000000130e+01
3.309919200000000217e+01
2.521843199999999996e+01
3.152304000000000173e+01
1.891382400000000175e+01
2.521843200000000351e+01
2.048997599999999863e+01
2.364227999999999952e+01
3.152303999999999817e+01
2.206612799999999908e+01
1.733767199999999775e+01
3.309919200000000217e+01
1.891382399999999819e+01
2.364228000000000307e+01
3.309919200000000217e+01
2.994688800000000128e+01
1.891382400000000175e+01
2.048997600000000219e+01
9.456912000000000873e+00
1.891382399999999819e+01
1.733767200000000130e+01
1.891382399999999819e+01
2.048997599999999863e+01
2.364227999999999952e+01
4.097995199999999727e+01
2.206612800000000263e+01
1.260921599999999820e+01
0.000000000000000000e+00
2.048997600000000219e+01
2.206612799999999908e+01
4.097995200000000438e+01
2.521843199999999996e+01
2.048997600000000219e+01
2.048997599999999863e+01
2.048997599999999863e+01
2.048997599999999863e+01
1.103306400000000131e+01
2.048997599999999863e+01
3.309919200000000217e+01
1.891382400000000175e+01
3.309919200000000217e+01
2.837073600000000084e+01
2.521843200000000351e+01
2.837073600000000084e+01
1.260921600000000353e+01
3.152304000000000173e+01
1.576152000000000264e+01
2.048997600000000219e+01
9.456911999999999097e+00
1.260921599999999998e+01
2.206612800000000263e+01
1.260921599999999998e+01
2.521843199999999996e+01
3.152304000000000883e+00
6.304607999999999990e+00
1.891382399999999819e+01
3.309919200000000217e+01
2.994688800000000128e+01
2.679458400000000040e+01
6.304607999999999990e+00
9.456912000000000873e+00
2.048997599999999863e+01
1.733767200000000130e+01
2.679458400000000040e+01
1.418536800000000042e+01
1.733767199999999775e+01
2.679458400000000040e+01
2.206612799999999908e+01
2.521843200000000351e+01
2.679458400000000040e+01
2.521843199999999996e+01
1.891382399999999819e+01
1.891382399999999819e+01
2.837073600000000084e+01
1.103306399999999776e+01
1.891382399999999819e+01
2.206612799999999908e+01
2.679458400000000395e+01
2.837073600000000084e+01
1.576151999999999731e+01
1.418536800000000042e+01
3.625149600000000305e+01
2.364227999999999952e+01
2.364228000000000307e+01
2.521843199999999996e+01
2.048997600000000219e+01
2.679458400000000040e+01
2.837073600000000084e+01
1.891382399999999819e+01
1.260921600000000176e+01
2.521843199999999996e+01
1.418536800000000042e+01
2.521843199999999996e+01
1.576152000000000086e+01
1.418536800000000042e+01
1.733767200000000130e+01
2.994688800000000128e+01
2.364227999999999952e+01
3.152304000000000173e+01
1.891382400000000175e+01
1.733767199999999775e+01
1.576152000000000086e+01
3.467534400000000261e+01
2.837073600000000084e+01
1.576152000000000264e+01
2.679458400000000040e+01
2.048997600000000219e+01
1.891382399999999819e+01
7.880759999999996879e+00
1.733767200000000486e+01
2.679458400000000040e+01
1.576152000000000086e+01
2.521843199999999996e+01
2.364227999999999952e+01
1.891382399999999819e+01
2.679458400000000040e+01
2.048997599999999863e+01
2.679458400000000040e+01
1.891382400000000175e+01
2.048997600000000219e+01
1.418536800000000220e+01
1.576152000000000442e+00
2.837073600000000084e+01
1.576152000000000086e+01
1.418536800000000042e+01
2.206612799999999908e+01
3.467534400000000261e+01
2.837073600000000084e+01
2.521843199999999996e+01
1.260921599999999820e+01
1.260921600000000176e+01
2.837073600000000084e+01
3.309919200000000217e+01
1.103306399999999954e+01
1.260921600000000176e+01
1.576151999999999909e+01
2.837073600000000440e+01
1.418536800000000220e+01
2.364227999999999952e+01
2.994688800000000128e+01
2.679458400000000040e+01
1.891382399999999819e+01
2.521843199999999996e+01
2.994688800000000128e+01
1.260921599999999998e+01
2.837073600000000084e+01
2.048997599999999863e+01
1.418536800000000042e+01
3.152304000000000173e+01
3.152304000000000173e+01
1.260921599999999998e+01
3.152304000000000173e+01
3.782764799999999639e+01
1.418536800000000220e+01
2.364228000000000307e+01
2.521843200000000351e+01
2.364227999999999952e+01
2.837073600000000084e+01
3.152304000000000173e+01
9.456911999999999097e+00
3.152304000000000173e+01
2.048997600000000219e+01
1.260921599999999820e+01
1.733767200000000130e+01
2.364227999999999952e+01
3.782764799999999639e+01
1.733767200000000130e+01
1.576151999999999731e+01
2.521843199999999996e+01
1.576152000000000264e+01
2.679458400000000040e+01
-1.576151999999999553e+00
6.304607999999999990e+00
4.413225599999999815e+01
2.364228000000000307e+01
1.733767199999999775e+01
1.891382400000000175e+01
2.994688800000000128e+01
2.206612800000000263e+01
3.782764800000000349e+01
2.837073600000000084e+01
6.304607999999999990e+00
2.048997600000000219e+01
1.576152000000000086e+01
1.260921599999999998e+01
1.733767200000000486e+01
2.364227999999999952e+01
3.309919200000000217e+01
4.097995200000000438e+01
2.521843199999999996e+01
2.364228000000000307e+01
2.521843199999999996e+01
2.837073600000000084e+01
2.048997600000000219e+01
1.733767200000000130e+01
2.206612800000000263e+01
2.837073600000000084e+01
1.891382399999999819e+01
3.625149600000000305e+01
1.891382400000000175e+01
1.260921599999999998e+01
7.880760000000000431e+00
1.576152000000000086e+01
2.048997599999999863e+01
1.891382399999999819e+01
2.048997600000000219e+01
3.152304000000000883e+00
1.418536800000000220e+01
1.418536799999999864e+01
1.103306399999999776e+01
9.456912000000000873e+00
1.891382400000000175e+01
2.206612800000000263e+01
2.206612799999999908e+01
2.837073599999999729e+01
3.309919200000000217e+01
1.891382399999999819e+01
1.260921599999999820e+01
1.103306400000000309e+01
2.521843199999999996e+01
2.206612799999999908e+01
1.891382399999999819e+01
2.048997600000000219e+01
2.206612799999999908e+01
9.456911999999999097e+00
1.418536800000000042e+01
1.103306399999999954e+01
3.309919200000000217e+01
2.521843199999999996e+01
1.891382399999999819e+01
2.837073600000000440e+01
2.206612800000000263e+01
2.521843199999999996e+01
2.364228000000000307e+01
1.576152000000000086e+01
1.260921600000000353e+01
1.576152000000000442e+00
1.260921600000000176e+01
3.152304000000000173e+01
4.255610400000000482e+01
2.364227999999999952e+01
2.364227999999999952e+01
1.576151999999998665e+00
2.048997599999999863e+01
1.260921599999999998e+01
1.576152000000000086e+01
2.048997599999999863e+01
2.048997600000000219e+01
2.521843199999999996e+01
2.048997600000000219e+01
1.418536800000000042e+01
2.048997599999999863e+01
3.152303999999999995e+00
2.048997599999999863e+01
3.309919200000000217e+01
1.576152000000000086e+01
2.048997600000000219e+01
2.206612799999999908e+01
2.048997600000000219e+01
1.576151999999999909e+01
7.880759999999996879e+00
1.103306399999999954e+01
9.456912000000000873e+00
1.891382399999999819e+01
6.304608000000001766e+00
1.733767200000000130e+01
3.152304000000000173e+01
2.206612800000000263e+01
1.891382400000000175e+01
2.206612799999999908e+01
2.679458400000000395e+01
6.304607999999999990e+00
6.304607999999999990e+00
2.048997599999999863e+01
2.837073600000000084e+01
3.782764799999999639e+01
2.521843199999999996e+01
1.260921599999999998e+01
2.048997599999999863e+01
1.891382400000000175e+01
2.206612799999999908e+01
2.364227999999999952e+01
9.456912000000000873e+00
1.103306400000000131e+01
1.733767200000000130e+01
7.880759999999999543e+00
2.048997599999999863e+01
2.048997599999999863e+01
2.206612799999999908e+01
1.576152000000000086e+01
9.456911999999999097e+00
2.048997599999999863e+01
1.418536800000000042e+01
1.103306399999999954e+01
9.456911999999999097e+00
1.260921599999999998e+01
2.364227999999999952e+01
3.309919200000000217e+01
2.994688800000000128e+01
2.206612800000000263e+01
1.733767200000000486e+01
4.728455999999999548e+00
2.364227999999999952e+01
2.994688800000000128e+01
3.309919200000000217e+01
2.206612799999999908e+01
1.418536800000000042e+01
3.152303999999999107e+00
1.103306400000000131e+01
1.891382399999999819e+01
2.837073600000000084e+01
3.625149600000000305e+01
4.097995200000000438e+01
2.521843199999999996e+01
3.152304000000000173e+01
2.994688800000000484e+01
3.625149600000000305e+01
1.260921600000000176e+01
1.103306399999999954e+01
3.467534400000000261e+01
4.097995200000000438e+01
4.097995200000000438e+01
3.467534400000000261e+01
2.206612800000000263e+01
2.521843199999999996e+01
2.994688800000000128e+01
9.456912000000000873e+00
2.679458400000000040e+01
3.152304000000000173e+01
3.152304000000000173e+01
1.891382399999999819e+01
1.260921600000000353e+01
1.733767200000000130e+01
2.048997600000000219e+01
3.152303999999999995e+00
1.260921599999999998e+01
3.782764800000000349e+01
3.309919200000000217e+01
2.679458400000000040e+01
2.521843200000000351e+01
1.733767199999999775e+01
2.837073600000000084e+01
3.782764800000000349e+01
2.994688800000000128e+01
2.994688800000000128e+01
2.521843199999999996e+01
1.418536800000000042e+01
2.837073600000000084e+01
1.260921599999999820e+01
2.679458400000000395e+01
3.467534400000000261e+01
1.733767199999999775e+01
1.733767200000000130e+01
2.521843200000000351e+01
2.206612799999999908e+01
3.152304000000000173e+01
1.733767199999999775e+01
1.260921599999999998e+01
3.782764800000000349e+01
2.364228000000000307e+01
1.260921600000000176e+01
2.994688800000000128e+01
2.679458400000000040e+01
1.260921600000000353e+01
1.891382400000000175e+01
1.891382399999999819e+01
2.679458400000000040e+01
1.576151999999999731e+01
2.206612800000000263e+01
1.891382400000000175e+01
2.364227999999999952e+01
7.880759999999996879e+00
1.418536799999999864e+01
1.891382399999999819e+01
2.837073600000000084e+01
2.521843199999999996e+01
2.679458400000000040e+01
3.152304000000000173e+01
2.679458400000000040e+01
1.260921599999999998e+01
9.456911999999999097e+00
1.891382399999999819e+01
2.994688800000000128e+01
2.364227999999999952e+01
2.679458400000000040e+01
2.364227999999999952e+01
1.576152000000000086e+01
2.048997600000000219e+01
1.891382400000000175e+01
2.364227999999999952e+01
3.152304000000000173e+01
2.364228000000000307e+01
2.994688800000000128e+01
3.309919200000000217e+01
3.309919200000000217e+01
4.728455999999997772e+00
0.000000000000000000e+00
2.837073600000000084e+01
2.206612799999999908e+01
3.309919200000000217e+01
0.000000000000000000e+00
1.576152000000000086e+01
2.206612799999999908e+01
3.940380000000000393e+01
3.782764800000000349e+01
3.625149600000000305e+01
1.733767200000000130e+01
1.891382400000000175e+01
2.364227999999999952e+01
1.260921600000000176e+01
1.418536800000000042e+01
2.206612800000000263e+01
1.260921599999999998e+01
6.304608000000001766e+00
1.733767200000000130e+01
1.733767199999999775e+01
2.679458400000000040e+01
3.152304000000000173e+01
2.837073600000000084e+01
9.456911999999999097e+00
2.048997599999999863e+01
1.576152000000000086e+01
1.103306400000000309e+01
1.891382399999999819e+01
2.206612799999999908e+01
1.576152000000000264e+01
2.679458400000000040e+01
2.679458400000000040e+01
2.679458400000000040e+01
2.364228000000000307e+01
1.891382400000000175e+01
2.521843200000000351e+01
1.418536800000000042e+01
2.837073600000000084e+01
2.679458400000000040e+01
1.576152000000000086e+01
2.994688800000000128e+01
1.576152000000000264e+01
2.521843200000000351e+01
2.837073600000000084e+01
1.733767200000000130e+01
2.364228000000000307e+01
2.364227999999999952e+01
7.880760000000001320e+00
1.418536800000000042e+01
2.048997600000000219e+01
2.521843200000000351e+01
2.521843199999999996e+01
2.679458400000000040e+01
2.837073600000000084e+01
1.891382399999999819e+01
2.364228000000000307e+01
3.625149600000000305e+01
2.837073600000000084e+01
2.206612799999999908e+01
2.364227999999999952e+01
3.309919200000000217e+01
2.521843199999999996e+01
1.733767199999999775e+01
1.418536800000000042e+01
1.733767199999999775e+01
1.891382400000000175e+01
3.152304000000000173e+01
2.679458400000000040e+01
2.364228000000000307e+01
1.103306400000000309e+01
2.364227999999999952e+01
2.994688800000000128e+01
1.418536800000000042e+01
1.576152000000000264e+01
2.994688800000000128e+01
2.206612800000000263e+01
3.309919200000000217e+01
3.625149600000000305e+01
2.521843199999999996e+01
1.891382399999999819e+01
1.891382400000000175e+01
2.994688800000000128e+01
3.940380000000000393e+01
2.364228000000000307e+01
3.152304000000000528e+01
2.521843199999999996e+01
3.309919200000000217e+01
2.521843199999999996e+01
2.837073599999999729e+01
2.994688800000000128e+01
2.364227999999999952e+01
1.733767200000000130e+01
1.418536800000000220e+01
1.103306399999999954e+01
1.418536799999999864e+01
2.048997600000000219e+01
2.679458400000000040e+01
2.048997599999999863e+01
2.048997599999999863e+01
2.364227999999999952e+01
2.837073600000000084e+01
2.837073599999999729e+01
2.837073600000000084e+01
2.837073600000000084e+01
2.206612799999999908e+01
1.733767199999999775e+01
3.309919200000000217e+01
2.679458400000000040e+01
3.467534400000000261e+01
2.048997599999999863e+01
1.103306399999999954e+01
1.891382399999999819e+01
2.048997599999999863e+01
2.679458400000000395e+01
2.364227999999999952e+01
1.260921600000000176e+01
2.206612800000000263e+01
3.467534400000000261e+01
2.364227999999999952e+01
2.679458400000000040e+01
7.880760000000000431e+00
4.728455999999999548e+00
2.364228000000000307e+01
2.364227999999999952e+01
2.679458400000000040e+01
3.309919200000000217e+01
2.521843199999999996e+01
1.891382400000000175e+01
2.837073600000000084e+01
1.733767199999999775e+01
1.418536800000000220e+01
2.679458400000000040e+01
1.733767199999999775e+01
2.048997600000000219e+01
1.891382400000000175e+01
2.364227999999999952e+01
2.521843200000000351e+01
2.206612800000000263e+01
2.521843199999999996e+01
4.255610400000000482e+01
2.206612799999999908e+01
2.048997600000000219e+01
2.048997599999999863e+01
7.880760000000000431e+00
2.994688800000000128e+01
2.679458400000000395e+01
3.309919200000000217e+01
2.994688800000000128e+01
3.467534400000000261e+01
3.940380000000000393e+01
2.048997600000000219e+01
2.837073600000000084e+01
9.456912000000000873e+00
9.456912000000000873e+00
2.206612800000000263e+01
1.418536800000000220e+01
1.733767199999999775e+01
2.994688800000000128e+01
2.679458400000000040e+01
2.206612799999999908e+01
2.521843199999999996e+01
2.994688800000000128e+01
2.521843199999999996e+01
2.679458400000000040e+01
1.260921599999999998e+01
1.891382399999999819e+01
2.048997599999999863e+01
1.103306399999999954e+01
1.576151999999999909e+01
1.891382400000000175e+01
1.418536800000000042e+01
1.891382399999999819e+01
2.364227999999999952e+01
2.994688800000000128e+01
2.837073600000000084e+01
3.467534399999999550e+01
2.048997599999999863e+01
1.260921599999999998e+01
4.728456000000000437e+00
1.891382400000000175e+01
1.103306400000000309e+01
3.309919200000000217e+01
2.206612799999999908e+01
4.570840800000000570e+01
1.260921599999999998e+01
2.048997599999999863e+01
3.309919200000000217e+01
4.255610400000000482e+01
1.733767200000000486e+01
7.880760000000002208e+00
2.048997600000000219e+01
3.940380000000000393e+01
3.467534400000000261e+01
3.782764799999999639e+01
2.679458400000000040e+01
2.521843200000000351e+01
1.733767199999999775e+01
1.576152000000000086e+01
1.260921600000000176e+01
1.103306399999999954e+01
2.837073600000000084e+01
3.309919200000000217e+01
3.625149600000000305e+01
2.994688800000000128e+01
2.364227999999999952e+01
3.467534399999999550e+01
3.309919200000000217e+01
2.206612800000000263e+01
2.364228000000000307e+01
2.521843199999999996e+01
1.891382400000000175e+01
1.733767199999999775e+01
4.570840799999999859e+01
2.364228000000000307e+01
1.418536800000000042e+01
2.679458400000000040e+01
2.206612799999999908e+01
2.837073600000000084e+01
2.994688800000000128e+01
3.467534400000000261e+01
3.309919200000000217e+01
2.521843199999999996e+01
3.309919200000000217e+01
2.048997600000000219e+01
2.364228000000000307e+01
1.260921599999999998e+01
3.309919200000000217e+01
1.733767200000000130e+01
2.679458400000000040e+01
2.206612799999999908e+01
1.891382400000000175e+01
1.576152000000000086e+01
7.880760000000000431e+00
2.048997600000000219e+01
9.456912000000000873e+00
2.048997599999999863e+01
3.152304000000000173e+01
3.467534400000000261e+01
1.576152000000000264e+01
9.456912000000000873e+00
2.364227999999999952e+01
1.733767200000000130e+01
2.206612800000000263e+01
2.837073600000000084e+01
9.456911999999999097e+00
2.679458400000000040e+01
2.521843199999999996e+01
3.309919200000000217e+01
2.364228000000000307e+01
2.048997600000000219e+01
2.206612800000000263e+01
1.260921600000000176e+01
2.521843199999999996e+01
2.994688800000000128e+01
2.048997599999999863e+01
1.418536799999999864e+01
2.837073600000000084e+01
2.837073600000000084e+01
2.521843199999999996e+01
2.521843199999999996e+01
1.891382400000000175e+01
4.413225599999999815e+01
3.152303999999999817e+01
3.940380000000000393e+01
1.418536800000000042e+01
1.576152000000000086e+01
3.467534400000000261e+01
2.521843199999999996e+01
2.521843199999999996e+01
1.260921599999999998e+01
7.880760000000000431e+00
2.994688800000000128e+01
3.309919200000000217e+01
9.456911999999999097e+00
1.103306399999999954e+01
1.103306399999999954e+01
2.521843199999999996e+01
2.994688800000000128e+01
1.418536800000000042e+01
2.521843199999999996e+01
2.679458400000000040e+01
2.364228000000000307e+01
2.206612800000000263e+01
1.576152000000000264e+01
3.467534399999999550e+01
3.152304000000000173e+01
3.625149600000000305e+01
2.994688800000000128e+01
2.048997599999999863e+01
2.837073600000000084e+01
1.891382399999999819e+01
2.048997600000000219e+01
2.994688800000000128e+01
2.679458400000000040e+01
1.733767200000000130e+01
2.679458400000000040e+01
1.418536800000000042e+01
2.521843200000000706e+01
2.994688800000000484e+01
2.048997600000000219e+01
2.679458400000000040e+01
2.994688800000000128e+01
1.733767200000000130e+01
1.576152000000000086e+01
1.103306400000000309e+01
3.309919200000000217e+01
3.625149600000000305e+01
3.782764800000000349e+01
1.733767199999999775e+01
2.679458400000000040e+01
2.364227999999999952e+01
2.364228000000000307e+01
2.364228000000000307e+01
2.679458400000000040e+01
7.880759999999998655e+00
2.994688800000000128e+01
2.364227999999999952e+01
7.880759999999998655e+00
2.364227999999999952e+01
2.521843199999999996e+01
2.679458400000000040e+01
3.467534400000000261e+01
3.309919200000000217e+01
4.097995200000000438e+01
2.679458400000000040e+01
2.679458400000000040e+01
9.456912000000002649e+00
1.103306400000000131e+01
2.364228000000000307e+01
2.521843200000000351e+01
2.521843199999999996e+01
3.467534400000000261e+01
3.625149600000000305e+01
3.309919200000000217e+01
3.152304000000000173e+01
3.152304000000000173e+01
2.837073600000000084e+01
2.994688800000000128e+01
9.456912000000000873e+00
1.418536800000000042e+01
2.679458400000000040e+01
2.206612799999999908e+01
1.576151999999999909e+01
2.679458400000000040e+01
1.260921600000000176e+01
3.309919200000000217e+01
2.206612799999999908e+01
2.206612800000000263e+01
2.206612799999999908e+01
2.521843199999999996e+01
4.413225600000000526e+01
3.309919200000000217e+01
2.837073600000000084e+01
2.837073600000000084e+01
2.206612800000000263e+01
2.521843200000000351e+01
4.728456000000001325e+00
2.521843200000000351e+01
2.364228000000000307e+01
2.521843199999999996e+01
3.782764800000000349e+01
2.679458400000000040e+01
1.418536800000000042e+01
2.521843199999999996e+01
2.994688800000000484e+01
3.782764799999999639e+01
3.309919200000000217e+01
3.309919200000000217e+01
2.679458400000000040e+01
2.837073600000000084e+01
1.733767200000000130e+01
1.418536800000000042e+01
2.837073600000000084e+01
2.206612799999999908e+01
2.679458400000000395e+01
1.103306400000000131e+01
2.521843199999999996e+01
2.364227999999999952e+01
4.255610400000000482e+01
2.521843199999999996e+01
3.940380000000000393e+01
1.260921599999999998e+01
9.456911999999999097e+00
2.206612800000000263e+01
2.837073600000000440e+01
2.206612799999999908e+01
2.994688800000000128e+01
2.048997600000000219e+01
3.309919200000000217e+01
2.679458400000000040e+01
2.837073600000000084e+01
1.576152000000000086e+01
3.467534400000000261e+01
2.837073600000000084e+01
2.206612800000000263e+01
2.048997600000000219e+01
2.206612799999999908e+01
2.364227999999999952e+01
2.048997600000000219e+01
3.782764800000000349e+01
2.994688800000000128e+01
2.679458400000000040e+01
2.521843199999999996e+01
4.097995200000000438e+01
2.679458400000000040e+01
1.260921599999999998e+01
2.837073600000000084e+01
2.364227999999999952e+01
2.679458400000000040e+01
1.260921599999999998e+01
2.679458400000000040e+01
3.467534400000000261e+01
3.309919200000000217e+01
2.206612799999999908e+01
1.733767200000000130e+01
2.048997600000000219e+01
2.994688800000000128e+01
3.467534400000000261e+01
4.255610400000000482e+01
3.467534400000000261e+01
4.255610400000000482e+01
2.994688800000000128e+01
1.733767200000000130e+01
2.048997599999999863e+01
3.782764799999999639e+01
3.309919200000000217e+01
1.891382400000000175e+01
2.364227999999999952e+01
2.206612799999999908e+01
3.625149600000000305e+01
1.891382400000000175e+01
3.152304000000000173e+01
2.679458400000000040e+01
1.418536800000000042e+01
2.521843199999999996e+01
1.576152000000000086e+01
2.206612799999999908e+01
3.309919200000000217e+01
1.891382400000000175e+01
2.994688800000000128e+01
3.152304000000000173e+01
3.782764800000000349e+01
2.837073600000000084e+01
3.467534400000000261e+01
1.418536799999999864e+01
3.152304000000000173e+01
1.891382400000000175e+01
3.309919200000000217e+01
3.782764800000000349e+01
1.891382399999999819e+01
2.994688800000000128e+01
3.467534400000000261e+01
3.467534400000000261e+01
2.521843200000000351e+01
2.521843199999999996e+01
3.152304000000000173e+01
3.782764799999999639e+01
2.837073600000000084e+01
2.679458400000000040e+01
2.206612799999999908e+01
1.733767199999999775e+01
2.048997599999999863e+01
2.521843199999999996e+01
2.837073600000000084e+01
2.521843199999999996e+01
3.782764800000000349e+01
2.994688800000000128e+01
3.940379999999999683e+01
3.625149600000000305e+01
2.521843199999999996e+01
1.418536799999999864e+01
2.679458400000000040e+01
4.097995200000000438e+01
3.467534400000000261e+01
3.152304000000000173e+01
1.418536799999999864e+01
2.521843199999999996e+01
1.418536799999999864e+01
1.576152000000000086e+01
2.837073600000000084e+01
3.782764800000000349e+01
3.625149600000000305e+01
3.309919200000000217e+01
3.309919199999999506e+01
3.309919200000000217e+01
2.521843199999999996e+01
4.255610400000000482e+01
1.891382399999999819e+01
1.576151999999999731e+01
2.048997599999999863e+01
1.891382400000000175e+01
2.837073600000000084e+01
3.467534400000000261e+01
4.886071200000000658e+01
2.521843199999999996e+01
1.418536800000000220e+01
2.048997600000000219e+01
3.940380000000000393e+01
2.364228000000000307e+01
3.467534400000000261e+01
2.206612800000000263e+01
3.309919200000000217e+01
2.521843200000000351e+01
1.733767200000000130e+01
1.418536800000000220e+01
2.206612799999999908e+01
1.891382400000000175e+01
3.940380000000000393e+01
4.570840800000000570e+01
3.309919200000000217e+01
2.994688800000000128e+01
3.309919200000000217e+01
2.679458400000000395e+01
1.418536799999999864e+01
1.260921599999999820e+01
3.152304000000000173e+01
4.097995200000000438e+01
2.364227999999999952e+01
2.521843199999999996e+01
2.206612799999999908e+01
4.097995200000000438e+01
4.255610400000000482e+01
2.994688800000000128e+01
4.886071200000000658e+01
4.255610400000000482e+01
2.521843199999999996e+01
3.467534400000000261e+01
2.206612799999999908e+01
2.364228000000000307e+01
2.837073600000000084e+01
3.152304000000000173e+01
2.837073600000000084e+01
4.097995199999999727e+01
3.309919200000000217e+01
2.364227999999999952e+01
2.521843199999999996e+01
3.782764800000000349e+01
3.782764800000000349e+01
3.940380000000000393e+01
3.152304000000000173e+01
3.152304000000000173e+01
3.152304000000000173e+01
3.152304000000000173e+01
3.940380000000000393e+01
3.152304000000000173e+01
2.364227999999999952e+01
3.152304000000000173e+01
2.994688800000000128e+01
2.837073600000000084e+01
3.309919200000000217e+01
2.994688800000000128e+01
2.679458400000000040e+01
3.782764800000000349e+01
2.837073600000000084e+01
4.255610400000000482e+01
2.994688800000000128e+01
3.940380000000000393e+01
4.255610400000000482e+01
3.467534400000000261e+01
3.467534400000000261e+01
3.782764799999999639e+01
3.782764800000000349e+01
4.886071200000000658e+01
2.994688800000000128e+01
2.364228000000000307e+01
3.467534400000000261e+01
3.467534400000000261e+01
2.994688800000000128e+01
3.309919200000000217e+01
2.994688800000000128e+01
2.994688800000000128e+01
1.733767199999999775e+01
2.837073599999999729e+01
3.782764800000000349e+01
4.728455999999999904e+01
3.309919200000000217e+01
4.255610400000000482e+01
4.097995199999999727e+01
4.728455999999999904e+01
2.364228000000000307e+01
2.521843199999999996e+01
2.364227999999999952e+01
2.994688800000000128e+01
4.570840800000000570e+01
3.782764799999999639e+01
3.467534400000000261e+01
2.994688800000000128e+01
3.782764800000000349e+01
2.048997600000000219e+01
2.364227999999999952e+01
2.206612799999999908e+01
3.152304000000000173e+01
3.309919200000000217e+01
3.940380000000000393e+01
4.255610400000000482e+01
2.837073600000000084e+01
4.886071200000000658e+01
2.994688800000000128e+01
3.309919200000000217e+01
2.994688800000000128e+01
3.940380000000000393e+01
2.994688800000000484e+01
3.309919200000000217e+01
4.413225600000000526e+01
3.152304000000000173e+01
3.467534400000000261e+01
3.782764800000000349e+01
2.364227999999999952e+01
3.940380000000000393e+01
3.152304000000000173e+01
3.309919200000000217e+01
2.364227999999999952e+01
2.994688800000000128e+01
1.891382399999999819e+01
3.152304000000000173e+01
4.097995199999999727e+01
3.625149600000000305e+01
3.625149600000000305e+01
2.364227999999999952e+01
2.837073600000000084e+01
4.255610400000000482e+01
3.152304000000000173e+01
2.048997600000000219e+01
3.152304000000000173e+01
3.467534400000000261e+01
4.097995199999999727e+01
2.206612799999999908e+01
4.097995199999999727e+01
4.097995199999999727e+01
4.255610400000000482e+01
4.255610400000000482e+01
2.521843199999999996e+01
2.994688800000000128e+01
2.364227999999999952e+01
2.679458400000000040e+01
2.679458400000000040e+01
2.048997600000000219e+01
2.994688800000000128e+01
4.255610400000000482e+01
4.728455999999999904e+01
4.570840800000000570e+01
3.309919200000000217e+01
3.625149600000000305e+01
4.255610400000000482e+01
2.206612800000000263e+01
3.152304000000000528e+01
2.364228000000000307e+01
3.782764799999999639e+01
3.309919200000000217e+01
3.625149600000000305e+01
4.255610400000000482e+01
4.728455999999999904e+01
4.413225599999999815e+01
4.413225599999999815e+01
3.625149600000000305e+01
3.467534400000000261e+01
3.782764800000000349e+01
5.043686399999999992e+01
4.570840800000000570e+01
2.837073600000000084e+01
2.048997599999999863e+01
3.467534400000000261e+01
3.152304000000000173e+01
3.625149600000000305e+01
3.940380000000000393e+01
3.625149600000000305e+01
3.782764799999999639e+01
3.940380000000000393e+01
3.940380000000000393e+01
2.837073600000000084e+01
2.994688800000000128e+01
3.940380000000000393e+01
2.994688800000000484e+01
3.467534400000000261e+01
2.837073599999999729e+01
5.043686399999999992e+01
3.625149600000000305e+01
3.625149600000000305e+01
3.782764800000000349e+01
4.255610400000000482e+01
3.940380000000000393e+01
2.837073600000000084e+01
4.570840799999999859e+01
2.837073600000000084e+01
3.625149600000000305e+01
3.782764799999999639e+01
3.309919200000000217e+01
3.152304000000000173e+01
2.206612800000000263e+01
3.782764799999999639e+01
4.097995200000000438e+01
4.255610400000000482e+01
2.364228000000000307e+01
2.206612799999999908e+01
3.309919200000000217e+01
3.940380000000000393e+01
2.364227999999999952e+01
3.782764799999999639e+01
3.782764800000000349e+01
3.782764800000000349e+01
4.413225599999999815e+01
3.152304000000000173e+01
4.886071200000000658e+01
4.886071200000000658e+01
3.309919200000000217e+01
3.625149600000000305e+01
2.994688800000000128e+01
2.679458400000000040e+01
3.625149600000000305e+01
3.782764799999999639e+01
5.358916800000000080e+01
4.413225599999999815e+01
3.782764800000000349e+01
3.467534400000000261e+01
4.097995199999999727e+01
2.679458400000000040e+01
2.364227999999999952e+01
3.152304000000000173e+01
4.570840800000000570e+01
3.782764799999999639e+01
4.255610400000000482e+01
4.097995200000000438e+01
3.940380000000000393e+01
2.994688800000000128e+01
3.782764800000000349e+01
4.255610400000000482e+01
3.309919200000000217e+01
3.152304000000000173e+01
3.782764800000000349e+01
2.679458400000000040e+01
3.309919200000000217e+01
4.728455999999999904e+01
5.516532000000000835e+01
3.152304000000000173e+01
2.521843199999999996e+01
4.886071199999999948e+01
4.097995200000000438e+01
5.516531999999999414e+01
5.516532000000000835e+01
3.309919200000000217e+01
3.309919200000000217e+01
4.097995199999999727e+01
3.467534400000000261e+01
4.097995200000000438e+01
2.837073600000000084e+01
4.097995199999999727e+01
3.782764800000000349e+01
2.364227999999999952e+01
4.413225599999999815e+01
4.097995199999999727e+01
3.625149600000000305e+01
2.994688800000000128e+01
2.521843199999999996e+01
4.097995199999999727e+01
2.994688800000000128e+01
2.048997600000000219e+01
4.097995199999999727e+01
2.521843199999999996e+01
3.467534400000000261e+01
4.570840800000000570e+01
4.413225600000000526e+01
4.097995200000000438e+01
4.255610400000000482e+01
3.940380000000000393e+01
3.309919200000000217e+01
3.625149600000000305e+01
3.625149600000000305e+01
3.782764799999999639e+01
3.625149600000000305e+01
3.625149600000000305e+01
3.152304000000000173e+01
3.152304000000000173e+01
4.097995199999999727e+01
4.255610399999999771e+01
3.309919200000000217e+01
1.733767200000000130e+01
3.940380000000000393e+01
2.837073600000000440e+01
4.886071200000000658e+01
4.097995200000000438e+01
3.309919200000000217e+01
4.255610400000000482e+01
3.782764800000000349e+01
3.782764800000000349e+01
5.201301600000000747e+01
4.728455999999999904e+01
4.886071200000000658e+01
5.043686399999999992e+01
5.358916800000000080e+01
2.364227999999999952e+01
1.891382399999999819e+01
5.043686399999999992e+01
4.886071199999999948e+01
4.728456000000000614e+01
3.152304000000000173e+01
3.467534400000000261e+01
4.255610400000000482e+01
3.940380000000000393e+01
3.467534400000000261e+01
3.782764800000000349e+01
5.516532000000000835e+01
3.782764799999999639e+01
4.570840800000000570e+01
5.201301600000000036e+01
3.152304000000000173e+01
4.255610400000000482e+01
3.309919200000000217e+01
3.467534399999999550e+01
4.255610400000000482e+01
3.625149600000000305e+01
2.994688800000000128e+01
3.625149600000000305e+01
2.837073600000000084e+01
4.570840800000000570e+01
2.837073600000000084e+01
2.679458400000000040e+01
4.255610399999999771e+01
4.413225599999999815e+01
3.782764800000000349e+01
3.467534400000000261e+01
3.625149600000000305e+01
3.940380000000000393e+01
4.570840800000000570e+01
4.570840800000000570e+01
4.728455999999999904e+01
2.994688800000000128e+01
3.152304000000000173e+01
3.309919200000000217e+01
4.413225600000000526e+01
3.782764800000000349e+01
3.782764800000000349e+01
5.201301600000000747e+01
4.570840800000000570e+01
3.309919200000000217e+01
4.413225599999999815e+01
4.570840800000000570e+01
2.837073600000000084e+01
4.097995200000000438e+01
4.570840800000000570e+01
2.364227999999999952e+01
3.782764800000000349e+01
4.255610400000000482e+01
4.413225599999999815e+01
2.994688800000000484e+01
3.782764800000000349e+01
3.309919200000000217e+01
3.467534400000000261e+01
2.364227999999999952e+01
2.364227999999999952e+01
3.309919200000000217e+01
4.413225600000000526e+01
3.782764800000000349e+01
3.940380000000000393e+01
4.570840800000000570e+01
2.679458400000000040e+01
4.097995199999999727e+01
3.467534400000000261e+01
6.619838400000000433e+01
5.831762400000000923e+01
4.886071200000000658e+01
4.570840800000000570e+01
4.255610400000000482e+01
3.625149600000000305e+01
3.940380000000000393e+01
4.728456000000000614e+01
4.570840800000000570e+01
3.782764799999999639e+01
4.570840800000000570e+01
3.782764800000000349e+01
5.358916800000000080e+01
3.467534400000000261e+01
3.467534399999999550e+01
5.358916800000000080e+01
4.255610400000000482e+01
4.097995200000000438e+01
3.309919200000000217e+01
4.570840800000000570e+01
3.152303999999999817e+01
3.625149600000000305e+01
2.679458400000000040e+01
4.570840799999999859e+01
2.679458400000000040e+01
4.570840800000000570e+01
4.255610400000000482e+01
4.097995200000000438e+01
3.625149600000000305e+01
4.886071200000000658e+01
2.521843200000000706e+01
4.255610400000000482e+01
5.989377600000000257e+01
5.043686399999999992e+01
4.413225600000000526e+01
4.413225599999999815e+01
4.886071200000000658e+01
3.625149600000000305e+01
3.782764799999999639e+01
3.625149599999999595e+01
3.152304000000000173e+01
4.255610400000000482e+01
3.309919200000000217e+01
2.679458400000000040e+01
4.255610400000000482e+01
5.358916800000000080e+01
3.782764800000000349e+01
4.570840799999999859e+01
4.728455999999999904e+01
3.625149600000000305e+01
3.782764799999999639e+01
3.940380000000000393e+01
5.043686399999999992e+01
4.728456000000000614e+01
4.097995199999999727e+01
4.728455999999999904e+01
3.625149600000000305e+01
3.467534400000000261e+01
4.570840800000000570e+01
4.413225599999999815e+01
4.255610399999999771e+01
2.521843200000000706e+01
4.097995200000000438e+01
3.152304000000000173e+01
3.940380000000000393e+01
2.994688800000000128e+01
4.413225599999999815e+01
4.886071200000000658e+01
3.625149600000000305e+01
3.152304000000000173e+01
2.837073600000000084e+01
3.152304000000000173e+01
4.255610400000000482e+01
3.467534400000000261e+01
5.358916800000000080e+01
3.309919200000000217e+01
3.940380000000000393e+01
3.625149600000000305e+01
3.940380000000000393e+01
2.994688800000000128e+01
3.940380000000000393e+01
4.570840800000000570e+01
3.940380000000000393e+01
2.679458400000000040e+01
4.413225599999999815e+01
4.097995199999999727e+01
3.309919200000000217e+01
4.570840799999999859e+01
3.152304000000000173e+01
2.679458400000000040e+01
2.994688800000000128e+01
3.782764799999999639e+01
5.043686399999999992e+01
4.097995200000000438e+01
3.782764799999999639e+01
2.994688800000000128e+01
4.097995199999999727e+01
4.255610400000000482e+01
2.994688800000000128e+01
3.152304000000000173e+01
1.891382400000000175e+01
4.255610400000000482e+01
4.728455999999999904e+01
1.260921599999999998e+01
4.097995200000000438e+01
4.413225600000000526e+01
4.886071200000000658e+01
3.782764800000000349e+01
3.152304000000000173e+01
3.940380000000000393e+01
3.467534400000000261e+01
3.782764799999999639e+01
3.467534400000000261e+01
3.625149600000000305e+01
1.891382400000000175e+01
4.097995200000000438e+01
4.255610400000000482e+01
2.521843199999999996e+01
3.940380000000000393e+01
3.467534400000000261e+01
3.309919199999999506e+01
2.521843200000000351e+01
2.994688800000000128e+01
3.625149600000000305e+01
2.521843199999999996e+01
3.782764800000000349e+01
3.309919200000000217e+01
3.625149600000000305e+01
4.886071200000000658e+01
3.782764800000000349e+01
2.837073600000000440e+01
2.994688800000000128e+01
3.782764800000000349e+01
2.206612799999999908e+01
2.679458400000000040e+01
4.413225599999999815e+01
3.625149600000000305e+01
4.413225600000000526e+01
3.467534400000000261e+01
5.201301600000000036e+01
2.837073600000000084e+01
2.994688800000000128e+01
2.994688800000000128e+01
3.309919200000000217e+01
3.467534400000000261e+01
2.837073600000000084e+01
2.521843199999999996e+01
3.309919200000000217e+01
2.206612799999999908e+01
3.309919200000000217e+01
3.782764800000000349e+01
4.255610400000000482e+01
3.940380000000000393e+01
2.206612799999999908e+01
2.994688800000000128e+01
4.097995200000000438e+01
3.467534400000000261e+01
3.625149600000000305e+01
3.625149600000000305e+01
3.152304000000000173e+01
1.733767199999999775e+01
2.679458400000000040e+01
4.728455999999999904e+01
2.837073600000000440e+01
3.467534400000000261e+01
4.728455999999999904e+01
3.782764799999999639e+01
2.048997600000000219e+01
1.576152000000000264e+01
2.679458400000000040e+01
2.994688800000000128e+01
5.043686400000000702e+01
3.309919200000000217e+01
2.994688800000000128e+01
2.048997600000000219e+01
3.467534399999999550e+01
4.413225599999999815e+01
1.891382399999999819e+01
1.733767200000000130e+01
3.782764800000000349e+01
5.043686399999999992e+01
5.201301600000000747e+01
4.097995199999999727e+01
2.679458400000000040e+01
2.679458400000000040e+01
3.467534400000000261e+01
3.467534399999999550e+01
3.309919200000000217e+01
2.994688800000000128e+01
2.521843199999999996e+01
3.152304000000000173e+01
3.625149600000000305e+01
3.782764800000000349e+01
4.255610400000000482e+01
3.309919200000000217e+01
3.152304000000000528e+01
2.679458400000000040e+01
3.152303999999999817e+01
4.413225600000000526e+01
2.994688800000000128e+01
3.152304000000000173e+01
3.625149600000000305e+01
2.679458400000000040e+01
2.521843199999999996e+01
2.679458400000000040e+01
4.097995199999999727e+01
4.097995199999999727e+01
3.940380000000000393e+01
3.309919200000000217e+01
2.521843199999999996e+01
3.309919200000000217e+01
2.994688800000000128e+01
2.994688800000000128e+01
2.994688800000000128e+01
2.837073600000000084e+01
3.625149600000000305e+01
3.625149600000000305e+01
3.782764799999999639e+01
4.255610400000000482e+01
3.467534400000000261e+01
2.206612799999999908e+01
4.886071200000000658e+01
2.837073600000000084e+01
4.728455999999999904e+01
2.994688800000000128e+01
2.521843199999999996e+01
4.097995200000000438e+01
1.576152000000000264e+01
2.364228000000000307e+01
3.309919200000000217e+01
2.994688800000000128e+01
2.521843199999999996e+01
1.418536800000000042e+01
2.206612799999999908e+01
2.364228000000000307e+01
4.255610400000000482e+01
3.782764799999999639e+01
2.364228000000000307e+01
1.733767200000000486e+01
3.940380000000000393e+01
2.364228000000000662e+01
3.309919200000000217e+01
2.521843199999999996e+01
3.152304000000000173e+01
3.940380000000000393e+01
4.728455999999999904e+01
3.625149600000000305e+01
3.625149600000000305e+01
2.206612799999999908e+01
3.625149600000000305e+01
2.994688800000000128e+01
5.358916800000000080e+01
2.837073600000000084e+01
3.782764800000000349e+01
2.837073600000000084e+01
2.994688800000000128e+01
3.782764799999999639e+01
3.152304000000000173e+01
2.837073600000000084e+01
2.837073599999999729e+01
2.679458400000000040e+01
3.152304000000000173e+01
2.679458400000000040e+01
2.521843199999999996e+01
2.521843199999999996e+01
4.413225600000000526e+01
1.733767199999999775e+01
3.467534400000000261e+01
2.206612799999999908e+01
3.782764800000000349e+01
3.782764800000000349e+01
4.255610400000000482e+01
4.097995199999999727e+01
4.255610400000000482e+01
4.728455999999999548e+00
2.364227999999999952e+01
3.467534400000000261e+01
2.679458400000000040e+01
2.206612799999999908e+01
2.837073600000000084e+01
3.309919200000000217e+01
3.782764800000000349e+01
4.255610399999999771e+01
3.309919200000000217e+01
2.048997599999999863e+01
3.152303999999999817e+01
3.625149600000000305e+01
3.625149600000000305e+01
3.940380000000000393e+01
1.576152000000000086e+01
3.152304000000000173e+01
3.625149600000000305e+01
3.152304000000000173e+01
4.728455999999999904e+01
2.521843199999999996e+01
3.940380000000000393e+01
3.625149600000000305e+01
4.570840800000000570e+01
3.467534400000000261e+01
2.048997599999999863e+01
2.994688800000000128e+01
3.467534400000000261e+01
1.891382400000000175e+01
2.521843199999999996e+01
4.728455999999999904e+01
4.728455999999999904e+01
4.413225599999999815e+01
3.152304000000000173e+01
3.467534400000000261e+01
1.733767199999999775e+01
2.679458400000000040e+01
2.364227999999999952e+01
3.625149600000000305e+01
4.413225599999999815e+01
4.097995199999999727e+01
4.097995199999999727e+01
4.570840800000000570e+01
2.521843199999999996e+01
2.364227999999999952e+01
3.152304000000000173e+01
2.679458400000000040e+01
2.364227999999999952e+01
3.625149600000000305e+01
4.570840800000000570e+01
4.570840800000000570e+01
3.152304000000000173e+01
3.782764800000000349e+01
2.679458400000000040e+01
2.521843199999999996e+01
3.625149600000000305e+01
2.364228000000000307e+01
3.152304000000000173e+01
4.255610400000000482e+01
3.467534400000000261e+01
2.364227999999999952e+01
3.625149600000000305e+01
3.309919200000000217e+01
3.309919200000000217e+01
3.467534400000000261e+01
4.097995199999999727e+01
2.364228000000000307e+01
2.994688800000000128e+01
3.940380000000000393e+01
4.570840800000000570e+01
3.309919200000000217e+01
3.782764799999999639e+01
4.255610400000000482e+01
2.364227999999999952e+01
2.837073600000000084e+01
4.097995199999999727e+01
4.097995199999999727e+01
5.358916800000000080e+01
2.048997600000000219e+01
3.309919200000000217e+01
2.521843199999999996e+01
3.152303999999999817e+01
3.467534400000000261e+01
2.837073600000000084e+01
3.309919200000000217e+01
2.048997599999999863e+01
2.679458400000000040e+01
1.733767200000000130e+01
2.679458400000000040e+01
1.576152000000000086e+01
2.994688800000000128e+01
2.521843199999999996e+01
3.467534400000000261e+01
3.467534400000000261e+01
2.364227999999999952e+01
2.521843199999999996e+01
3.152304000000000173e+01
2.364227999999999952e+01
2.206612799999999908e+01
2.994688800000000128e+01
3.782764800000000349e+01
2.364227999999999952e+01
2.521843199999999996e+01
2.994688800000000128e+01
3.782764799999999639e+01
2.679458400000000040e+01
1.733767200000000130e+01
2.837073600000000084e+01
1.418536800000000042e+01
2.679458400000000040e+01
2.837073600000000084e+01
2.679458400000000040e+01
4.413225600000000526e+01
2.206612799999999908e+01
2.679458400000000040e+01
7.880760000000000431e+00
2.994688800000000128e+01
3.625149600000000305e+01
3.467534400000000261e+01
2.994688800000000128e+01
2.206612799999999908e+01
2.048997599999999863e+01
2.994688800000000128e+01
3.152303999999999817e+01
2.364227999999999952e+01
4.097995199999999727e+01
3.782764799999999639e+01
1.576152000000000086e+01
1.576152000000000086e+01
2.206612799999999908e+01
1.103306399999999954e+01
1.576152000000000086e+01
2.679458400000000040e+01
2.048997599999999863e+01
2.837073600000000084e+01
2.206612799999999908e+01
1.891382400000000175e+01
2.679458400000000040e+01
2.364227999999999952e+01
3.467534400000000261e+01
1.576152000000000086e+01
1.418536800000000042e+01
1.418536800000000042e+01
1.891382399999999819e+01
1.103306399999999954e+01
1.418536800000000042e+01
2.206612799999999908e+01
4.728455999999999548e+00
2.837073600000000084e+01
2.364227999999999952e+01
2.994688800000000128e+01
1.103306399999999954e+01
2.206612799999999908e+01
2.206612799999999908e+01
4.728455999999999548e+00
1.576151999999999909e+01
1.576152000000000086e+01
1.891382399999999819e+01
3.152304000000000173e+01
3.467534399999999550e+01
2.521843199999999996e+01
2.679458400000000040e+01
1.103306399999999776e+01
2.048997600000000219e+01
2.994688800000000128e+01
1.418536800000000042e+01
1.260921599999999998e+01
3.309919200000000217e+01
2.206612799999999908e+01
3.152304000000000173e+01
1.733767200000000130e+01
2.364227999999999952e+01
2.679458400000000040e+01
2.048997599999999863e+01
1.418536800000000042e+01
2.048997599999999863e+01
1.576152000000000086e+01
2.206612800000000263e+01
4.255610400000000482e+01
2.364228000000000307e+01
9.456911999999999097e+00
1.576152000000000086e+01
6.304607999999999990e+00
1.891382400000000175e+01
7.880760000000000431e+00
1.103306400000000131e+01
2.048997599999999863e+01
3.782764800000000349e+01
2.521843199999999996e+01
2.994688800000000128e+01
2.206612799999999908e+01
1.260921599999999998e+01
9.456912000000000873e+00
2.994688800000000128e+01
1.733767199999999775e+01
1.733767199999999775e+01
2.048997599999999863e+01
2.679458400000000040e+01
3.152304000000000883e+00
2.206612799999999908e+01
3.152304000000000173e+01
1.260921599999999998e+01
1.733767200000000130e+01
7.880759999999999543e+00
1.103306399999999954e+01
1.891382399999999819e+01
1.418536800000000042e+01
2.364227999999999952e+01
2.206612799999999908e+01
1.891382400000000175e+01
2.048997599999999863e+01
3.152304000000000173e+01
1.260921599999999998e+01
2.994688800000000128e+01
1.576152000000000086e+01
1.576152000000000086e+01
1.733767200000000130e+01
1.418536799999999864e+01
1.260921600000000176e+01
4.728455999999999548e+00
1.891382400000000175e+01
1.418536800000000042e+01
1.891382399999999819e+01
2.521843199999999996e+01
2.048997600000000219e+01
7.880759999999998655e+00
1.576152000000000086e+01
1.891382399999999819e+01
2.521843199999999996e+01
2.679458400000000040e+01
3.782764800000000349e+01
1.576152000000000086e+01
7.880760000000000431e+00
1.733767199999999775e+01
2.206612799999999908e+01
2.679458400000000040e+01
2.048997599999999863e+01
4.728455999999999548e+00
9.456912000000000873e+00
2.206612799999999908e+01
1.733767199999999775e+01
1.418536800000000042e+01
1.418536800000000042e+01
1.418536799999999864e+01
1.103306400000000131e+01
1.103306399999999954e+01
1.260921599999999998e+01
1.103306399999999954e+01
1.260921600000000176e+01
2.048997599999999863e+01
1.260921599999999998e+01
4.728455999999999548e+00
1.891382399999999819e+01
1.418536800000000042e+01
1.576152000000000086e+01
1.891382399999999819e+01
1.576151999999999909e+01
1.260921599999999998e+01
1.576152000000000086e+01
1.733767199999999775e+01
2.206612799999999908e+01
2.364227999999999952e+01
2.521843199999999996e+01
9.456911999999999097e+00
2.048997599999999863e+01
1.418536800000000042e+01
1.576151999999999909e+01
1.733767200000000130e+01
1.891382399999999819e+01
7.880759999999999543e+00
9.456911999999999097e+00
1.733767200000000130e+01
2.364227999999999952e+01
1.576152000000000086e+01
1.418536799999999864e+01
7.880760000000000431e+00
2.206612799999999908e+01
2.837073600000000084e+01
2.048997599999999863e+01
1.418536800000000042e+01
1.733767199999999775e+01
2.048997599999999863e+01
1.891382399999999819e+01
1.576152000000000086e+01
3.467534400000000261e+01
2.364227999999999952e+01
3.152303999999999817e+01
2.679458400000000040e+01
3.467534400000000261e+01
1.733767200000000130e+01
2.364227999999999952e+01
-3.152303999999999995e+00
6.304607999999999990e+00
-1.418536800000000042e+01
1.103306399999999954e+01
2.048997599999999863e+01
1.576151999999999909e+01
7.880760000000000431e+00
1.733767199999999775e+01
7.880760000000000431e+00
9.456912000000000873e+00
2.206612799999999908e+01
1.260921599999999998e+01
4.728455999999999548e+00
6.304607999999999990e+00
4.728456000000000437e+00
3.152303999999999995e+00
2.048997599999999863e+01
2.048997599999999863e+01
2.206612799999999908e+01
0.000000000000000000e+00
1.260921600000000176e+01
3.152304000000000173e+01
1.260921599999999998e+01
4.728455999999999548e+00
1.576151999999999553e+00
1.576152000000000086e+01
1.733767199999999775e+01
2.994688800000000128e+01
-7.880760000000000431e+00
3.309919200000000217e+01
2.364227999999999952e+01
1.576152000000000086e+01
1.576152000000000086e+01
3.152304000000000173e+01
2.521843199999999996e+01
1.891382400000000175e+01
1.103306399999999954e+01
2.048997599999999863e+01
1.260921599999999998e+01
1.103306399999999954e+01
1.733767199999999775e+01
1.733767199999999775e+01
1.891382399999999819e+01
2.048997599999999863e+01
4.413225600000000526e+01
1.576152000000000086e+01
0.000000000000000000e+00
-4.728455999999999548e+00
3.152303999999999107e+00
1.418536799999999864e+01
2.048997599999999863e+01
1.418536800000000042e+01
7.880759999999999543e+00
9.456911999999999097e+00
-3.152303999999999995e+00
3.152303999999999995e+00
1.260921600000000176e+01
1.576152000000000086e+01
1.891382400000000175e+01
1.260921599999999998e+01
2.364227999999999952e+01
6.304607999999999990e+00
2.679458400000000040e+01
-3.152303999999999995e+00
4.728455999999999548e+00
1.418536800000000042e+01
1.891382399999999819e+01
3.152303999999999551e+00
1.576152000000000086e+01
1.103306399999999954e+01
1.103306400000000131e+01
1.576151999999999997e+00
1.891382399999999819e+01
1.418536800000000042e+01
9.456911999999999097e+00
2.679458400000000040e+01
2.521843199999999996e+01
2.837073600000000084e+01
3.467534400000000261e+01
1.891382400000000175e+01
1.103306399999999954e+01
1.576151999999999997e+00
1.576151999999999553e+00
2.521843199999999996e+01
-1.576152000000000442e+00
2.048997600000000219e+01
1.418536800000000042e+01
4.728455999999999548e+00
1.576152000000000086e+01
2.206612799999999908e+01
2.364227999999999952e+01
2.837073600000000084e+01
2.837073600000000084e+01
1.576152000000000086e+01
1.103306399999999954e+01
2.521843199999999996e+01
2.521843199999999996e+01
1.418536800000000220e+01
7.880760000000000431e+00
2.048997599999999863e+01
1.733767200000000130e+01
1.418536800000000042e+01
1.260921599999999998e+01
2.364227999999999952e+01
2.679458400000000040e+01
1.260921599999999998e+01
1.576151999999999909e+01
1.418536800000000042e+01
2.048997599999999863e+01
3.152303999999999107e+00
2.048997600000000219e+01
0.000000000000000000e+00
1.576152000000000086e+01
3.467534399999999550e+01
2.837073600000000084e+01
9.456911999999999097e+00
1.891382399999999819e+01
1.418536800000000042e+01
2.048997599999999863e+01
3.309919200000000217e+01
1.576152000000000086e+01
4.728455999999999548e+00
1.733767199999999775e+01
0.000000000000000000e+00
2.048997600000000219e+01
3.467534399999999550e+01
3.152304000000000173e+01
1.418536800000000042e+01
2.994688800000000128e+01
2.048997599999999863e+01
1.891382399999999819e+01
1.891382399999999819e+01
1.891382399999999819e+01
9.456912000000000873e+00
1.260921600000000176e+01
6.304607999999999990e+00
9.456911999999999097e+00
2.206612799999999908e+01
2.521843199999999996e+01
1.891382400000000175e+01
1.103306399999999954e+01
-3.152303999999999995e+00
2.521843199999999996e+01
1.891382399999999819e+01
1.576152000000000086e+01
1.260921599999999998e+01
-1.576152000000000442e+00
-3.152303999999999107e+00
1.891382399999999819e+01
3.625149600000000305e+01
1.576152000000000086e+01
1.418536800000000042e+01
1.576152000000000086e+01
7.880760000000000431e+00
3.782764800000000349e+01
3.309919200000000217e+01
1.891382399999999819e+01
2.994688800000000128e+01
7.880760000000000431e+00
7.880759999999999543e+00
1.576151999999999997e+00
2.206612800000000263e+01
1.891382400000000175e+01
1.891382399999999819e+01
1.733767200000000130e+01
2.521843199999999996e+01
1.576152000000000086e+01
7.880759999999999543e+00
6.304607999999999990e+00
1.891382399999999819e+01
1.260921599999999998e+01
1.260921599999999998e+01
2.521843199999999996e+01
3.152304000000000173e+01
1.891382400000000175e+01
3.309919200000000217e+01
9.456912000000000873e+00
6.304607999999999990e+00
-4.728456000000000437e+00
1.576152000000000086e+01
1.576152000000000086e+01
2.837073600000000084e+01
2.521843199999999996e+01
1.733767200000000130e+01
1.733767199999999775e+01
2.206612799999999908e+01
1.733767200000000130e+01
1.891382399999999819e+01
1.576152000000000086e+01
9.456911999999999097e+00
9.456912000000000873e+00
2.994688800000000128e+01
1.891382399999999819e+01
7.880760000000000431e+00
-3.152304000000000883e+00
1.260921599999999998e+01
1.103306399999999954e+01
1.103306400000000131e+01
1.103306399999999954e+01
1.260921600000000176e+01
4.728455999999999548e+00
6.304607999999999990e+00
9.456911999999999097e+00
6.304607999999999990e+00
1.260921599999999998e+01
2.048997599999999863e+01
1.576152000000000086e+01
1.576151999999999997e+00
1.103306399999999954e+01
1.103306400000000131e+01
2.364227999999999952e+01
1.891382399999999819e+01
1.576152000000000086e+01
2.048997599999999863e+01
2.364227999999999952e+01
2.679458400000000040e+01
2.048997599999999863e+01
1.418536800000000042e+01
1.891382400000000175e+01
2.048997599999999863e+01
3.625149600000000305e+01
1.418536800000000042e+01
1.103306400000000131e+01
2.994688800000000128e+01
1.891382400000000175e+01
9.456912000000000873e+00
1.891382400000000175e+01
2.521843199999999996e+01
7.880760000000000431e+00
6.304607999999999990e+00
3.152304000000000883e+00
1.891382400000000175e+01
-9.456912000000000873e+00
1.733767200000000130e+01
1.576152000000000086e+01
1.733767200000000130e+01
1.260921599999999998e+01
1.576152000000000442e+00
3.152303999999999995e+00
-9.456911999999999097e+00
2.048997599999999863e+01
2.679458400000000040e+01
2.206612800000000263e+01
1.891382399999999819e+01
7.880759999999999543e+00
9.456911999999999097e+00
4.728456000000000437e+00
1.733767200000000130e+01
2.206612800000000263e+01
4.728455999999999548e+00
-1.576151999999999997e+00
1.260921600000000176e+01
7.880760000000000431e+00
1.103306400000000131e+01
2.048997599999999863e+01
1.576152000000000442e+00
3.152304000000000883e+00
1.576152000000000086e+01
1.418536800000000042e+01
1.103306399999999954e+01
2.837073599999999729e+01
2.364227999999999952e+01
2.048997599999999863e+01
3.152303999999999107e+00
1.576151999999999997e+00
4.097995199999999727e+01
2.679458400000000040e+01
1.891382400000000175e+01
1.733767200000000130e+01
6.304607999999999102e+00
9.456911999999999097e+00
1.418536800000000042e+01
1.260921599999999998e+01
2.837073599999999729e+01
6.304607999999999990e+00
1.733767199999999775e+01
2.994688800000000128e+01
1.891382399999999819e+01
1.260921599999999998e+01
1.103306399999999954e+01
0.000000000000000000e+00
1.418536800000000042e+01
3.152304000000000883e+00
1.576152000000000086e+01
1.418536800000000042e+01
1.260921599999999998e+01
9.456911999999999097e+00
1.576152000000000086e+01
1.733767200000000130e+01
2.206612800000000263e+01
2.521843199999999996e+01
1.576151999999999909e+01
1.576152000000000442e+00
0.000000000000000000e+00
-3.152303999999999995e+00
1.576152000000000086e+01
3.152303999999999995e+00
2.679458400000000040e+01
1.733767200000000130e+01
1.418536799999999864e+01
2.206612799999999908e+01
3.152304000000000883e+00
1.576151999999999997e+00
6.304607999999999990e+00
1.733767200000000130e+01
7.880760000000000431e+00
1.260921599999999998e+01
1.103306399999999954e+01
4.728455999999999548e+00
2.048997599999999863e+01
1.891382399999999819e+01
1.576152000000000086e+01
6.304607999999999990e+00
4.728455999999999548e+00
4.728455999999999548e+00
2.206612800000000263e+01
1.576152000000000086e+01
1.891382399999999819e+01
2.048997599999999863e+01
1.576152000000000086e+01
6.304607999999999990e+00
6.304607999999999990e+00
2.364227999999999952e+01
2.679458400000000040e+01
3.309919200000000217e+01
2.206612799999999908e+01
1.733767200000000130e+01
2.364227999999999952e+01
6.304607999999999990e+00
9.456911999999999097e+00
1.418536800000000042e+01
1.103306399999999954e+01
1.891382400000000175e+01
2.206612799999999908e+01
9.456912000000000873e+00
1.260921600000000176e+01
1.260921600000000176e+01
9.456912000000000873e+00
2.521843199999999996e+01
2.994688800000000128e+01
1.103306399999999954e+01
1.891382399999999819e+01
1.891382400000000175e+01
0.000000000000000000e+00
2.364227999999999952e+01
2.837073600000000084e+01
1.103306400000000131e+01
1.576152000000000086e+01
2.679458400000000040e+01
2.364227999999999952e+01
1.891382399999999819e+01
6.304607999999999990e+00
2.521843199999999996e+01
2.206612799999999908e+01
1.260921599999999998e+01
4.728455999999999548e+00
-4.728456000000001325e+00
-7.880760000000000431e+00
1.733767199999999775e+01
3.152304000000000173e+01
1.891382399999999819e+01
1.260921600000000176e+01
2.206612799999999908e+01
2.837073600000000084e+01
2.364227999999999952e+01
1.260921599999999998e+01
1.260921600000000176e+01
1.891382399999999819e+01
1.103306399999999954e+01
1.418536800000000042e+01
1.891382400000000175e+01
1.733767200000000130e+01
1.576151999999999909e+01
2.364227999999999952e+01
7.880760000000000431e+00
2.206612799999999908e+01
2.679458400000000040e+01
2.521843199999999996e+01
2.048997600000000219e+01
2.048997599999999863e+01
1.418536800000000042e+01
7.880760000000000431e+00
6.304608000000001766e+00
1.891382399999999819e+01
1.576152000000000086e+01
1.418536800000000042e+01
2.048997600000000219e+01
2.364228000000000307e+01
1.103306399999999954e+01
2.206612799999999908e+01
3.782764799999999639e+01
7.880760000000000431e+00
7.880759999999999543e+00
1.733767199999999775e+01
7.880760000000000431e+00
0.000000000000000000e+00
1.576152000000000086e+01
1.891382400000000175e+01
9.456911999999999097e+00
3.152303999999999995e+00
1.103306399999999954e+01
1.733767200000000130e+01
3.940380000000000393e+01
1.418536800000000042e+01
1.260921599999999998e+01
1.103306399999999954e+01
2.048997599999999863e+01
2.048997599999999863e+01
9.456912000000000873e+00
1.576152000000000086e+01
-1.576151999999999997e+00
1.418536800000000042e+01
1.103306399999999954e+01
6.304607999999999102e+00
1.576151999999999909e+01
1.576152000000000086e+01
1.576152000000000086e+01
1.891382399999999819e+01
1.418536800000000042e+01
2.206612799999999908e+01
1.733767199999999775e+01
2.048997599999999863e+01
9.456911999999999097e+00
1.418536799999999864e+01
1.576152000000000086e+01
1.260921599999999998e+01
2.364227999999999952e+01
1.733767199999999775e+01
1.733767199999999775e+01
2.679458400000000040e+01
1.733767199999999775e+01
2.206612800000000263e+01
7.880759999999999543e+00
3.152304000000000883e+00
1.733767199999999775e+01
1.733767199999999775e+01
7.880759999999999543e+00
1.418536799999999864e+01
1.733767200000000130e+01
1.733767200000000130e+01
1.260921599999999998e+01
1.576152000000000442e+00
1.260921599999999998e+01
1.733767200000000130e+01
2.206612799999999908e+01
2.837073600000000084e+01
3.309919200000000217e+01
4.728455999999999548e+00
1.103306399999999954e+01
2.679458400000000040e+01
1.576152000000000086e+01
9.456911999999999097e+00
1.103306399999999954e+01
1.418536800000000042e+01
1.260921599999999998e+01
1.418536799999999864e+01
1.576151999999999909e+01
7.880760000000000431e+00
1.418536800000000042e+01
1.260921599999999998e+01
1.576152000000000086e+01
9.456911999999999097e+00
7.880759999999999543e+00
9.456911999999999097e+00
1.418536800000000042e+01
3.152303999999999107e+00
1.733767199999999775e+01
2.048997599999999863e+01
9.456911999999999097e+00
1.103306399999999954e+01
1.418536800000000042e+01
2.521843199999999996e+01
9.456912000000000873e+00
1.260921599999999998e+01
1.418536800000000042e+01
1.891382400000000175e+01
1.733767200000000130e+01
3.152303999999999995e+00
1.418536799999999864e+01
1.576151999999999553e+00
1.103306399999999954e+01
2.206612799999999908e+01
1.576152000000000442e+00
1.418536800000000042e+01
1.733767200000000130e+01
1.103306399999999954e+01
2.206612800000000263e+01
3.152303999999999995e+00
1.576151999999999997e+00
2.364227999999999952e+01
1.260921599999999998e+01
1.576152000000000086e+01
1.891382399999999819e+01
2.364227999999999952e+01
2.048997599999999863e+01
1.576152000000000442e+00
1.576152000000002218e+00
1.103306399999999954e+01
2.521843199999999996e+01
2.206612799999999908e+01
-1.418536800000000042e+01
9.456911999999999097e+00
9.456912000000000873e+00
2.364227999999999952e+01
9.456911999999999097e+00
7.880759999999999543e+00
2.206612799999999908e+01
1.260921599999999998e+01
9.456911999999999097e+00
2.679458400000000040e+01
1.418536800000000042e+01
9.456911999999999097e+00
7.880760000000000431e+00
0.000000000000000000e+00
1.576152000000000086e+01
1.418536800000000042e+01
3.152303999999999995e+00
1.576151999999999553e+00
1.103306399999999954e+01
1.576152000000000086e+01
1.576152000000000264e+01
2.679458400000000040e+01
7.880760000000000431e+00
2.521843199999999996e+01
6.304607999999999990e+00
2.364227999999999952e+01
1.576152000000000086e+01
-1.576151999999999997e+00
3.152303999999999551e+00
0.000000000000000000e+00
1.260921599999999998e+01
4.728455999999999548e+00
2.364227999999999952e+01
6.304607999999999990e+00
1.891382400000000175e+01
1.576151999999999553e+00
2.206612799999999908e+01
1.576151999999999997e+00
1.576151999999998665e+00
4.728455999999999548e+00
3.152303999999999995e+00
3.152303999999999995e+00
3.625149600000000305e+01
1.733767199999999775e+01
9.456912000000000873e+00
4.728455999999999548e+00
9.456911999999999097e+00
1.576151999999999909e+01
9.456911999999999097e+00
-1.576152000000000086e+01
0.000000000000000000e+00
0.000000000000000000e+00
1.103306399999999954e+01
2.994688800000000128e+01
1.576152000000000086e+01
1.260921599999999998e+01
1.103306399999999954e+01
4.728455999999999548e+00
1.418536799999999864e+01
1.891382399999999819e+01
1.103306399999999954e+01
1.418536799999999864e+01
4.728455999999999548e+00
3.152304000000000173e+01
1.418536800000000042e+01
1.891382400000000175e+01
2.206612799999999908e+01
2.994688800000000128e+01
3.782764800000000349e+01
1.733767200000000130e+01
4.728455999999999548e+00
1.260921599999999998e+01
2.364227999999999952e+01
2.994688800000000128e+01
1.418536799999999864e+01
7.880759999999999543e+00
1.418536799999999864e+01
2.206612799999999908e+01
2.206612799999999908e+01
1.260921600000000176e+01
4.728455999999999548e+00
2.837073600000000084e+01
9.456911999999999097e+00
2.206612799999999908e+01
1.576151999999999997e+00
1.260921599999999998e+01
-4.728455999999999548e+00
1.260921599999999998e+01
1.418536799999999864e+01
2.364227999999999952e+01
2.048997600000000219e+01
1.418536800000000042e+01
1.576152000000000086e+01
1.418536800000000042e+01
1.260921599999999998e+01
3.152303999999999995e+00
1.418536799999999864e+01
1.418536800000000042e+01
2.679458400000000040e+01
2.206612800000000263e+01
7.880759999999998655e+00
1.891382399999999819e+01
1.260921599999999998e+01
9.456911999999999097e+00
3.152303999999999995e+00
1.891382399999999819e+01
2.048997599999999863e+01
3.152303999999999995e+00
1.576151999999999997e+00
-1.576151999999999997e+00
1.103306400000000131e+01
9.456911999999999097e+00
2.521843199999999996e+01
1.103306399999999954e+01
-1.576151999999998665e+00
1.576152000000000442e+00
1.260921599999999998e+01
1.418536800000000042e+01
1.891382400000000175e+01
9.456912000000000873e+00
1.260921599999999998e+01
1.260921599999999998e+01
1.576152000000000086e+01
1.260921599999999998e+01
9.456912000000000873e+00
6.304607999999999102e+00
2.048997599999999863e+01
3.152303999999999995e+00
1.891382400000000175e+01
7.880760000000000431e+00
7.880760000000000431e+00
1.576152000000000086e+01
1.891382400000000175e+01
2.048997599999999863e+01
2.206612800000000263e+01
6.304607999999999990e+00
1.260921599999999998e+01
1.418536800000000042e+01
2.048997599999999863e+01
2.364227999999999952e+01
4.728455999999999548e+00
2.521843199999999996e+01
2.206612799999999908e+01
1.418536800000000042e+01
2.521843199999999996e+01
9.456912000000000873e+00
-1.260921600000000176e+01
-4.728455999999999548e+00
2.521843199999999996e+01
-3.152303999999999551e+00
1.418536799999999864e+01
1.260921599999999998e+01
3.152304000000000883e+00
2.206612799999999908e+01
4.728455999999999548e+00
2.364227999999999952e+01
2.364227999999999952e+01
1.418536799999999864e+01
-4.728455999999999548e+00
0.000000000000000000e+00
4.728455999999999548e+00
1.891382400000000175e+01
9.456911999999999097e+00
9.456912000000000873e+00
4.728455999999999548e+00
9.456912000000000873e+00
1.733767199999999775e+01
0.000000000000000000e+00
4.728455999999999548e+00
1.733767200000000130e+01
1.891382399999999819e+01
1.733767200000000130e+01
1.576151999999999997e+00
1.576152000000000086e+01
1.418536800000000042e+01
6.304607999999999990e+00
1.576152000000000086e+01
2.364227999999999952e+01
1.260921599999999998e+01
1.733767199999999775e+01
1.418536800000000042e+01
1.260921599999999998e+01
9.456911999999999097e+00
1.260921599999999998e+01
1.733767200000000130e+01
1.576152000000000086e+01
1.576152000000000086e+01
-1.576151999999999997e+00
0.000000000000000000e+00
-4.728455999999999548e+00
9.456911999999999097e+00
2.364227999999999952e+01
1.733767199999999775e+01
9.456912000000000873e+00
4.728455999999999548e+00
1.103306399999999954e+01
-3.152303999999999551e+00
1.733767200000000130e+01
1.733767199999999775e+01
-9.456911999999999097e+00
1.733767200000000130e+01
1.576151999999999909e+01
1.576151999999999909e+01
-1.576151999999999553e+00
1.418536799999999864e+01
9.456911999999999097e+00
1.260921599999999998e+01
9.456911999999999097e+00
1.418536800000000042e+01
1.576152000000000086e+01
1.891382400000000175e+01
1.891382399999999819e+01
-1.576151999999999553e+00
1.418536800000000042e+01
3.152303999999999551e+00
1.576151999999999997e+00
1.418536800000000042e+01
2.837073600000000084e+01
1.418536800000000042e+01
2.521843199999999996e+01
1.260921599999999998e+01
0.000000000000000000e+00
1.260921599999999998e+01
3.152303999999999995e+00
1.576151999999999553e+00
2.048997599999999863e+01
6.304607999999999990e+00
1.260921599999999998e+01
2.837073600000000084e+01
2.364227999999999952e+01
1.418536799999999864e+01
1.260921599999999998e+01
1.260921599999999998e+01
1.103306399999999954e+01
4.728455999999999548e+00
3.152304000000000883e+00
2.048997599999999863e+01
1.733767200000000130e+01
1.103306399999999954e+01
1.418536800000000042e+01
0.000000000000000000e+00
9.456911999999999097e+00
1.733767200000000130e+01
2.521843199999999996e+01
2.679458400000000040e+01
1.733767200000000130e+01
2.206612799999999908e+01
1.576152000000000086e+01
4.728455999999999548e+00
1.418536800000000042e+01
3.152303999999999995e+00
7.880760000000001320e+00
1.260921599999999998e+01
1.576151999999999909e+01
1.418536800000000042e+01
6.304607999999999990e+00
2.679458400000000040e+01
1.260921599999999998e+01
1.576151999999999909e+01
1.260921599999999998e+01
4.728455999999999548e+00
0.000000000000000000e+00
3.152304000000000883e+00
3.152303999999999995e+00
3.152304000000000883e+00
1.733767200000000486e+01
2.364227999999999952e+01
6.304607999999999990e+00
1.260921599999999998e+01
9.456912000000000873e+00
6.304607999999999990e+00
1.103306399999999954e+01
9.456911999999999097e+00
1.418536799999999864e+01
4.728455999999999548e+00
1.576152000000000086e+01
1.103306399999999954e+01
-3.152303999999999107e+00
1.260921599999999998e+01
0.000000000000000000e+00
-6.304608000000001766e+00
1.576152000000000086e+01
1.576152000000000264e+01
0.000000000000000000e+00
1.576151999999999997e+00
1.103306399999999954e+01
1.418536800000000042e+01
4.728455999999999548e+00
2.679458400000000040e+01
1.418536800000000042e+01
2.048997599999999863e+01
1.733767199999999775e+01
7.880760000000001320e+00
1.733767200000000130e+01
1.418536799999999864e+01
6.304607999999999990e+00
1.260921599999999998e+01
-4.728455999999999548e+00
1.103306399999999954e+01
1.733767200000000130e+01
1.260921599999999998e+01
9.456911999999999097e+00
1.576152000000000086e+01
3.152303999999999551e+00
-4.728455999999999548e+00
7.880760000000000431e+00
1.418536800000000042e+01
1.260921599999999998e+01
1.260921599999999998e+01
6.304607999999999102e+00
-1.576151999999999997e+00
9.456911999999999097e+00
1.103306399999999954e+01
2.048997599999999863e+01
1.103306399999999954e+01
6.304607999999999990e+00
-6.304607999999999990e+00
7.880760000000000431e+00
2.206612800000000263e+01
2.206612799999999908e+01
1.733767200000000130e+01
1.260921599999999998e+01
1.260921599999999998e+01
-4.728456000000000437e+00
1.103306399999999954e+01
1.576152000000000086e+01
3.152303999999999107e+00
4.728456000000001325e+00
9.456912000000000873e+00
9.456912000000000873e+00
2.364227999999999952e+01
1.418536800000000042e+01
1.733767200000000130e+01
2.364227999999999952e+01
2.206612799999999908e+01
6.304607999999999990e+00
9.456911999999999097e+00
1.103306399999999954e+01
1.576151999999999997e+00
2.206612799999999908e+01
7.880759999999999543e+00
1.891382400000000175e+01
1.576152000000000086e+01
1.891382399999999819e+01
1.103306400000000131e+01
1.260921600000000176e+01
1.103306399999999954e+01
3.152303999999999551e+00
1.260921599999999998e+01
1.260921599999999998e+01
2.206612799999999908e+01
3.152303999999999995e+00
4.728455999999999548e+00
2.048997599999999863e+01
-1.576151999999999997e+00
2.837073599999999729e+01
7.880760000000000431e+00
-3.152303999999999995e+00
1.576152000000000086e+01
1.103306400000000131e+01
4.728455999999999548e+00
1.576151999999999997e+00
1.733767200000000130e+01
6.304607999999999990e+00
0.000000000000000000e+00
6.304607999999999990e+00
2.048997599999999863e+01
1.103306399999999954e+01
2.048997599999999863e+01
2.206612799999999908e+01
1.103306399999999954e+01
1.576151999999999997e+00
-3.152303999999999107e+00
1.418536800000000042e+01
4.728455999999999548e+00
4.728455999999999548e+00
1.260921599999999998e+01
1.576152000000000086e+01
1.103306399999999954e+01
6.304607999999999102e+00
1.103306399999999954e+01
1.418536800000000042e+01
1.103306400000000131e+01
1.891382399999999819e+01
7.880760000000000431e+00
2.364227999999999952e+01
2.206612800000000263e+01
1.576152000000000086e+01
0.000000000000000000e+00
1.260921599999999998e+01
2.994688800000000128e+01
1.260921600000000176e+01
1.260921599999999998e+01
-3.152304000000000883e+00
1.576152000000000086e+01
2.364227999999999952e+01
1.260921599999999998e+01
9.456911999999999097e+00
-1.576151999999999997e+00
9.456912000000000873e+00
2.206612799999999908e+01
3.152304000000000173e+01
1.418536800000000042e+01
1.103306399999999954e+01
3.152303999999999995e+00
1.260921599999999998e+01
9.456912000000000873e+00
9.456911999999999097e+00
2.048997599999999863e+01
1.733767200000000130e+01
3.152304000000000883e+00
1.576152000000000086e+01
1.891382400000000175e+01
2.206612799999999908e+01
3.309919200000000217e+01
1.733767199999999775e+01
1.733767199999999775e+01
-4.728456000000000437e+00
4.728455999999999548e+00
1.260921599999999998e+01
4.728455999999999548e+00
1.576152000000002218e+00
0.000000000000000000e+00
1.576152000000000442e+00
2.206612800000000263e+01
1.103306399999999954e+01
1.733767199999999775e+01
6.304607999999999102e+00
4.728455999999999548e+00
1.576151999999999553e+00
1.418536800000000042e+01
1.576151999999999997e+00
1.576151999999999997e+00
6.304607999999999990e+00
1.891382399999999819e+01
1.260921599999999998e+01
-3.152304000000000883e+00
-1.576151999999999997e+00
1.576152000000000086e+01
6.304607999999999102e+00
1.260921599999999998e+01
1.576151999999999997e+00
7.880760000000000431e+00
1.418536800000000042e+01
1.260921600000000176e+01
1.576151999999999553e+00
6.304607999999999102e+00
4.728455999999999548e+00
-6.304607999999999990e+00
7.880760000000000431e+00
1.891382400000000175e+01
9.456911999999999097e+00
7.880760000000000431e+00
1.576151999999999909e+01
7.880759999999998655e+00
1.418536800000000042e+01
7.880759999999999543e+00
1.418536800000000042e+01
-4.728455999999999548e+00
1.576151999999998665e+00
7.880759999999998655e+00
1.576152000000000086e+01
9.456911999999999097e+00
2.994688800000000128e+01
1.103306399999999954e+01
1.733767200000000130e+01
7.880760000000000431e+00
-6.304607999999999990e+00
1.576151999999999909e+01
1.103306399999999954e+01
6.304607999999999990e+00
6.304607999999999102e+00
3.309919200000000217e+01
2.206612799999999908e+01
-1.576151999999999997e+00
1.576151999999999997e+00
-6.304607999999999990e+00
3.152304000000000883e+00
4.728455999999999548e+00
4.728455999999999548e+00
4.728455999999999548e+00
3.152303999999999995e+00
4.728455999999999548e+00
6.304607999999999990e+00
9.456912000000000873e+00
6.304607999999999990e+00
4.728455999999999548e+00
1.260921599999999998e+01
2.048997599999999863e+01
1.891382400000000175e+01
1.576152000000000086e+01
0.000000000000000000e+00
9.456911999999999097e+00
9.456911999999999097e+00
1.103306399999999954e+01
9.456911999999999097e+00
1.733767200000000130e+01
1.891382400000000175e+01
1.103306400000000131e+01
6.304607999999999990e+00
1.260921599999999998e+01
1.418536800000000042e+01
1.576151999999999997e+00
-1.576152000000000442e+00
1.576152000000000442e+00
7.880760000000000431e+00
9.456911999999999097e+00
7.880759999999999543e+00
7.880759999999999543e+00
0.000000000000000000e+00
7.880760000000001320e+00
-1.576151999999998665e+00
-3.152304000000000883e+00
2.048997599999999863e+01
1.576152000000000086e+01
1.576151999999999553e+00
6.304608000000001766e+00
1.576152000000000086e+01
2.206612799999999908e+01
0.000000000000000000e+00
6.304607999999999990e+00
7.880759999999998655e+00
-4.728455999999999548e+00
1.576152000000000086e+01
1.103306399999999954e+01
1.418536800000000042e+01
1.260921599999999998e+01
0.000000000000000000e+00
2.206612799999999908e+01
4.728456000000000437e+00
9.456912000000000873e+00
6.304607999999999102e+00
3.152303999999999995e+00
4.728455999999999548e+00
1.891382400000000175e+01
1.260921599999999998e+01
-4.728455999999999548e+00
3.152303999999999995e+00
2.679458400000000040e+01
6.304607999999999990e+00
-4.728455999999999548e+00
7.880760000000000431e+00
1.891382400000000175e+01
6.304607999999999990e+00
3.152304000000000883e+00
1.418536800000000042e+01
2.048997599999999863e+01
1.103306399999999954e+01
1.103306400000000131e+01
2.521843199999999996e+01
1.103306399999999954e+01
1.733767200000000130e+01
9.456912000000000873e+00
1.891382399999999819e+01
3.152303999999999995e+00
2.048997599999999863e+01
4.728455999999999548e+00
1.576151999999999997e+00
1.260921599999999998e+01
1.103306400000000131e+01
1.103306400000000131e+01
1.891382400000000175e+01
1.418536800000000042e+01
1.576152000000000086e+01
2.364227999999999952e+01
2.521843199999999996e+01
1.733767199999999775e+01
9.456911999999999097e+00
0.000000000000000000e+00
-7.880759999999999543e+00
4.728455999999999548e+00
2.206612799999999908e+01
2.521843199999999996e+01
1.418536799999999864e+01
1.260921599999999998e+01
-3.152303999999999551e+00
6.304607999999999990e+00
-1.103306399999999954e+01
6.304607999999999990e+00
1.733767199999999775e+01
0.000000000000000000e+00
2.994688800000000128e+01
1.576151999999999553e+00
1.576152000000000442e+00
1.103306399999999954e+01
2.206612800000000263e+01
1.733767200000000130e+01
1.576151999999999997e+00
1.103306399999999954e+01
1.576152000000000442e+00
1.576152000000000086e+01
1.576151999999999997e+00
1.733767199999999775e+01
2.364228000000000307e+01
9.456911999999999097e+00
1.576152000000000086e+01
1.891382399999999819e+01
-3.152303999999999995e+00
-1.576152000000000442e+00
1.733767200000000130e+01
1.260921600000000176e+01
4.728456000000000437e+00
1.260921600000000176e+01
1.260921599999999998e+01
9.456911999999999097e+00
2.364227999999999952e+01
2.048997600000000219e+01
-1.576152000000000442e+00
1.103306399999999954e+01
4.728455999999999548e+00
-1.576151999999999997e+00
6.304608000000001766e+00
2.206612799999999908e+01
1.891382400000000175e+01
6.304607999999999990e+00
1.733767199999999775e+01
6.304607999999999990e+00
0.000000000000000000e+00
9.456912000000000873e+00
1.260921599999999820e+01
-1.576151999999999553e+00
1.576152000000000086e+01
1.103306399999999954e+01
1.103306400000000131e+01
7.880759999999999543e+00
9.456911999999999097e+00
1.576151999999999553e+00
6.304607999999999990e+00
1.418536800000000042e+01
1.733767200000000130e+01
2.521843199999999996e+01
2.679458400000000040e+01
-3.152303999999999107e+00
7.880760000000000431e+00
7.880760000000000431e+00
2.206612799999999908e+01
1.103306399999999954e+01
3.152303999999999107e+00
-3.152303999999999995e+00
1.576151999999999553e+00
6.304607999999999990e+00
2.994688800000000128e+01
7.880759999999999543e+00
2.048997600000000219e+01
-4.728455999999999548e+00
4.413225599999999815e+01
1.103306400000000131e+01
1.418536800000000042e+01
6.304607999999999990e+00
7.880760000000000431e+00
1.418536800000000042e+01
1.733767199999999775e+01
2.206612800000000263e+01
-6.304607999999999990e+00
2.679458400000000040e+01
1.103306399999999954e+01
1.418536800000000042e+01
2.048997599999999863e+01
1.576152000000000086e+01
-4.728456000000000437e+00
4.728455999999999548e+00
1.260921599999999998e+01
1.103306399999999954e+01
1.733767199999999775e+01
7.880760000000001320e+00
4.728455999999999548e+00
4.728455999999999548e+00
3.152304000000000883e+00
4.728455999999999548e+00
2.048997599999999863e+01
2.206612799999999908e+01
2.994688800000000128e+01
2.364227999999999952e+01
4.728455999999999548e+00
-1.260921599999999998e+01
4.728455999999999548e+00
-6.304607999999999990e+00
1.260921599999999998e+01
2.048997599999999863e+01
7.880760000000000431e+00
-9.456911999999999097e+00
1.103306400000000131e+01
9.456912000000000873e+00
2.521843199999999996e+01
4.728455999999999548e+00
9.456911999999999097e+00
3.152303999999999995e+00
7.880759999999999543e+00
2.364227999999999952e+01
1.891382399999999819e+01
4.728455999999999548e+00
9.456912000000000873e+00
1.260921599999999998e+01
9.456912000000000873e+00
-7.880760000000002208e+00
6.304607999999999990e+00
4.728455999999999548e+00
2.521843199999999996e+01
2.364227999999999952e+01
3.152304000000000173e+01
1.103306400000000131e+01
4.728455999999999548e+00
1.576151999999999997e+00
2.048997599999999863e+01
2.364227999999999952e+01
6.304607999999999990e+00
-1.576151999999999553e+00
1.103306399999999954e+01
1.418536800000000042e+01
1.260921599999999998e+01
9.456912000000000873e+00
-3.152303999999999995e+00
0.000000000000000000e+00
2.206612799999999908e+01
6.304607999999999990e+00
7.880759999999999543e+00
1.733767200000000130e+01
1.891382399999999819e+01
1.733767199999999775e+01
2.364227999999999952e+01
1.576151999999999909e+01
1.418536799999999864e+01
6.304607999999999990e+00
4.728455999999999548e+00
1.260921599999999998e+01
1.103306399999999954e+01
1.418536800000000042e+01
2.048997599999999863e+01
6.304607999999999102e+00
1.576152000000000086e+01
1.733767200000000130e+01
1.418536800000000042e+01
1.576151999999999553e+00
1.260921599999999998e+01
1.733767199999999775e+01
6.304607999999999990e+00
1.260921599999999998e+01
6.304607999999999990e+00
6.304607999999999990e+00
2.364227999999999952e+01
1.260921599999999998e+01
9.456912000000000873e+00
2.206612799999999908e+01
1.103306399999999954e+01
9.456912000000000873e+00
1.733767200000000130e+01
2.048997599999999863e+01
4.728455999999999548e+00
1.103306399999999954e+01
2.364227999999999952e+01
1.576151999999999553e+00
9.456912000000000873e+00
-4.728455999999999548e+00
-1.576151999999999997e+00
9.456912000000000873e+00
1.576151999999999553e+00
1.260921600000000176e+01
1.418536800000000042e+01
2.679458400000000040e+01
3.309919200000000217e+01
3.152303999999999995e+00
2.048997599999999863e+01
1.103306399999999954e+01
-1.576152000000000442e+00
9.456911999999999097e+00
1.260921599999999998e+01
1.576152000000000442e+00
1.576152000000000086e+01
2.206612800000000263e+01
2.048997599999999863e+01
1.418536800000000042e+01
6.304607999999999990e+00
1.103306399999999954e+01
1.260921599999999998e+01
2.364227999999999952e+01
7.880759999999998655e+00
1.891382400000000175e+01
1.733767200000000130e+01
2.206612799999999908e+01
1.891382399999999819e+01
4.728455999999999548e+00
1.418536800000000042e+01
1.103306399999999954e+01
1.418536800000000042e+01
2.206612800000000263e+01
9.456912000000000873e+00
1.103306399999999954e+01
1.576152000000000086e+01
1.260921599999999998e+01
3.152303999999999551e+00
1.260921599999999998e+01
4.728455999999999548e+00
-1.576151999999999553e+00
7.880759999999999543e+00
4.728455999999999548e+00
1.891382399999999819e+01
4.728455999999999548e+00
9.456912000000000873e+00
2.364228000000000307e+01
3.152303999999999995e+00
1.103306399999999954e+01
-7.880760000000000431e+00
1.418536800000000042e+01
9.456911999999999097e+00
-6.304607999999999990e+00
-1.576151999999999997e+00
0.000000000000000000e+00
1.733767199999999775e+01
2.994688800000000128e+01
2.206612800000000263e+01
2.206612799999999908e+01
1.260921599999999998e+01
1.260921600000000176e+01
3.152303999999999551e+00
2.521843199999999996e+01
1.260921599999999998e+01
-1.576151999999999997e+00
0.000000000000000000e+00
6.304607999999999990e+00
7.880759999999999543e+00
7.880760000000000431e+00
1.733767199999999775e+01
3.152303999999999995e+00
-3.152303999999999995e+00
6.304607999999999990e+00
1.260921599999999998e+01
1.733767200000000130e+01
9.456912000000000873e+00
2.048997599999999863e+01
7.880760000000001320e+00
3.152303999999999995e+00
1.576151999999999997e+00
1.576152000000000442e+00
7.880760000000000431e+00
3.152304000000000883e+00
1.103306400000000131e+01
7.880760000000000431e+00
2.364228000000000307e+01
1.418536800000000042e+01
3.152303999999999551e+00
3.152303999999999995e+00
1.576152000000000086e+01
7.880760000000000431e+00
0.000000000000000000e+00
6.304608000000001766e+00
3.152304000000000173e+01
9.456912000000000873e+00
2.206612800000000263e+01
1.418536800000000042e+01
-1.576151999999999997e+00
9.456912000000000873e+00
1.418536800000000042e+01
9.456912000000000873e+00
1.418536800000000042e+01
1.891382400000000175e+01
1.260921599999999998e+01
1.418536799999999864e+01
1.103306399999999954e+01
1.576152000000002218e+00
-4.728455999999999548e+00
1.103306399999999954e+01
2.364227999999999952e+01
-7.880760000000001320e+00
6.304607999999999990e+00
-1.260921599999999998e+01
2.521843199999999996e+01
9.456912000000000873e+00
3.152304000000000883e+00
1.418536800000000042e+01
6.304607999999999990e+00
1.576152000000000086e+01
2.048997600000000219e+01
1.260921599999999998e+01
1.576151999999999909e+01
1.891382400000000175e+01
3.152303999999999551e+00
1.418536799999999864e+01
6.304607999999999990e+00
1.260921599999999998e+01
1.576151999999999909e+01
4.728455999999999548e+00
7.880760000000000431e+00
1.576151999999999909e+01
2.048997599999999863e+01
2.206612799999999908e+01
6.304607999999999990e+00
6.304607999999999990e+00
-7.880759999999999543e+00
7.880760000000000431e+00
2.364227999999999952e+01
6.304607999999999990e+00
3.152303999999999995e+00
9.456912000000000873e+00
1.103306399999999954e+01
9.456912000000000873e+00
6.304607999999999990e+00
4.728455999999999548e+00
6.304607999999999102e+00
4.728455999999999548e+00
1.103306400000000131e+01
6.304607999999999990e+00
-3.152304000000000883e+00
3.152303999999999551e+00
9.456911999999999097e+00
9.456911999999999097e+00
1.576152000000000086e+01
9.456912000000000873e+00
-1.576152000000000442e+00
1.576152000000000086e+01
1.103306399999999954e+01
-1.576151999999999553e+00
6.304607999999999990e+00
-3.152303999999999995e+00
9.456911999999999097e+00
3.152303999999999995e+00
2.364227999999999952e+01
4.728455999999999548e+00
4.728455999999999548e+00
4.728455999999999548e+00
2.048997599999999863e+01
3.152303999999999995e+00
1.576151999999999553e+00
7.880760000000000431e+00
1.103306399999999954e+01
7.880759999999999543e+00
3.152303999999999995e+00
1.733767199999999775e+01
-3.152303999999999995e+00
-6.304607999999999102e+00
-7.880760000000000431e+00
3.152303999999999995e+00
1.576151999999999997e+00
7.880760000000000431e+00
6.304607999999999990e+00
2.206612799999999908e+01
1.576152000000000086e+01
1.576152000000000086e+01
0.000000000000000000e+00
1.891382400000000175e+01
1.260921599999999998e+01
-4.728455999999999548e+00
7.880760000000000431e+00
1.260921599999999998e+01
1.418536800000000042e+01
9.456911999999999097e+00
9.456911999999999097e+00
-7.880760000000000431e+00
4.728455999999999548e+00
2.364228000000000307e+01
1.103306399999999954e+01
9.456911999999999097e+00
4.728455999999999548e+00
9.456911999999999097e+00
9.456911999999999097e+00
2.994688800000000128e+01
9.456911999999999097e+00
1.576151999999999997e+00
-3.152303999999999995e+00
2.206612799999999908e+01
6.304607999999999102e+00
1.576151999999999909e+01
7.880759999999999543e+00
6.304608000000001766e+00
1.418536800000000042e+01
9.456912000000000873e+00
6.304607999999999990e+00
9.456911999999999097e+00
2.521843199999999996e+01
1.418536800000000042e+01
1.733767199999999775e+01
3.152304000000000173e+01
5.516531999999999414e+01
7.092683999999999855e+01
8.511220800000000963e+01
9.141681599999998298e+01
2.096282160000000090e+02
1.591913519999999949e+02
1.150590959999999967e+02
1.024498800000000074e+02
1.087544880000000092e+02
9.929757599999999229e+01
9.456911999999999807e+01
8.826451199999999631e+01
1.024498800000000074e+02
8.984066400000000385e+01
1.103306400000000167e+02
1.134829439999999892e+02
1.071783359999999874e+02
1.024498799999999932e+02
1.056021840000000083e+02
9.772142400000001317e+01
9.141681600000001140e+01
1.024498800000000074e+02
1.056021839999999941e+02
8.038375200000000120e+01
9.141681600000001140e+01
8.668836000000000297e+01
8.826451200000001052e+01
8.511220799999999542e+01
9.299296800000000474e+01
8.511220800000000963e+01
9.614527199999997720e+01
6.619838399999999012e+01
7.407914400000001365e+01
6.935068799999999101e+01
8.353605600000000209e+01
7.880760000000000787e+01
6.777453600000001188e+01
8.038375200000000120e+01
7.723144800000000032e+01
7.250299200000000610e+01
6.777453599999999767e+01
6.935068799999999101e+01
5.989377599999998836e+01
5.358916800000000080e+01
4.413225599999999815e+01
5.831762400000000213e+01
5.831762400000000213e+01
5.516532000000000124e+01
4.570840800000000570e+01
6.462223199999999679e+01
6.935068800000001943e+01
5.358916800000000791e+01
4.886071199999999237e+01
4.097995200000000438e+01
4.413225600000000526e+01
6.146992800000000301e+01
4.728455999999999904e+01
4.570840799999999859e+01
5.358916800000000080e+01
5.201301600000000036e+01
4.886071200000000658e+01
5.358916800000000080e+01
4.886071199999999948e+01
5.201301600000000747e+01
4.413225600000000526e+01
4.413225599999999815e+01
5.358916800000000791e+01
6.304608000000000345e+01
3.940379999999999683e+01
6.146992800000000301e+01
5.831762400000000923e+01
5.043686399999999992e+01
3.309919200000000217e+01
5.043686399999999992e+01
5.674147200000000169e+01
4.570840800000000570e+01
3.625149600000000305e+01
4.255610399999999061e+01
4.728455999999999904e+01
4.886071200000000658e+01
5.358916800000000080e+01
2.837073600000000440e+01
3.940380000000000393e+01
4.886071200000000658e+01
4.886071200000000658e+01
4.728455999999999904e+01
3.782764800000000349e+01
3.940380000000000393e+01
5.043686399999999992e+01
4.255610400000000482e+01
3.625149600000000305e+01
4.570840800000000570e+01
2.364227999999999952e+01
4.413225600000000526e+01
3.940380000000000393e+01
3.467534400000000971e+01
3.782764800000001060e+01
4.097995199999999727e+01
4.413225599999999815e+01
2.837073599999999729e+01
3.625149600000000305e+01
4.728455999999999904e+01
4.886071200000000658e+01
4.255610400000000482e+01
3.625149600000000305e+01
3.152304000000000173e+01
3.467534399999999550e+01
3.467534400000000261e+01
4.255610400000000482e+01
4.413225599999999815e+01
3.782764799999999639e+01
2.679458400000000040e+01
2.048997600000000574e+01
4.570840799999999859e+01
4.570840800000000570e+01
4.097995199999999727e+01
3.782764799999999639e+01
3.309919200000000217e+01
4.097995199999999727e+01
3.309919200000000217e+01
3.625149600000000305e+01
3.625149600000000305e+01
2.679458399999999685e+01
4.255610400000000482e+01
2.994688800000000484e+01
2.837073600000000084e+01
2.364227999999999952e+01
2.521843199999999996e+01
3.309919200000000217e+01
4.097995199999999727e+01
4.886071199999999948e+01
4.413225599999999815e+01
2.048997600000000219e+01
4.097995200000000438e+01
3.309919200000000217e+01
3.625149600000000305e+01
2.521843200000000706e+01
3.467534400000000971e+01
1.891382399999999819e+01
3.152304000000000173e+01
3.782764799999999639e+01
2.994688799999999773e+01
2.994688800000000839e+01
3.782764799999999639e+01
4.255610400000000482e+01
4.570840800000000570e+01
6.462223199999999679e+01
2.837073599999999729e+01
3.467534399999999550e+01
3.625149600000000305e+01
3.940380000000000393e+01
2.837073600000000084e+01
4.097995199999999727e+01
3.152304000000000173e+01
4.255610399999999771e+01
3.309919200000000217e+01
3.152304000000000528e+01
2.679458399999999685e+01
3.625149600000000305e+01
3.782764799999999639e+01
1.891382399999999819e+01
2.994688800000000484e+01
4.255610400000000482e+01
3.152304000000000173e+01
2.521843199999999641e+01
3.467534399999999550e+01
4.413225600000000526e+01
4.255610399999999771e+01
2.679458399999999685e+01
3.152303999999999817e+01
3.625149599999999595e+01
3.940380000000000393e+01
4.413225599999999815e+01
3.309919200000000217e+01
3.152303999999999817e+01
3.625149600000000305e+01
2.679458400000000040e+01
2.679458400000000395e+01
2.206612799999999908e+01
5.043686399999999281e+01
3.940379999999999683e+01
3.940380000000000393e+01
2.837073599999999729e+01
3.467534399999999550e+01
2.837073600000000440e+01
2.364227999999999597e+01
3.940380000000000393e+01
2.837073599999999729e+01
4.413225599999999815e+01
5.043686399999999281e+01
3.625149600000000305e+01
4.570840799999999859e+01
2.679458400000000395e+01
4.570840800000000570e+01
4.097995199999999727e+01
2.994688800000000484e+01
3.309919200000000217e+01
4.413225599999999815e+01
4.570840799999999149e+01
3.782764799999999639e+01
3.152304000000000528e+01
3.940379999999999683e+01
4.413225599999999815e+01
3.625149599999999595e+01
3.467534399999999550e+01
3.782764799999999639e+01
2.679458399999999685e+01
2.994688799999999773e+01
2.206612800000000618e+01
3.152304000000000173e+01
4.097995199999999727e+01
3.625149599999999595e+01
4.097995199999999727e+01
3.467534400000000971e+01
4.570840800000000570e+01
4.255610400000000482e+01
3.467534400000000261e+01
3.309919200000000217e+01
3.467534399999999550e+01
4.255610400000000482e+01
3.309919200000000217e+01
4.097995200000000438e+01
4.413225599999999815e+01
4.886071199999999948e+01
4.097995199999999727e+01
4.570840799999999859e+01
3.309919200000000217e+01
2.837073600000000440e+01
3.940379999999999683e+01
2.206612800000000263e+01
3.625149600000000305e+01
3.467534399999999550e+01
3.625149599999999595e+01
1.733767200000000130e+01
2.679458399999999330e+01
3.309919200000000217e+01
2.994688800000000839e+01
3.467534399999999550e+01
4.097995199999999727e+01
4.255610399999999771e+01
3.467534400000000971e+01
2.206612800000000618e+01
3.309919200000000217e+01
3.782764799999999639e+01
2.994688800000000484e+01
3.152303999999999817e+01
3.152304000000000173e+01
2.364228000000000307e+01
2.837073599999999729e+01
4.728455999999999904e+01
3.309919200000000217e+01
2.206612800000000263e+01
2.679458400000000395e+01
2.364227999999999952e+01
1.733767200000000130e+01
2.837073599999999729e+01
3.152303999999999462e+01
2.048997599999999508e+01
2.837073600000000084e+01
4.728455999999999904e+01
2.837073600000000440e+01
3.152304000000000173e+01
4.413225599999999815e+01
2.837073599999999729e+01
3.152303999999999462e+01
2.364227999999999952e+01
3.940380000000000393e+01
2.679458400000000040e+01
2.206612799999999552e+01
3.152304000000000528e+01
2.837073599999999729e+01
3.467534400000000971e+01
3.940380000000000393e+01
2.206612800000000263e+01
3.152303999999999817e+01
3.309919200000000217e+01
2.521843199999999641e+01
3.467534399999999550e+01
2.994688800000000128e+01
1.891382399999999819e+01
3.309919200000000217e+01
5.043686400000000702e+01
2.679458399999999685e+01
3.467534400000000261e+01
2.521843199999999641e+01
2.364227999999999597e+01
1.733767199999999420e+01
2.048997600000000219e+01
1.891382400000000175e+01
2.837073600000000440e+01
5.201301600000000036e+01
3.309919200000000217e+01
3.309919200000000217e+01
3.467534399999999550e+01
2.837073599999999729e+01
3.940380000000000393e+01
2.994688799999999418e+01
2.837073599999999729e+01
2.364228000000000307e+01
2.837073599999999729e+01
2.837073600000000084e+01
4.255610400000000482e+01
2.364228000000000307e+01
3.467534400000000261e+01
3.309919200000000217e+01
3.940380000000000393e+01
4.886071199999999948e+01
3.625149599999999595e+01
2.364228000000000307e+01
3.625149600000000305e+01
2.837073600000000440e+01
3.625149600000000305e+01
2.994688800000000484e+01
2.206612800000000263e+01
3.625149600000000305e+01
3.940379999999999683e+01
1.891382400000000175e+01
2.994688800000000128e+01
3.309919200000000217e+01
1.891382400000000175e+01
3.152303999999999462e+01
2.521843200000000706e+01
1.260921600000000353e+01
3.467534399999999550e+01
4.097995200000000438e+01
3.940379999999999683e+01
2.994688800000000484e+01
2.206612800000000263e+01
2.679458399999999330e+01
3.782764799999999639e+01
3.467534399999999550e+01
3.152303999999999817e+01
3.940380000000000393e+01
3.940379999999999683e+01
2.679458400000000395e+01
1.891382400000000175e+01
1.891382399999999819e+01
2.364228000000000307e+01
3.782764800000000349e+01
4.255610399999999771e+01
3.309919200000000217e+01
2.837073599999999729e+01
4.097995199999999727e+01
1.891382400000000175e+01
9.456911999999999097e+00
1.733767200000000130e+01
4.728456000000004877e+00
2.994688800000000484e+01
2.521843200000000351e+01
1.576152000000000086e+01
3.467534400000000261e+01
2.679458399999999685e+01
1.891382399999999819e+01
2.521843199999999996e+01
1.576152000000000442e+01
2.679458400000000395e+01
2.679458399999999330e+01
2.048997599999999508e+01
3.152303999999999817e+01
1.260921599999999998e+01
2.679458400000000040e+01
3.467534399999999550e+01
3.309919200000000217e+01
3.467534399999999550e+01
1.733767200000000130e+01
1.418536800000000042e+01
2.048997600000000219e+01
1.103306399999999954e+01
3.625149600000000305e+01
2.679458399999999330e+01
1.733767200000000486e+01
2.364228000000000307e+01
2.679458400000000395e+01
1.733767200000000130e+01
2.679458399999999330e+01
2.206612800000000618e+01
2.364227999999999952e+01
2.994688799999999773e+01
2.521843199999999641e+01
1.103306400000000664e+01
2.206612800000000618e+01
4.570840800000000570e+01
3.782764799999999639e+01
2.048997600000000219e+01
2.837073600000000440e+01
2.837073600000000440e+01
2.679458400000000395e+01
2.206612799999999908e+01
2.994688800000000128e+01
3.152304000000000173e+01
3.625149599999999595e+01
2.206612799999999552e+01
2.521843199999999996e+01
2.521843199999999996e+01
2.837073600000000440e+01
2.048997600000000574e+01
1.891382400000000175e+01
3.940379999999999683e+01
3.152304000000000173e+01
2.521843199999999641e+01
1.576151999999999909e+01
1.260921599999999998e+01
2.679458399999999330e+01
2.048997599999999863e+01
2.364228000000000307e+01
1.576151999999999909e+01
3.152304000000000528e+01
2.521843199999999996e+01
3.309919200000000217e+01
3.782764799999999639e+01
3.940380000000000393e+01
2.521843200000000351e+01
3.782764800000000349e+01
4.255610399999999771e+01
3.782764799999999639e+01
2.048997600000000219e+01
2.048997599999999508e+01
9.456912000000002649e+00
2.679458400000000395e+01
2.679458400000000040e+01
2.679458400000000395e+01
2.364228000000000307e+01
2.679458400000000040e+01
3.467534400000000261e+01
3.940380000000000393e+01
1.576152000000000442e+01
1.576152000000000086e+01
3.625149599999999595e+01
2.206612800000000263e+01
2.048997600000000574e+01
2.206612799999999908e+01
3.940379999999999683e+01
4.097995200000000438e+01
2.206612800000000618e+01
2.364228000000000307e+01
3.782764799999999639e+01
1.891382400000000175e+01
2.206612800000000263e+01
2.521843199999999641e+01
3.152304000000000528e+01
4.255610399999999771e+01
2.994688799999999773e+01
3.782764800000000349e+01
2.679458399999999330e+01
2.679458400000000395e+01
1.733767199999999775e+01
1.418536800000000397e+01
2.048997600000000219e+01
2.521843199999999641e+01
3.940379999999999683e+01
1.891382400000000175e+01
2.364228000000000662e+01
4.097995199999999727e+01
3.309919200000000217e+01
2.837073600000000084e+01
3.152304000000000173e+01
2.364228000000000307e+01
2.206612800000000618e+01
3.152303999999999462e+01
2.994688800000000128e+01
1.891382400000000175e+01
2.994688800000000128e+01
3.152303999999999462e+01
3.309919200000000217e+01
3.467534399999999550e+01
3.309919200000000217e+01
2.994688800000000484e+01
1.891382400000000175e+01
1.103306399999999954e+01
2.521843199999999641e+01
2.679458400000000395e+01
7.880759999999998655e+00
1.891382400000000530e+01
4.097995199999999727e+01
2.048997599999999508e+01
1.576151999999999909e+01
2.364228000000000307e+01
3.309919200000000217e+01
2.837073600000000084e+01
2.837073600000000084e+01
3.467534399999999550e+01
1.733767200000000486e+01
2.048997600000000574e+01
3.152303999999999462e+01
3.152303999999999817e+01
2.679458400000000395e+01
2.206612800000000618e+01
1.576152000000000442e+01
2.837073600000000440e+01
2.048997600000000219e+01
4.413225599999999815e+01
3.152304000000000173e+01
2.364228000000000662e+01
1.733767200000000130e+01
2.679458400000000040e+01
2.206612800000000263e+01
3.625149600000000305e+01
2.837073600000000084e+01
3.782764800000000349e+01
3.152304000000000528e+01
3.152304000000000528e+01
2.679458400000000040e+01
4.097995199999999727e+01
2.837073600000000084e+01
2.206612800000000263e+01
3.152304000000000173e+01
3.940380000000000393e+01
7.880760000000002208e+00
2.206612799999999908e+01
2.364228000000000307e+01
2.364227999999999952e+01
1.418536800000000220e+01
2.837073600000000084e+01
2.521843199999999996e+01
2.994688800000000128e+01
2.837073600000000084e+01
2.837073600000000440e+01
3.940379999999999683e+01
3.309919200000000217e+01
2.521843199999999996e+01
4.097995200000000438e+01
2.837073600000000084e+01
1.576151999999999909e+01
1.891382400000000175e+01
2.521843199999999996e+01
3.940379999999999683e+01
2.837073600000000084e+01
1.576152000000000086e+01
1.891382400000000175e+01
3.467534400000000261e+01
2.048997600000000574e+01
2.521843200000000351e+01
4.255610400000000482e+01
3.467534400000000261e+01
2.521843199999999996e+01
3.625149600000000305e+01
3.467534400000000261e+01
1.418536799999999864e+01
1.733767199999999775e+01
2.994688800000000484e+01
2.048997599999999863e+01
4.097995200000000438e+01
3.467534399999999550e+01
3.309919200000000217e+01
3.625149599999999595e+01
2.994688800000000128e+01
2.364228000000000307e+01
2.679458400000000395e+01
1.891382400000000530e+01
2.994688800000000484e+01
2.837073600000000084e+01
0.000000000000000000e+00
-1.576152000000000442e+00
2.364227999999999952e+01
1.891382399999999819e+01
3.152304000000000173e+01
1.418536800000000042e+01
3.467534400000000261e+01
5.516532000000000124e+01
2.364228000000000662e+01
1.260921599999999998e+01
1.418536800000000042e+01
2.206612799999999908e+01
2.679458400000000040e+01
2.994688800000000128e+01
3.782764800000000349e+01
2.837073600000000084e+01
2.206612800000000263e+01
3.625149600000000305e+01
2.994688799999999418e+01
1.733767200000000130e+01
3.467534399999999550e+01
2.837073600000000084e+01
2.206612799999999908e+01
2.679458400000000040e+01
1.733767200000000130e+01
1.733767199999999775e+01
1.576152000000000086e+01
2.521843200000000351e+01
3.152304000000000173e+01
9.456911999999999097e+00
1.891382400000000530e+01
2.994688799999999418e+01
3.467534400000000261e+01
3.467534400000000261e+01
3.309919200000000217e+01
4.097995200000000438e+01
1.891382400000000175e+01
2.364228000000000662e+01
2.837073599999999729e+01
1.891382400000000175e+01
2.206612800000000263e+01
9.456911999999999097e+00
2.994688800000000128e+01
1.891382399999999819e+01
1.891382400000000175e+01
2.837073600000000084e+01
2.364227999999999952e+01
1.891382399999999819e+01
2.206612800000000263e+01
2.837073599999999729e+01
2.994688799999999418e+01
3.467534399999999550e+01
3.940380000000000393e+01
2.994688799999999418e+01
2.048997600000000219e+01
3.309919200000000217e+01
1.260921599999999998e+01
1.733767200000000486e+01
3.625149600000000305e+01
3.940379999999999683e+01
2.364227999999999952e+01
3.782764800000000349e+01
2.837073600000000084e+01
2.837073600000000084e+01
3.309919200000000217e+01
2.994688799999999418e+01
2.679458400000000395e+01
2.206612800000000263e+01
1.576152000000000264e+01
2.364228000000000662e+01
2.837073600000000084e+01
1.733767200000000130e+01
3.309919200000000217e+01
4.255610400000000482e+01
4.413225599999999815e+01
2.048997599999999863e+01
2.521843199999999996e+01
4.413225599999999815e+01
2.521843199999999996e+01
2.994688800000000128e+01
1.733767200000000486e+01
2.364228000000000307e+01
2.679458400000000395e+01
1.576152000000000086e+01
2.521843199999999996e+01
1.733767200000000130e+01
2.364227999999999952e+01
2.994688800000000484e+01
2.679458400000000040e+01
2.521843199999999996e+01
2.837073600000000084e+01
2.364227999999999952e+01
2.994688799999999418e+01
2.994688800000000484e+01
6.304608000000001766e+00
2.048997599999999863e+01
2.994688800000000128e+01
3.309919200000000217e+01
3.467534399999999550e+01
2.679458400000000040e+01
6.304608000000001766e+00
2.521843199999999996e+01
2.994688800000000128e+01
1.891382400000000175e+01
7.880760000000002208e+00
2.206612799999999908e+01
2.048997599999999863e+01
3.782764800000000349e+01
3.782764800000000349e+01
2.679458400000000395e+01
2.994688800000000128e+01
3.625149600000000305e+01
2.048997599999999863e+01
2.364228000000000307e+01
1.733767199999999775e+01
1.576152000000000442e+01
2.679458400000000395e+01
2.364228000000000662e+01
2.206612799999999908e+01
2.837073600000000084e+01
2.837073600000000084e+01
2.679458400000000040e+01
1.733767199999999775e+01
2.048997599999999863e+01
2.364227999999999597e+01
2.679458400000000395e+01
3.467534400000000261e+01
2.837073600000000084e+01
3.782764800000000349e+01
9.456911999999999097e+00
2.206612799999999908e+01
2.521843199999999996e+01
2.679458400000000040e+01
2.679458400000000395e+01
2.994688800000000128e+01
2.679458399999999330e+01
2.679458400000000040e+01
1.418536800000000220e+01
2.364227999999999952e+01
3.625149600000000305e+01
2.206612800000000263e+01
1.733767200000000486e+01
1.576152000000000086e+01
2.837073600000000084e+01
4.886071200000000658e+01
2.994688800000000128e+01
2.837073600000000084e+01
2.206612800000000263e+01
2.364228000000000662e+01
1.733767200000000130e+01
1.576151999999999376e+01
2.364227999999999952e+01
2.521843200000000706e+01
2.837073600000000084e+01
1.891382399999999819e+01
3.940380000000000393e+01
1.576152000000000264e+01
1.418536799999999864e+01
1.576152000000000086e+01
9.456911999999999097e+00
7.880760000000000431e+00
3.625149600000000305e+01
2.679458399999999330e+01
4.570840800000000570e+01
1.891382399999999819e+01
1.891382400000000175e+01
3.152304000000000173e+01
3.940380000000000393e+01
2.994688800000000128e+01
1.733767199999999775e+01
1.733767199999999775e+01
2.994688800000000128e+01
2.994688800000000128e+01
3.467534400000000261e+01
2.679458400000000395e+01
2.837073600000000084e+01
3.309919200000000217e+01
3.152304000000000173e+01
3.625149600000000305e+01
1.103306399999999954e+01
3.940379999999999683e+01
3.782764800000000349e+01
1.891382400000000530e+01
1.891382400000000175e+01
2.364227999999999952e+01
2.837073600000000440e+01
2.048997600000000574e+01
4.097995200000000438e+01
4.570840799999999859e+01
2.679458400000000395e+01
2.521843199999999996e+01
1.733767199999999775e+01
2.206612799999999908e+01
6.304608000000001766e+00
2.364227999999999952e+01
2.679458400000000395e+01
2.048997599999999863e+01
2.048997600000000219e+01
2.837073600000000084e+01
2.679458400000000040e+01
1.576152000000000086e+01
2.206612800000000263e+01
2.679458400000000040e+01
3.467534400000000261e+01
2.048997599999999863e+01
2.206612799999999908e+01
1.260921599999999998e+01
9.456911999999999097e+00
2.206612799999999908e+01
1.891382399999999819e+01
3.467534400000000261e+01
4.728456000000000614e+01
2.837073600000000084e+01
2.837073600000000084e+01
2.994688800000000128e+01
3.309919200000000217e+01
2.994688800000000128e+01
3.782764799999999639e+01
1.733767199999999775e+01
1.576151999999999909e+01
2.206612800000000263e+01
2.364227999999999952e+01
4.413225599999999815e+01
3.782764800000000349e+01
2.837073600000000084e+01
4.097995199999999727e+01
2.837073600000000084e+01
2.679458400000000395e+01
2.837073600000000084e+01
2.206612800000000263e+01
2.521843199999999996e+01
3.152303999999999462e+01
2.521843199999999996e+01
2.521843199999999996e+01
4.570840800000000570e+01
3.782764799999999639e+01
3.152304000000000173e+01
3.309919200000000217e+01
3.940380000000000393e+01
3.309919200000000217e+01
2.994688800000000128e+01
2.048997600000000219e+01
2.521843200000000706e+01
2.364228000000000307e+01
2.206612800000000263e+01
3.625149600000000305e+01
2.521843200000000351e+01
2.837073600000000084e+01
3.625149600000000305e+01
2.364228000000000307e+01
1.576152000000000086e+01
3.467534400000000261e+01
2.679458400000000040e+01
1.891382400000000175e+01
2.521843199999999996e+01
3.467534400000000261e+01
2.364228000000000662e+01
2.994688800000000128e+01
1.418536800000000042e+01
2.837073600000000084e+01
3.309919200000000217e+01
2.206612799999999908e+01
2.206612800000000263e+01
1.418536800000000220e+01
1.733767200000000486e+01
1.733767199999999775e+01
2.048997600000000219e+01
3.467534400000000261e+01
1.733767199999999775e+01
9.456912000000002649e+00
1.418536799999999864e+01
1.733767200000000130e+01
1.891382400000000175e+01
3.625149600000000305e+01
1.418536800000000042e+01
3.309919200000000217e+01
2.837073600000000084e+01
1.891382399999999819e+01
1.733767200000000130e+01
2.521843200000000351e+01
2.048997599999999863e+01
3.152304000000000173e+01
1.733767199999999775e+01
1.733767200000000130e+01
4.728456000000001325e+00
3.152303999999997330e+00
2.206612800000000263e+01
3.625149599999999595e+01
3.309919199999999506e+01
2.206612800000000263e+01
3.467534400000000971e+01
9.456912000000000873e+00
2.364227999999999952e+01
2.206612800000000263e+01
2.521843199999999996e+01
1.733767199999999775e+01
1.733767200000000130e+01
9.456912000000000873e+00
2.206612799999999908e+01
1.576152000000000264e+01
2.679458400000000040e+01
1.733767199999999775e+01
1.418536800000000220e+01
1.891382400000000175e+01
2.364228000000000307e+01
1.733767200000000486e+01
2.206612799999999908e+01
3.152304000000000173e+01
2.521843200000000351e+01
3.309919200000000217e+01
2.679458400000000395e+01
2.837073600000000084e+01
1.576152000000000086e+01
4.728456000000001325e+00
2.048997600000000219e+01
2.521843199999999996e+01
2.679458400000000040e+01
2.994688800000000128e+01
2.994688800000000128e+01
3.782764799999999639e+01
3.782764800000000349e+01
1.576151999999999731e+01
1.103306400000000664e+01
4.728455999999997772e+00
1.260921599999999820e+01
2.048997599999999863e+01
2.048997599999999863e+01
2.364228000000000307e+01
2.994688800000000128e+01
2.994688800000000484e+01
2.521843199999999996e+01
2.048997600000000574e+01
2.521843199999999996e+01
2.679458400000000040e+01
3.309919200000000217e+01
3.309919200000000217e+01
6.304608000000001766e+00
1.418536799999999864e+01
2.206612799999999908e+01
2.994688799999999418e+01
1.891382400000000175e+01
2.521843199999999996e+01
2.048997599999999863e+01
2.048997599999999863e+01
4.097995200000000438e+01
3.309919200000000217e+01
1.891382399999999819e+01
3.309919200000000217e+01
3.782764799999999639e+01
3.152304000000000173e+01
2.048997599999999863e+01
3.940379999999999683e+01
2.679458400000000395e+01
2.521843199999999996e+01
2.048997600000000219e+01
1.103306400000000131e+01
2.679458400000000040e+01
1.891382400000000175e+01
3.782764800000000349e+01
3.940379999999999683e+01
9.456912000000000873e+00
2.521843199999999996e+01
1.733767199999999775e+01
1.418536800000000042e+01
1.260921600000000353e+01
2.521843200000000351e+01
3.782764799999999639e+01
1.891382399999999819e+01
1.103306399999999954e+01
2.048997599999999863e+01
1.418536800000000042e+01
2.994688800000000128e+01
3.467534400000000261e+01
2.679458400000000395e+01
2.048997600000000219e+01
2.364227999999999952e+01
3.625149600000000305e+01
2.048997599999999863e+01
2.679458400000000040e+01
3.467534400000000261e+01
2.364228000000000307e+01
1.103306399999999954e+01
1.733767200000000130e+01
1.576152000000000086e+01
2.994688800000000128e+01
2.048997599999999863e+01
3.152304000000000173e+01
2.206612799999999908e+01
2.994688800000000128e+01
2.679458400000000040e+01
1.733767200000000130e+01
1.260921599999999820e+01
1.891382400000000175e+01
2.521843199999999996e+01
1.733767199999999775e+01
2.679458400000000040e+01
2.994688800000000128e+01
2.048997599999999863e+01
1.418536800000000220e+01
2.837073600000000440e+01
5.201301600000000747e+01
2.206612799999999908e+01
3.152304000000000883e+00
2.048997599999999863e+01
2.994688800000000484e+01
3.467534399999999550e+01
2.837073600000000084e+01
2.837073600000000084e+01
2.679458400000000040e+01
1.891382400000000530e+01
2.048997599999999863e+01
1.733767199999999775e+01
2.521843199999999996e+01
2.364227999999999952e+01
2.837073600000000084e+01
2.521843199999999996e+01
2.364227999999999952e+01
2.206612799999999908e+01
1.418536800000000220e+01
1.103306400000000309e+01
2.837073600000000084e+01
3.467534400000000261e+01
3.309919200000000217e+01
2.048997600000000219e+01
2.206612799999999908e+01
1.733767200000000486e+01
4.255610400000000482e+01
2.206612799999999908e+01
1.103306399999999776e+01
2.048997600000000219e+01
2.206612799999999908e+01
2.048997599999999863e+01
1.260921600000000353e+01
3.782764800000000349e+01
3.152303999999999462e+01
2.521843199999999996e+01
3.152304000000000173e+01
1.576151999999999909e+01
2.206612799999999908e+01
2.679458400000000395e+01
2.048997599999999863e+01
2.994688800000000128e+01
1.733767199999999775e+01
2.364227999999999952e+01
1.418536800000000042e+01
2.837073600000000084e+01
1.576151999999999731e+01
1.576152000000000264e+01
2.521843200000000706e+01
2.364227999999999952e+01
3.467534400000000261e+01
3.467534400000000261e+01
1.260921599999999998e+01
2.837073600000000084e+01
9.456911999999999097e+00
2.206612799999999908e+01
3.152304000000000173e+01
2.837073600000000084e+01
1.733767200000000130e+01
1.891382399999999819e+01
2.994688800000000128e+01
1.418536799999999864e+01
4.413225599999999815e+01
1.576152000000000086e+01
3.782764800000000349e+01
2.364227999999999952e+01
2.048997599999999863e+01
3.309919200000000217e+01
2.679458400000000040e+01
1.418536800000000042e+01
2.364227999999999952e+01
2.521843199999999996e+01
2.679458400000000395e+01
3.467534400000000261e+01
1.733767200000000130e+01
1.733767199999999775e+01
2.994688800000000128e+01
3.782764800000000349e+01
3.309919200000000217e+01
2.206612799999999908e+01
1.576152000000000086e+01
2.837073600000000084e+01
2.048997599999999863e+01
1.733767199999999775e+01
7.880760000000000431e+00
1.576152000000000086e+01
1.733767199999999775e+01
4.255610400000000482e+01
4.097995200000000438e+01
3.309919200000000217e+01
1.576152000000000086e+01
1.733767200000000130e+01
2.048997599999999863e+01
2.679458400000000040e+01
2.994688800000000128e+01
2.206612799999999908e+01
3.467534400000000261e+01
4.097995199999999727e+01
3.940379999999999683e+01
1.418536800000000042e+01
2.837073599999999729e+01
2.679458400000000040e+01
1.891382399999999819e+01
2.679458400000000395e+01
2.364227999999999952e+01
2.364227999999999952e+01
2.521843199999999996e+01
3.152303999999999107e+00
1.891382399999999819e+01
2.364227999999999952e+01
2.994688800000000128e+01
2.048997600000000219e+01
1.418536800000000220e+01
9.456911999999999097e+00
1.576152000000000264e+01
1.260921599999999998e+01
1.260921599999999998e+01
2.679458400000000040e+01
2.521843199999999996e+01
3.152304000000000173e+01
2.048997599999999863e+01
2.837073600000000084e+01
2.048997599999999863e+01
2.521843199999999996e+01
2.364228000000000662e+01
1.418536800000000220e+01
1.418536800000000220e+01
1.891382399999999819e+01
2.521843199999999996e+01
4.728456000000000614e+01
2.364227999999999952e+01
3.309919200000000217e+01
3.309919200000000217e+01
2.048997600000000219e+01
4.097995199999999727e+01
4.255610399999999771e+01
2.521843199999999996e+01
2.679458400000000040e+01
2.994688800000000128e+01
2.837073600000000084e+01
2.994688800000000128e+01
2.521843199999999996e+01
2.206612799999999908e+01
1.260921599999999820e+01
2.837073600000000084e+01
3.467534400000000261e+01
3.152304000000000173e+01
1.891382400000000175e+01
2.048997600000000219e+01
4.097995200000000438e+01
3.152304000000000173e+01
1.260921600000000176e+01
1.260921599999999998e+01
3.467534400000000261e+01
1.891382399999999819e+01
1.103306399999999954e+01
2.837073600000000084e+01
2.364228000000000307e+01
3.940379999999999683e+01
3.152303999999999462e+01
2.048997599999999863e+01
4.728456000000001325e+00
1.891382399999999819e+01
9.456911999999999097e+00
9.456911999999999097e+00
1.733767200000000130e+01
3.152304000000000173e+01
1.576151999999999909e+01
2.679458400000000040e+01
2.206612799999999908e+01
2.521843199999999996e+01
2.048997599999999863e+01
2.206612799999999908e+01
2.206612800000000618e+01
2.364227999999999952e+01
2.521843199999999996e+01
1.260921599999999998e+01
2.521843199999999996e+01
1.576151999999999909e+01
2.837073600000000084e+01
2.679458400000000040e+01
2.048997599999999863e+01
2.048997599999999863e+01
2.837073600000000084e+01
3.782764800000000349e+01
2.837073600000000084e+01
2.837073600000000440e+01
1.418536799999999864e+01
2.364228000000000662e+01
7.880760000000002208e+00
1.576151999999999909e+01
2.521843199999999996e+01
2.837073600000000084e+01
2.364227999999999952e+01
2.679458400000000040e+01
2.837073600000000084e+01
1.418536800000000042e+01
2.521843199999999996e+01
2.994688800000000128e+01
1.733767200000000130e+01
3.467534400000000261e+01
2.837073600000000084e+01
2.837073600000000084e+01
3.625149600000000305e+01
2.048997599999999863e+01
3.625149600000000305e+01
4.097995200000000438e+01
9.456911999999999097e+00
2.048997599999999863e+01
2.679458400000000040e+01
2.994688800000000128e+01
2.206612799999999908e+01
2.048997599999999863e+01
2.521843199999999996e+01
2.994688800000000128e+01
2.048997599999999863e+01
1.891382399999999819e+01
2.048997599999999863e+01
1.103306399999999954e+01
2.206612799999999552e+01
2.837073599999999729e+01
1.891382400000000175e+01
1.260921599999999998e+01
2.206612799999999908e+01
2.679458400000000395e+01
2.206612800000000263e+01
1.891382399999999819e+01
4.097995199999999727e+01
2.521843200000000351e+01
2.521843199999999996e+01
3.467534400000000261e+01
3.782764800000000349e+01
2.679458400000000040e+01
1.733767200000000486e+01
2.521843199999999996e+01
3.467534400000000261e+01
3.309919200000000217e+01
2.994688800000000128e+01
1.418536800000000220e+01
1.891382399999999819e+01
3.152303999999999107e+00
1.260921600000000353e+01
3.467534399999999550e+01
3.940380000000000393e+01
3.309919200000000217e+01
2.679458400000000040e+01
3.782764800000000349e+01
4.570840799999999859e+01
1.260921600000000176e+01
2.364227999999999952e+01
1.576151999999999909e+01
2.364228000000000662e+01
2.206612800000000263e+01
2.521843199999999996e+01
3.467534400000000261e+01
2.521843199999999996e+01
1.576152000000000086e+01
2.048997599999999863e+01
2.048997599999999863e+01
3.152304000000000173e+01
2.364227999999999952e+01
1.260921599999999998e+01
3.625149600000000305e+01
1.418536800000000220e+01
2.521843199999999996e+01
1.891382399999999819e+01
2.679458400000000040e+01
3.152304000000000173e+01
1.103306399999999954e+01
3.467534400000000261e+01
4.255610400000000482e+01
2.521843199999999996e+01
1.891382399999999819e+01
1.733767199999999775e+01
2.521843199999999996e+01
2.837073600000000440e+01
1.733767199999999775e+01
1.260921599999999998e+01
3.940380000000000393e+01
2.679458400000000040e+01
1.418536800000000220e+01
1.576151999999999909e+01
2.521843199999999996e+01
2.679458400000000040e+01
2.048997599999999863e+01
1.576152000000000264e+01
0.000000000000000000e+00
1.891382399999999819e+01
2.994688800000000484e+01
3.152304000000000173e+01
3.940380000000000393e+01
3.467534400000000261e+01
2.206612799999999908e+01
1.260921599999999998e+01
2.679458400000000040e+01
3.467534400000000261e+01
3.467534400000000261e+01
2.364227999999999952e+01
2.679458400000000040e+01
1.733767199999999775e+01
3.152304000000000173e+01
3.152304000000000173e+01
1.891382399999999819e+01
2.206612799999999908e+01
2.521843199999999996e+01
2.206612799999999908e+01
3.782764799999999639e+01
1.418536800000000220e+01
2.994688800000000128e+01
3.152304000000000173e+01
3.152304000000000173e+01
3.309919200000000217e+01
2.521843199999999996e+01
2.837073600000000084e+01
1.260921599999999998e+01
2.048997599999999863e+01
2.206612800000000263e+01
2.364228000000000662e+01
2.364227999999999952e+01
3.782764799999999639e+01
3.152304000000000173e+01
3.625149600000000305e+01
3.625149600000000305e+01
2.679458400000000040e+01
3.309919200000000217e+01
1.891382399999999819e+01
2.679458400000000040e+01
2.521843199999999996e+01
2.521843199999999996e+01
2.521843199999999996e+01
2.206612799999999908e+01
3.309919200000000217e+01
2.679458400000000040e+01
2.206612799999999908e+01
1.733767200000000130e+01
3.309919200000000217e+01
3.467534400000000261e+01
2.521843199999999996e+01
2.206612799999999908e+01
2.679458400000000040e+01
1.418536800000000042e+01
2.521843199999999996e+01
3.309919200000000217e+01
1.733767200000000486e+01
2.048997600000000219e+01
2.364227999999999952e+01
1.733767199999999775e+01
2.679458400000000040e+01
1.103306399999999954e+01
2.206612799999999908e+01
3.152304000000000173e+01
1.733767200000000486e+01
2.521843200000000351e+01
1.891382399999999819e+01
2.364228000000000307e+01
4.097995199999999727e+01
9.456912000000000873e+00
1.733767200000000130e+01
2.048997600000000574e+01
2.521843199999999996e+01
3.782764799999999639e+01
2.837073600000000084e+01
7.880760000000002208e+00
1.733767200000000130e+01
7.880760000000000431e+00
2.206612800000000263e+01
7.880760000000000431e+00
9.456912000000000873e+00
2.994688800000000128e+01
2.837073600000000084e+01
3.309919200000000217e+01
2.364227999999999952e+01
2.994688800000000128e+01
2.994688800000000128e+01
2.837073600000000084e+01
1.891382399999999819e+01
3.467534400000000261e+01
2.837073600000000440e+01
2.994688800000000128e+01
1.891382399999999819e+01
1.418536800000000042e+01
2.364227999999999952e+01
3.152304000000000883e+00
1.103306400000000131e+01
3.467534400000000261e+01
3.309919200000000217e+01
2.048997599999999863e+01
2.048997600000000574e+01
2.364227999999999952e+01
1.418536800000000042e+01
2.679458400000000040e+01
2.521843199999999996e+01
2.994688800000000128e+01
2.364228000000000307e+01
1.260921600000000176e+01
1.418536800000000042e+01
1.733767199999999775e+01
2.521843199999999996e+01
3.309919200000000217e+01
3.467534400000000261e+01
3.625149600000000305e+01
1.260921599999999820e+01
2.679458400000000040e+01
2.837073600000000084e+01
3.152304000000000173e+01
2.994688800000000128e+01
2.521843199999999996e+01
1.418536800000000220e+01
2.521843199999999996e+01
2.837073600000000084e+01
1.891382400000000175e+01
2.364228000000000307e+01
3.782764800000000349e+01
4.728456000000000614e+01
4.097995200000000438e+01
3.940380000000000393e+01
2.206612799999999908e+01
1.891382400000000175e+01
1.733767200000000130e+01
2.206612799999999908e+01
2.837073600000000084e+01
2.206612799999999908e+01
3.467534400000000261e+01
2.364227999999999952e+01
2.679458400000000040e+01
2.837073600000000440e+01
3.467534400000000261e+01
2.206612799999999908e+01
3.467534400000000261e+01
2.364228000000000307e+01
2.521843199999999996e+01
3.625149599999999595e+01
2.364227999999999952e+01
2.364227999999999952e+01
1.891382399999999819e+01
4.097995200000000438e+01
1.418536800000000220e+01
2.364227999999999952e+01
3.782764799999999639e+01
3.625149600000000305e+01
2.521843199999999996e+01
1.418536800000000042e+01
2.679458400000000040e+01
1.733767200000000130e+01
2.837073600000000440e+01
2.521843200000000706e+01
3.625149600000000305e+01
2.994688800000000484e+01
2.206612799999999908e+01
1.418536799999999864e+01
1.576152000000000264e+01
3.782764800000000349e+01
4.255610400000000482e+01
3.467534400000000261e+01
4.413225600000000526e+01
3.152304000000000173e+01
2.048997600000000219e+01
2.837073599999999729e+01
2.364227999999999952e+01
1.576152000000000086e+01
2.837073600000000440e+01
3.467534400000000261e+01
4.097995200000000438e+01
2.679458400000000040e+01
2.364227999999999952e+01
3.940380000000000393e+01
3.940380000000000393e+01
2.206612799999999908e+01
3.782764800000000349e+01
3.467534400000000261e+01
3.625149600000000305e+01
2.679458400000000040e+01
2.206612799999999908e+01
2.994688800000000128e+01
4.097995199999999727e+01
2.994688800000000128e+01
2.994688800000000128e+01
3.782764800000000349e+01
2.364228000000000307e+01
1.733767200000000130e+01
2.364227999999999952e+01
2.364227999999999952e+01
1.260921599999999998e+01
1.103306399999999954e+01
3.467534400000000261e+01
2.048997599999999863e+01
1.891382400000000175e+01
3.309919199999999506e+01
1.103306400000000131e+01
1.576152000000000442e+00
1.891382399999999819e+01
3.782764800000000349e+01
2.048997600000000574e+01
1.891382399999999819e+01
1.576151999999999909e+01
3.152304000000000173e+01
3.152304000000000173e+01
1.418536800000000220e+01
1.576151999999999909e+01
2.521843199999999996e+01
9.456912000000000873e+00
2.837073600000000084e+01
2.679458400000000040e+01
1.576152000000000264e+01
2.521843199999999996e+01
1.891382400000000175e+01
3.309919200000000217e+01
2.206612800000000263e+01
1.891382399999999819e+01
1.891382400000000175e+01
2.048997600000000219e+01
2.521843199999999996e+01
2.994688800000000128e+01
1.260921599999999998e+01
2.206612799999999908e+01
2.521843199999999996e+01
3.940380000000000393e+01
3.309919200000000217e+01
3.782764800000000349e+01
2.206612800000000263e+01
1.260921600000000176e+01
2.994688800000000128e+01
2.048997599999999863e+01
2.679458400000000040e+01
2.837073600000000084e+01
1.418536799999999864e+01
1.733767200000000130e+01
1.576152000000000264e+01
2.048997599999999863e+01
2.994688800000000128e+01
2.364227999999999952e+01
1.733767200000000486e+01
2.048997599999999863e+01
1.733767199999999775e+01
2.206612800000000618e+01
2.364227999999999952e+01
3.467534400000000261e+01
1.576152000000000086e+01
2.364227999999999952e+01
3.309919200000000217e+01
4.097995200000000438e+01
2.206612799999999908e+01
1.260921599999999998e+01
3.152304000000000173e+01
9.456912000000000873e+00
2.206612799999999908e+01
1.103306399999999954e+01
2.521843199999999996e+01
2.206612799999999908e+01
1.418536800000000042e+01
1.260921600000000353e+01
9.456912000000000873e+00
2.206612800000000263e+01
3.152304000000000173e+01
3.467534400000000261e+01
1.891382399999999819e+01
1.418536800000000042e+01
1.891382400000000175e+01
1.576152000000000086e+01
2.364227999999999952e+01
2.364227999999999952e+01
2.364227999999999952e+01
1.576152000000000086e+01
3.152304000000000173e+01
2.679458400000000040e+01
1.733767199999999775e+01
2.364228000000000307e+01
1.891382400000000175e+01
2.364228000000000307e+01
1.103306400000000309e+01
1.576151999999999909e+01
2.048997600000000219e+01
1.891382400000000175e+01
2.206612799999999908e+01
3.467534400000000261e+01
1.733767200000000486e+01
2.837073600000000084e+01
3.152304000000000173e+01
1.733767200000000130e+01
9.456912000000000873e+00
2.837073600000000084e+01
2.048997599999999863e+01
2.048997599999999863e+01
1.576152000000000264e+01
1.576152000000000264e+01
2.364228000000000307e+01
3.467534400000000261e+01
2.837073600000000084e+01
2.521843199999999996e+01
3.782764799999999639e+01
1.576152000000000264e+01
2.679458400000000040e+01
2.994688800000000128e+01
2.679458400000000040e+01
2.364227999999999952e+01
4.570840800000000570e+01
3.309919200000000217e+01
2.679458400000000040e+01
2.679458400000000040e+01
3.309919200000000217e+01
2.364227999999999952e+01
2.364227999999999952e+01
2.048997599999999863e+01
6.304608000000001766e+00
1.733767200000000486e+01
1.260921600000000353e+01
2.679458400000000040e+01
2.364228000000000307e+01
4.255610399999999771e+01
3.625149600000000305e+01
2.994688800000000128e+01
1.418536800000000042e+01
1.733767199999999775e+01
1.891382399999999819e+01
2.994688800000000128e+01
3.152304000000000173e+01
4.097995200000000438e+01
4.255610400000000482e+01
4.097995200000000438e+01
2.837073600000000440e+01
1.733767200000000130e+01
1.418536799999999864e+01
3.467534400000000261e+01
2.679458400000000040e+01
2.206612799999999908e+01
2.364227999999999952e+01
3.625149599999999595e+01
3.940380000000000393e+01
2.679458400000000040e+01
2.048997599999999863e+01
3.467534400000000261e+01
4.255610400000000482e+01
2.679458400000000040e+01
3.625149600000000305e+01
3.152304000000000173e+01
3.152304000000000173e+01
2.206612799999999908e+01
1.733767200000000486e+01
3.467534400000000261e+01
3.467534399999999550e+01
3.152304000000000173e+01
2.364227999999999952e+01
4.413225599999999815e+01
3.467534399999999550e+01
3.782764800000000349e+01
2.364227999999999952e+01
4.255610400000000482e+01
2.521843200000000351e+01
1.260921600000000176e+01
1.260921600000000176e+01
2.206612799999999908e+01
2.206612799999999908e+01
3.152304000000000173e+01
2.364227999999999952e+01
2.837073600000000440e+01
3.625149600000000305e+01
1.891382400000000175e+01
3.152304000000000173e+01
3.940380000000000393e+01
4.097995200000000438e+01
2.206612799999999908e+01
1.733767200000000130e+01
2.994688800000000128e+01
1.576152000000000264e+01
2.994688800000000128e+01
4.097995199999999727e+01
3.625149600000000305e+01
1.733767200000000486e+01
1.418536800000000042e+01
3.467534400000000261e+01
3.467534400000000261e+01
3.152304000000000173e+01
4.570840800000000570e+01
3.940380000000000393e+01
1.733767200000000130e+01
3.152303999999997330e+00
3.309919199999999506e+01
4.886071199999999948e+01
2.837073600000000084e+01
3.782764800000000349e+01
3.309919200000000217e+01
2.679458400000000395e+01
2.679458400000000395e+01
2.837073600000000084e+01
3.152304000000000173e+01
3.940380000000000393e+01
3.309919200000000217e+01
3.625149600000000305e+01
2.837073600000000084e+01
3.309919200000000217e+01
3.309919200000000217e+01
1.418536799999999864e+01
3.152304000000000528e+01
2.521843199999999996e+01
2.679458400000000040e+01
3.152304000000000173e+01
2.994688800000000128e+01
3.152304000000000173e+01
2.837073600000000084e+01
4.097995200000000438e+01
4.570840799999999859e+01
4.886071200000000658e+01
1.576151999999999731e+01
1.576151999999999731e+01
1.891382399999999819e+01
2.837073600000000084e+01
2.837073600000000084e+01
2.521843199999999996e+01
2.679458400000000040e+01
2.206612799999999908e+01
2.521843199999999996e+01
2.837073600000000084e+01
2.994688800000000128e+01
2.679458400000000395e+01
1.576152000000000086e+01
3.152304000000000528e+01
2.048997599999999863e+01
2.521843200000000351e+01
3.152303999999997330e+00
1.891382400000000175e+01
2.679458400000000040e+01
3.467534400000000261e+01
2.994688800000000128e+01
2.206612799999999908e+01
2.994688800000000128e+01
2.837073600000000084e+01
3.625149600000000305e+01
3.625149600000000305e+01
2.364227999999999952e+01
2.364227999999999952e+01
1.891382400000000175e+01
2.837073600000000084e+01
4.097995199999999727e+01
3.467534399999999550e+01
2.521843200000000706e+01
1.418536799999999864e+01
2.837073600000000440e+01
3.782764800000000349e+01
2.048997600000000219e+01
2.521843199999999996e+01
2.837073600000000084e+01
2.364227999999999952e+01
1.891382399999999819e+01
2.679458400000000395e+01
2.521843200000000706e+01
1.576152000000000086e+01
2.994688799999999418e+01
2.994688800000000484e+01
2.837073600000000084e+01
2.364228000000000307e+01
3.467534400000000261e+01
2.994688800000000128e+01
2.994688800000000128e+01
2.206612800000000618e+01
4.728456000000001325e+00
2.521843200000000706e+01
3.152304000000000173e+01
2.364227999999999952e+01
3.940379999999999683e+01
3.467534400000000261e+01
3.309919200000000217e+01
2.048997600000000219e+01
2.837073600000000084e+01
3.940380000000000393e+01
3.309919199999999506e+01
3.309919200000000217e+01
3.782764800000000349e+01
3.152304000000000173e+01
9.456912000000002649e+00
2.679458400000000040e+01
3.625149600000000305e+01
2.206612800000000263e+01
3.782764800000000349e+01
4.255610400000000482e+01
4.413225599999999815e+01
2.994688800000000128e+01
4.255610400000000482e+01
3.782764800000000349e+01
3.152304000000000173e+01
2.679458400000000395e+01
2.364227999999999952e+01
2.364227999999999952e+01
4.255610400000000482e+01
3.782764800000000349e+01
4.728456000000000614e+01
3.625149600000000305e+01
3.467534400000000261e+01
2.521843199999999996e+01
2.521843200000000706e+01
2.521843199999999996e+01
1.576152000000000442e+01
1.576152000000000086e+01
4.255610400000000482e+01
3.152304000000000173e+01
4.097995200000000438e+01
4.255610400000000482e+01
3.940380000000000393e+01
3.152304000000000173e+01
2.837073600000000084e+01
2.048997599999999863e+01
2.679458400000000040e+01
2.994688800000000128e+01
2.048997599999999863e+01
3.940379999999999683e+01
4.886071199999999948e+01
2.994688800000000128e+01
2.521843200000000706e+01
2.048997599999999863e+01
2.048997600000000574e+01
2.837073600000000084e+01
2.679458400000000040e+01
2.994688800000000128e+01
3.625149600000000305e+01
4.097995200000000438e+01
4.728455999999999904e+01
2.994688800000000128e+01
2.521843200000000706e+01
3.940380000000000393e+01
3.309919200000000217e+01
3.940380000000000393e+01
2.364227999999999952e+01
2.521843199999999996e+01
2.837073600000000084e+01
2.837073600000000084e+01
2.364227999999999952e+01
3.309919200000000217e+01
3.940380000000000393e+01
3.625149600000000305e+01
2.206612799999999908e+01
3.309919200000000217e+01
2.837073600000000084e+01
4.570840800000000570e+01
2.994688800000000484e+01
3.940379999999999683e+01
2.364228000000000662e+01
2.364228000000000662e+01
2.364228000000000307e+01
1.103306400000000131e+01
4.570840799999999859e+01
3.625149600000000305e+01
2.994688800000000128e+01
2.364227999999999952e+01
4.413225600000000526e+01
3.782764800000000349e+01
4.413225600000000526e+01
3.467534400000000261e+01
2.364227999999999952e+01
1.260921600000000176e+01
1.418536799999999864e+01
2.994688800000000128e+01
3.152304000000000173e+01
3.309919200000000217e+01
3.309919199999999506e+01
2.206612799999999908e+01
3.467534400000000261e+01
3.940380000000000393e+01
2.679458400000000040e+01
3.309919200000000217e+01
3.782764800000000349e+01
3.625149600000000305e+01
3.467534400000000261e+01
3.782764800000000349e+01
3.152304000000000173e+01
3.309919200000000217e+01
3.467534400000000261e+01
1.103306399999999954e+01
2.679458400000000040e+01
2.521843199999999641e+01
3.940380000000000393e+01
2.679458400000000395e+01
1.891382399999999819e+01
2.837073600000000440e+01
2.679458400000000040e+01
4.570840799999999859e+01
2.521843199999999996e+01
2.048997599999999863e+01
3.625149600000000305e+01
2.994688800000000128e+01
2.206612799999999908e+01
3.309919200000000217e+01
3.152304000000000173e+01
2.837073600000000084e+01
3.940380000000000393e+01
2.048997600000000219e+01
5.358916800000000080e+01
2.679458400000000395e+01
3.152304000000000173e+01
2.994688800000000128e+01
3.625149600000000305e+01
3.152304000000000528e+01
4.255610400000000482e+01
2.206612800000000263e+01
2.521843199999999996e+01
1.891382400000000175e+01
2.364228000000000662e+01
3.467534400000000261e+01
4.097995200000000438e+01
3.467534399999999550e+01
4.097995199999999727e+01
3.782764800000000349e+01
3.467534399999999550e+01
3.625149600000000305e+01
3.782764799999999639e+01
3.467534400000000261e+01
3.309919200000000217e+01
3.309919200000000217e+01
4.255610400000000482e+01
3.625149600000000305e+01
2.994688800000000128e+01
3.152304000000000173e+01
4.255610400000000482e+01
2.679458400000000040e+01
2.048997599999999863e+01
2.994688800000000128e+01
2.364227999999999952e+01
2.994688800000000484e+01
2.994688800000000484e+01
1.260921600000000353e+01
2.679458400000000040e+01
2.364227999999999952e+01
3.782764799999999639e+01
3.782764800000000349e+01
3.309919200000000217e+01
4.255610399999999771e+01
2.679458400000000040e+01
4.255610400000000482e+01
3.309919200000000217e+01
1.891382400000000175e+01
2.994688800000000128e+01
2.206612800000000263e+01
3.625149600000000305e+01
3.625149600000000305e+01
2.679458400000000040e+01
2.837073600000000084e+01
2.994688799999999418e+01
2.206612799999999908e+01
2.837073600000000084e+01
1.733767199999999775e+01
4.570840800000000570e+01
3.940380000000000393e+01
3.467534400000000261e+01
4.570840800000000570e+01
1.891382399999999819e+01
2.679458400000000040e+01
3.309919200000000217e+01
3.625149600000000305e+01
2.837073600000000084e+01
3.309919200000000217e+01
2.994688800000000128e+01
2.679458400000000040e+01
2.048997600000000219e+01
2.521843199999999996e+01
1.733767200000000486e+01
3.940380000000000393e+01
3.309919200000000217e+01
1.733767199999999775e+01
2.206612799999999908e+01
4.413225600000000526e+01
4.255610400000000482e+01
3.152304000000000173e+01
3.309919200000000217e+01
2.521843199999999996e+01
3.152304000000000173e+01
3.152304000000000173e+01
2.837073600000000440e+01
2.048997600000000219e+01
3.782764799999999639e+01
3.782764800000000349e+01
2.679458400000000040e+01
3.152303999999999462e+01
1.418536800000000042e+01
2.837073600000000084e+01
2.837073600000000084e+01
3.309919199999999506e+01
3.782764800000000349e+01
1.103306400000000131e+01
2.679458400000000040e+01
3.152304000000000173e+01
4.255610400000000482e+01
3.467534399999999550e+01
1.576152000000000086e+01
3.152303999999999462e+01
4.886071199999999948e+01
4.097995199999999727e+01
3.625149600000000305e+01
3.309919200000000217e+01
3.309919200000000217e+01
3.782764800000000349e+01
3.625149600000000305e+01
2.364227999999999952e+01
2.994688800000000128e+01
2.521843199999999996e+01
2.364227999999999952e+01
2.994688800000000128e+01
2.837073600000000084e+01
2.364228000000000307e+01
2.837073600000000084e+01
3.625149600000000305e+01
4.097995199999999727e+01
3.152304000000000173e+01
3.467534399999999550e+01
4.413225600000000526e+01
3.467534399999999550e+01
2.679458400000000395e+01
2.364227999999999952e+01
2.994688800000000128e+01
3.782764800000000349e+01
3.782764800000000349e+01
2.994688800000000128e+01
1.891382399999999819e+01
4.728456000000000614e+01
3.309919200000000217e+01
2.521843199999999996e+01
3.467534400000000261e+01
2.364227999999999952e+01
4.728455999999999904e+01
2.837073600000000084e+01
4.413225599999999815e+01
2.048997599999999863e+01
2.994688800000000128e+01
2.679458400000000040e+01
3.782764800000000349e+01
3.309919200000000217e+01
3.625149600000000305e+01
4.255610400000000482e+01
2.994688800000000484e+01
1.733767200000000486e+01
2.679458400000000040e+01
3.467534400000000261e+01
3.152304000000000528e+01
4.097995200000000438e+01
3.782764800000000349e+01
3.152304000000000173e+01
2.206612799999999908e+01
2.521843200000000351e+01
2.837073600000000084e+01
3.467534400000000261e+01
3.940380000000000393e+01
4.255610400000000482e+01
1.260921600000000176e+01
3.309919200000000217e+01
2.994688800000000128e+01
2.364228000000000662e+01
3.625149600000000305e+01
3.467534400000000261e+01
3.309919200000000217e+01
2.837073600000000084e+01
2.364227999999999952e+01
3.625149600000000305e+01
2.837073600000000084e+01
1.891382399999999819e+01
2.521843199999999996e+01
1.576152000000000264e+01
3.309919200000000217e+01
3.467534400000000261e+01
2.521843199999999996e+01
2.837073600000000084e+01
3.940380000000000393e+01
3.309919200000000217e+01
2.679458400000000040e+01
2.837073600000000084e+01
2.994688800000000128e+01
2.521843199999999996e+01
2.679458400000000040e+01
3.309919200000000217e+01
2.994688800000000128e+01
4.097995199999999727e+01
3.467534400000000261e+01
3.940380000000000393e+01
4.255610400000000482e+01
1.733767200000000130e+01
5.201301599999999326e+01
3.625149600000000305e+01
2.837073600000000084e+01
1.891382399999999819e+01
3.309919200000000217e+01
4.570840799999999859e+01
3.309919200000000217e+01
3.940380000000000393e+01
2.679458400000000395e+01
3.625149600000000305e+01
2.837073600000000084e+01
3.152304000000000173e+01
3.467534400000000261e+01
3.625149600000000305e+01
3.309919200000000217e+01
4.097995200000000438e+01
2.994688800000000128e+01
3.625149600000000305e+01
2.364227999999999952e+01
3.152304000000000173e+01
2.521843200000000351e+01
3.467534400000000261e+01
3.152304000000000173e+01
3.782764800000000349e+01
2.837073600000000084e+01
2.679458400000000040e+01
3.625149600000000305e+01
2.206612800000000618e+01
4.570840799999999859e+01
4.413225599999999815e+01
3.467534400000000261e+01
4.097995200000000438e+01
2.048997599999999863e+01
2.994688800000000128e+01
2.364227999999999952e+01
2.837073600000000084e+01
3.309919200000000217e+01
3.625149600000000305e+01
3.467534400000000261e+01
2.994688800000000128e+01
2.206612799999999908e+01
1.103306400000000309e+01
2.364227999999999952e+01
2.994688800000000128e+01
3.309919200000000217e+01
2.994688800000000128e+01
2.994688800000000128e+01
4.097995200000000438e+01
3.152304000000000173e+01
3.467534400000000261e+01
2.994688800000000128e+01
3.467534400000000261e+01
2.364228000000000307e+01
3.309919200000000217e+01
3.782764800000000349e+01
1.418536800000000220e+01
3.782764800000000349e+01
2.994688800000000128e+01
2.837073600000000440e+01
1.260921600000000176e+01
3.309919200000000217e+01
3.782764800000000349e+01
3.152304000000000173e+01
2.837073600000000084e+01
4.097995200000000438e+01
3.782764800000000349e+01
4.413225600000000526e+01
4.255610400000000482e+01
4.255610399999999771e+01
3.625149600000000305e+01
2.837073600000000440e+01
2.679458400000000040e+01
2.837073600000000084e+01
4.413225600000000526e+01
4.097995200000000438e+01
3.309919200000000217e+01
2.521843199999999996e+01
2.521843199999999996e+01
5.201301599999999326e+01
3.782764800000000349e+01
4.728456000000000614e+01
3.782764800000000349e+01
1.891382400000000175e+01
2.994688800000000128e+01
2.206612799999999908e+01
3.782764800000000349e+01
4.886071199999999948e+01
3.782764800000000349e+01
4.097995200000000438e+01
3.625149600000000305e+01
4.413225600000000526e+01
2.206612799999999908e+01
2.206612800000000618e+01
3.782764800000000349e+01
3.309919200000000217e+01
3.940380000000000393e+01
5.358916800000000080e+01
2.994688800000000128e+01
3.152304000000000173e+01
3.625149600000000305e+01
2.837073600000000084e+01
2.994688800000000128e+01
3.309919200000000217e+01
3.625149600000000305e+01
3.309919200000000217e+01
2.994688800000000128e+01
2.837073600000000084e+01
2.837073600000000084e+01
2.837073600000000084e+01
2.206612799999999908e+01
2.994688800000000128e+01
3.940380000000000393e+01
4.413225599999999815e+01
2.521843200000000351e+01
2.521843200000000351e+01
3.782764800000000349e+01
4.255610400000000482e+01
3.309919200000000217e+01
2.521843199999999996e+01
2.837073600000000084e+01
3.152304000000000173e+01
2.679458400000000040e+01
3.152304000000000173e+01
3.309919200000000217e+01
1.576152000000000086e+01
3.782764799999999639e+01
3.782764800000000349e+01
5.201301599999999326e+01
2.206612799999999908e+01
2.837073600000000084e+01
3.152304000000000528e+01
3.782764800000000349e+01
4.570840800000000570e+01
3.152304000000000528e+01
2.679458400000000040e+01
2.521843199999999996e+01
4.413225599999999815e+01
2.679458400000000040e+01
1.733767200000000486e+01
3.309919200000000217e+01
4.728456000000000614e+01
4.097995200000000438e+01
4.255610400000000482e+01
4.097995200000000438e+01
2.994688800000000128e+01
2.521843200000000706e+01
2.521843200000000706e+01
3.467534400000000261e+01
2.837073600000000084e+01
4.097995199999999727e+01
3.782764800000000349e+01
3.625149600000000305e+01
2.679458400000000040e+01
4.413225600000000526e+01
3.309919199999999506e+01
5.674147200000000169e+01
4.728455999999999904e+01
2.837073600000000084e+01
3.625149600000000305e+01
4.097995200000000438e+01
4.255610400000000482e+01
2.679458400000000040e+01
1.260921600000000176e+01
2.679458400000000040e+01
3.467534400000000261e+01
3.309919200000000217e+01
3.467534400000000261e+01
3.625149600000000305e+01
2.048997600000000219e+01
2.994688800000000128e+01
3.309919200000000217e+01
4.886071200000000658e+01
3.309919200000000217e+01
3.782764799999999639e+01
2.521843199999999996e+01
2.994688800000000128e+01
4.255610400000000482e+01
3.782764800000000349e+01
2.679458400000000395e+01
3.152304000000000173e+01
3.152304000000000173e+01
4.097995200000000438e+01
3.782764800000000349e+01
3.625149600000000305e+01
2.048997599999999863e+01
2.837073600000000084e+01
4.255610400000000482e+01
4.413225599999999815e+01
3.625149600000000305e+01
2.206612799999999908e+01
3.467534400000000261e+01
2.994688800000000484e+01
2.364227999999999952e+01
2.206612799999999908e+01
3.625149600000000305e+01
2.837073600000000084e+01
2.837073600000000084e+01
3.782764800000000349e+01
3.467534400000000261e+01
5.201301600000000747e+01
2.048997599999999863e+01
2.364228000000000662e+01
1.576152000000000264e+01
2.206612799999999908e+01
2.837073600000000084e+01
4.097995200000000438e+01
2.206612799999999908e+01
3.309919200000000217e+01
1.733767200000000130e+01
3.152304000000000173e+01
2.837073600000000084e+01
3.152304000000000528e+01
4.255610400000000482e+01
3.152304000000000173e+01
2.521843199999999996e+01
4.570840800000000570e+01
4.097995199999999727e+01
3.309919200000000217e+01
3.152304000000000173e+01
2.994688800000000128e+01
3.152304000000000173e+01
3.625149600000000305e+01
5.358916800000000080e+01
3.625149600000000305e+01
3.625149600000000305e+01
3.940380000000000393e+01
5.358916800000000080e+01
3.467534400000000261e+01
2.837073600000000440e+01
3.152304000000000173e+01
3.467534400000000261e+01
2.994688800000000128e+01
2.994688800000000128e+01
4.255610400000000482e+01
3.309919200000000217e+01
2.364227999999999952e+01
2.994688800000000484e+01
3.940380000000000393e+01
5.358916800000000080e+01
4.255610400000000482e+01
4.728455999999999904e+01
4.886071199999999948e+01
5.674147199999999458e+01
3.467534400000000261e+01
3.940380000000000393e+01
2.837073600000000084e+01
3.152303999999999462e+01
3.782764799999999639e+01
3.782764800000000349e+01
4.097995200000000438e+01
3.309919200000000217e+01
3.782764800000000349e+01
3.782764800000000349e+01
2.994688800000000484e+01
3.782764800000000349e+01
3.782764800000000349e+01
1.733767199999999775e+01
3.782764800000000349e+01
5.043686399999999992e+01
3.625149600000000305e+01
3.782764800000000349e+01
3.309919200000000217e+01
2.521843200000000351e+01
4.097995200000000438e+01
4.728455999999999904e+01
2.994688800000000128e+01
2.679458400000000040e+01
2.994688800000000128e+01
2.048997599999999863e+01
3.467534400000000261e+01
4.413225600000000526e+01
3.625149600000000305e+01
3.782764800000000349e+01
3.625149600000000305e+01
3.309919200000000217e+01
4.097995200000000438e+01
3.309919200000000217e+01
2.837073600000000084e+01
2.206612800000000263e+01
2.364228000000000307e+01
3.782764800000000349e+01
3.940380000000000393e+01
4.413225600000000526e+01
4.097995200000000438e+01
3.467534400000000261e+01
2.679458400000000040e+01
2.994688800000000128e+01
2.048997600000000219e+01
3.625149599999999595e+01
3.625149600000000305e+01
3.782764800000000349e+01
2.994688800000000128e+01
3.625149600000000305e+01
3.782764800000000349e+01
4.255610399999999771e+01
4.570840800000000570e+01
2.364227999999999952e+01
2.994688800000000128e+01
3.625149600000000305e+01
3.940380000000000393e+01
3.309919200000000217e+01
2.521843199999999996e+01
3.467534400000000261e+01
4.255610400000000482e+01
5.201301600000000747e+01
5.516531999999999414e+01
4.413225600000000526e+01
3.467534400000000261e+01
3.782764800000000349e+01
4.097995200000000438e+01
3.625149600000000305e+01
3.940379999999999683e+01
4.097995199999999727e+01
3.940380000000000393e+01
2.679458400000000040e+01
3.940380000000000393e+01
4.413225600000000526e+01
3.309919200000000217e+01
3.152304000000000173e+01
3.625149600000000305e+01
3.782764800000000349e+01
3.467534400000000261e+01
2.837073600000000084e+01
4.255610399999999771e+01
3.782764800000000349e+01
3.625149600000000305e+01
2.837073600000000084e+01
4.255610400000000482e+01
4.728456000000000614e+01
2.837073600000000084e+01
2.364228000000000307e+01
3.309919200000000217e+01
5.043686400000000702e+01
3.625149600000000305e+01
2.521843199999999996e+01
4.255610400000000482e+01
2.679458400000000040e+01
3.467534400000000261e+01
4.097995200000000438e+01
4.570840800000000570e+01
3.782764800000000349e+01
2.837073600000000084e+01
4.570840800000000570e+01
4.097995200000000438e+01
1.891382400000000175e+01
3.625149600000000305e+01
2.206612799999999908e+01
3.309919200000000217e+01
3.625149600000000305e+01
3.152304000000000173e+01
4.413225600000000526e+01
3.309919200000000217e+01
3.940380000000000393e+01
4.886071199999999948e+01
4.728455999999999904e+01
3.625149600000000305e+01
4.255610400000000482e+01
3.309919200000000217e+01
4.097995200000000438e+01
2.521843199999999996e+01
3.625149600000000305e+01
3.940380000000000393e+01
4.097995200000000438e+01
3.309919200000000217e+01
4.728456000000000614e+01
5.358916800000000080e+01
5.043686400000000702e+01
4.728456000000000614e+01
3.625149600000000305e+01
5.043686399999999992e+01
4.255610399999999771e+01
5.358916800000000080e+01
3.309919200000000217e+01
4.255610399999999771e+01
3.309919200000000217e+01
5.358916800000000080e+01
4.886071200000000658e+01
4.255610400000000482e+01
4.570840800000000570e+01
4.886071199999999948e+01
4.728456000000000614e+01
4.097995200000000438e+01
3.782764800000000349e+01
4.570840799999999859e+01
4.413225599999999815e+01
4.097995199999999727e+01
3.940379999999999683e+01
3.152304000000000173e+01
4.570840800000000570e+01
2.837073600000000084e+01
3.152304000000000173e+01
4.097995200000000438e+01
4.413225599999999815e+01
3.940380000000000393e+01
4.570840800000000570e+01
4.886071199999999948e+01
5.516532000000000835e+01
4.413225600000000526e+01
4.097995200000000438e+01
1.891382399999999819e+01
3.467534400000000261e+01
2.837073599999999729e+01
2.679458400000000040e+01
4.728455999999999904e+01
4.570840800000000570e+01
3.782764800000000349e+01
4.255610400000000482e+01
5.043686399999999992e+01
4.255610400000000482e+01
3.940380000000000393e+01
3.309919200000000217e+01
3.625149600000000305e+01
4.255610400000000482e+01
4.097995200000000438e+01
4.570840800000000570e+01
5.201301600000000036e+01
4.097995200000000438e+01
3.782764800000000349e+01
3.940380000000000393e+01
4.255610400000000482e+01
4.570840800000000570e+01
4.886071200000000658e+01
3.152304000000000173e+01
6.619838400000000433e+01
3.782764800000000349e+01
3.152304000000000173e+01
3.152304000000000528e+01
3.940380000000000393e+01
3.309919200000000217e+01
3.782764800000000349e+01
5.201301600000000747e+01
4.570840800000000570e+01
4.255610400000000482e+01
3.782764799999999639e+01
3.152304000000000173e+01
3.625149600000000305e+01
4.570840800000000570e+01
4.255610400000000482e+01
2.994688800000000484e+01
4.255610399999999771e+01
4.097995200000000438e+01
3.782764800000000349e+01
4.097995199999999727e+01
4.570840800000000570e+01
3.625149600000000305e+01
5.516532000000000835e+01
4.886071200000000658e+01
3.625149600000000305e+01
4.097995199999999727e+01
3.625149599999999595e+01
5.516532000000000124e+01
4.570840799999999859e+01
2.994688800000000128e+01
3.309919200000000217e+01
4.728456000000000614e+01
4.728456000000000614e+01
4.413225600000000526e+01
3.625149600000000305e+01
3.467534400000000261e+01
4.097995200000000438e+01
4.413225599999999815e+01
4.097995199999999727e+01
4.570840800000000570e+01
4.886071200000000658e+01
4.097995199999999727e+01
3.467534400000000261e+01
2.679458400000000040e+01
4.413225600000000526e+01
4.097995200000000438e+01
4.728455999999999904e+01
3.152304000000000528e+01
3.625149600000000305e+01
5.358916800000000080e+01
3.467534400000000261e+01
2.521843199999999996e+01
4.097995199999999727e+01
4.570840800000000570e+01
4.255610399999999771e+01
4.255610400000000482e+01
3.940380000000000393e+01
3.625149600000000305e+01
5.201301600000000747e+01
4.255610400000000482e+01
3.940380000000000393e+01
4.570840800000000570e+01
4.255610400000000482e+01
4.413225600000000526e+01
4.728455999999999904e+01
4.413225599999999815e+01
4.886071200000000658e+01
3.940380000000000393e+01
4.413225599999999815e+01
3.152304000000000173e+01
2.679458400000000040e+01
4.255610400000000482e+01
3.940380000000000393e+01
3.940379999999999683e+01
3.940380000000000393e+01
3.782764800000000349e+01
3.782764800000000349e+01
4.255610400000000482e+01
4.570840800000000570e+01
5.043686399999999992e+01
4.886071199999999948e+01
3.309919200000000217e+01
2.521843199999999996e+01
3.940380000000000393e+01
4.255610399999999771e+01
2.994688800000000128e+01
4.255610400000000482e+01
5.201301600000000747e+01
3.309919200000000217e+01
2.521843199999999996e+01
4.886071200000000658e+01
4.097995199999999727e+01
5.674147200000000169e+01
4.570840799999999859e+01
5.831762399999999502e+01
4.413225600000000526e+01
3.782764799999999639e+01
4.413225600000000526e+01
4.728455999999999904e+01
3.625149600000000305e+01
4.570840799999999859e+01
4.570840799999999859e+01
4.097995200000000438e+01
3.940379999999999683e+01
3.625149600000000305e+01
4.886071200000000658e+01
2.679458400000000040e+01
3.467534400000000261e+01
3.152304000000000528e+01
4.255610400000000482e+01
4.097995199999999727e+01
4.570840800000000570e+01
3.625149600000000305e+01
4.255610400000000482e+01
4.255610399999999771e+01
3.625149600000000305e+01
3.467534400000000261e+01
4.886071199999999948e+01
3.940380000000000393e+01
3.467534400000000261e+01
3.467534400000000261e+01
3.152304000000000173e+01
5.358916800000000080e+01
3.940379999999999683e+01
5.674147200000000169e+01
5.201301600000000747e+01
5.201301600000000747e+01
3.467534399999999550e+01
3.467534400000000261e+01
3.940379999999999683e+01
4.570840799999999859e+01
4.255610399999999771e+01
4.728455999999999904e+01
5.201301600000000747e+01
4.255610400000000482e+01
3.625149600000000305e+01
3.309919199999999506e+01
4.413225600000000526e+01
4.255610399999999771e+01
5.043686400000000702e+01
3.782764800000000349e+01
4.570840800000000570e+01
3.152304000000000173e+01
5.043686399999999992e+01
3.625149600000000305e+01
4.728456000000000614e+01
4.097995200000000438e+01
4.097995199999999727e+01
3.625149600000000305e+01
3.782764800000000349e+01
5.989377600000000257e+01
4.728455999999999904e+01
5.516532000000000124e+01
3.940380000000000393e+01
4.728456000000000614e+01
4.570840799999999859e+01
5.043686399999999992e+01
4.413225600000000526e+01
5.831762400000000923e+01
4.097995200000000438e+01
4.413225600000000526e+01
3.782764800000000349e+01
4.413225600000000526e+01
3.940380000000000393e+01
3.309919200000000217e+01
5.358916800000000080e+01
4.886071200000000658e+01
3.625149600000000305e+01
4.886071200000000658e+01
3.940380000000000393e+01
5.674147200000000169e+01
5.989377600000000257e+01
4.570840800000000570e+01
3.467534400000000261e+01
3.940380000000000393e+01
3.625149600000000305e+01
5.043686400000000702e+01
5.674147200000000169e+01
4.413225600000000526e+01
5.201301600000000036e+01
6.146992800000000301e+01
5.674147200000000169e+01
4.413225599999999815e+01
6.619838400000000433e+01
4.570840800000000570e+01
4.097995200000000438e+01
4.097995199999999727e+01
4.570840799999999859e+01
4.886071200000000658e+01
5.358916800000000080e+01
4.886071200000000658e+01
4.570840799999999859e+01
4.886071199999999948e+01
5.989377600000000967e+01
5.516531999999999414e+01
3.467534400000000261e+01
4.255610400000000482e+01
3.467534400000000261e+01
4.728456000000000614e+01
4.886071200000000658e+01
4.728455999999999904e+01
5.358916800000000080e+01
5.201301600000000747e+01
2.837073600000000084e+01
3.782764799999999639e+01
5.989377600000000257e+01
4.413225599999999815e+01
4.413225599999999815e+01
3.940380000000000393e+01
4.728456000000000614e+01
3.625149600000000305e+01
4.886071200000000658e+01
4.097995200000000438e+01
5.516532000000000124e+01
4.570840799999999859e+01
4.255610400000000482e+01
5.674147200000000169e+01
4.886071200000000658e+01
3.782764800000000349e+01
4.097995199999999727e+01
3.782764800000000349e+01
3.940380000000000393e+01
5.043686400000000702e+01
5.043686399999999992e+01
5.358916800000000080e+01
6.304608000000000345e+01
5.674147200000000169e+01
4.728455999999999904e+01
3.782764800000000349e+01
4.728455999999999904e+01
5.201301600000000036e+01
4.886071199999999948e+01
5.358916800000000080e+01
4.886071200000000658e+01
4.728455999999999904e+01
5.831762399999999502e+01
4.886071200000000658e+01
5.674147199999999458e+01
2.364227999999999952e+01
4.570840800000000570e+01
4.570840800000000570e+01
5.358916800000000080e+01
5.674147200000000169e+01
4.570840800000000570e+01
3.467534400000000261e+01
6.146992800000001012e+01
6.619838400000000433e+01
3.940380000000000393e+01
3.940379999999999683e+01
4.886071200000000658e+01
4.413225600000000526e+01
4.886071200000000658e+01
6.146992799999999590e+01
5.989377600000000257e+01
4.255610400000000482e+01
3.625149600000000305e+01
5.358916800000000080e+01
5.831762400000000923e+01
5.674147200000000879e+01
5.516532000000000835e+01
5.516532000000000835e+01
4.255610400000000482e+01
4.728455999999999904e+01
4.570840799999999859e+01
3.625149600000000305e+01
3.782764800000000349e+01
3.309919200000000217e+01
5.674147200000000169e+01
3.309919200000000217e+01
4.570840800000000570e+01
5.201301600000000747e+01
4.886071200000000658e+01
4.097995200000000438e+01
4.886071200000000658e+01
4.255610400000000482e+01
5.043686399999999992e+01
4.728455999999999904e+01
4.728456000000000614e+01
5.989377600000000257e+01
3.309919200000000217e+01
4.255610400000000482e+01
5.043686399999999992e+01
4.413225599999999815e+01
4.255610400000000482e+01
4.413225600000000526e+01
5.201301600000000747e+01
5.043686399999999992e+01
5.674147200000000169e+01
6.304608000000000345e+01
5.043686400000000702e+01
4.886071200000000658e+01
4.886071200000000658e+01
4.097995200000000438e+01
4.097995199999999727e+01
4.097995200000000438e+01
5.831762400000000213e+01
5.831762399999999502e+01
4.886071199999999948e+01
6.304608000000000345e+01
4.728455999999999904e+01
6.146992800000001012e+01
4.728456000000000614e+01
4.413225599999999815e+01
3.940379999999999683e+01
3.782764800000000349e+01
5.358916800000000080e+01
5.358916800000000080e+01
5.043686399999999992e+01
4.255610399999999771e+01
4.728455999999999904e+01
4.728456000000000614e+01
4.570840799999999859e+01
5.358916800000000080e+01
6.304608000000000345e+01
4.097995200000000438e+01
5.516532000000000835e+01
4.886071199999999948e+01
5.674147200000000169e+01
5.201301600000000747e+01
3.940380000000000393e+01
4.097995200000000438e+01
5.043686399999999992e+01
4.728455999999999904e+01
4.728456000000000614e+01
3.940380000000000393e+01
4.255610399999999771e+01
4.728456000000000614e+01
4.728456000000000614e+01
5.831762400000000923e+01
5.831762400000000923e+01
5.516532000000000835e+01
5.043686400000000702e+01
4.728456000000000614e+01
5.043686400000000702e+01
5.831762399999999502e+01
6.462223199999999679e+01
5.358916800000000080e+01
5.201301600000000036e+01
5.831762400000000213e+01
5.674147200000000169e+01
3.625149599999999595e+01
4.728456000000000614e+01
4.255610400000000482e+01
6.462223199999999679e+01
3.625149600000000305e+01
4.728455999999999904e+01
4.570840799999999859e+01
3.625149600000000305e+01
3.782764800000000349e+01
4.570840799999999859e+01
5.043686399999999992e+01
6.304608000000000345e+01
5.201301600000000036e+01
5.674147200000000169e+01
4.570840799999999859e+01
6.146992799999999590e+01
3.940380000000000393e+01
4.097995200000000438e+01
4.570840800000000570e+01
4.886071200000000658e+01
5.831762400000000923e+01
5.674147200000000169e+01
6.619838400000000433e+01
5.201301600000000747e+01
5.358916800000000080e+01
5.201301599999999326e+01
5.989377600000000257e+01
6.619838400000000433e+01
4.728456000000000614e+01
4.570840800000000570e+01
5.043686400000000702e+01
3.467534400000000261e+01
3.152304000000000528e+01
5.358916800000000080e+01
4.413225600000000526e+01
4.728456000000000614e+01
5.043686399999999992e+01
3.940380000000000393e+01
5.516532000000000124e+01
4.097995200000000438e+01
4.097995200000000438e+01
5.201301600000000747e+01
3.467534400000000261e+01
4.413225599999999815e+01
5.989377600000000257e+01
5.201301600000000036e+01
5.674147200000000169e+01
4.413225599999999815e+01
3.940380000000000393e+01
3.940380000000000393e+01
4.413225600000000526e+01
4.886071200000000658e+01
3.625149600000000305e+01
4.886071199999999948e+01
6.304608000000000345e+01
5.674147200000000169e+01
5.358916800000000080e+01
5.043686399999999992e+01
5.043686399999999992e+01
5.043686399999999992e+01
4.097995200000000438e+01
5.674147200000000169e+01
5.043686400000000702e+01
3.782764800000000349e+01
5.043686400000000702e+01
5.516532000000000835e+01
5.358916800000000080e+01
5.358916800000000080e+01
4.886071200000000658e+01
4.255610400000000482e+01
4.728455999999999904e+01
4.413225600000000526e+01
5.674147200000000169e+01
4.728456000000000614e+01
4.728456000000000614e+01
5.674147200000000169e+01
4.097995200000000438e+01
4.570840799999999859e+01
4.570840800000000570e+01
4.728455999999999904e+01
4.886071199999999948e+01
6.462223199999999679e+01
4.570840800000000570e+01
3.309919200000000217e+01
5.674147200000000169e+01
5.043686400000000702e+01
5.674147200000000169e+01
6.462223199999999679e+01
5.201301600000000036e+01
4.570840799999999859e+01
3.782764800000000349e+01
5.674147200000000169e+01
5.674147200000000169e+01
6.146992800000001012e+01
3.782764800000000349e+01
7.250299200000000610e+01
5.201301600000000036e+01
6.146992800000001012e+01
4.886071200000000658e+01
4.886071200000000658e+01
5.043686400000000702e+01
5.516532000000000835e+01
5.043686399999999992e+01
5.989377600000000257e+01
5.358916800000000080e+01
4.728455999999999904e+01
5.043686399999999992e+01
5.674147200000000169e+01
5.516531999999999414e+01
6.619838400000000433e+01
4.570840799999999859e+01
4.255610399999999771e+01
5.674147200000000169e+01
5.043686400000000702e+01
5.358916800000000080e+01
6.462223200000001100e+01
5.043686399999999992e+01
5.043686399999999992e+01
4.886071200000000658e+01
5.831762400000000213e+01
6.304608000000000345e+01
4.570840800000000570e+01
5.201301600000000036e+01
6.462223199999999679e+01
5.201301600000000747e+01
5.831762400000000213e+01
5.043686399999999992e+01
4.886071199999999948e+01
4.886071200000000658e+01
5.201301600000000747e+01
6.146992799999999590e+01
6.304608000000000345e+01
5.674147200000000169e+01
4.886071199999999948e+01
3.782764800000000349e+01
5.516532000000000124e+01
6.462223199999999679e+01
7.092683999999999855e+01
6.146992800000000301e+01
5.043686399999999992e+01
4.413225599999999815e+01
5.201301599999999326e+01
5.674147200000000169e+01
4.570840800000000570e+01
5.831762400000000213e+01
6.146992800000001012e+01
5.989377600000000257e+01
5.043686400000000702e+01
5.201301600000000036e+01
5.516532000000000835e+01
6.146992799999999590e+01
5.358916800000000080e+01
6.304608000000000345e+01
5.674147200000000169e+01
5.516531999999999414e+01
5.043686400000000702e+01
3.782764800000000349e+01
6.146992799999999590e+01
3.625149600000000305e+01
5.674147200000000169e+01
5.201301600000000747e+01
4.886071199999999948e+01
3.940379999999999683e+01
4.728455999999999904e+01
5.516531999999999414e+01
5.674147200000000169e+01
5.201301600000000747e+01
6.304608000000000345e+01
6.304608000000000345e+01
5.043686399999999992e+01
5.043686399999999992e+01
4.255610399999999771e+01
6.304608000000000345e+01
5.989377600000000257e+01
5.358916800000000080e+01
6.304608000000000345e+01
5.043686400000000702e+01
5.516532000000000835e+01
5.989377600000000257e+01
5.831762400000000213e+01
5.831762400000000213e+01
5.989377600000000257e+01
4.570840799999999859e+01
4.728455999999999904e+01
6.619838400000000433e+01
5.201301600000000036e+01
4.570840799999999859e+01
5.831762399999999502e+01
5.831762400000000213e+01
5.043686399999999992e+01
5.516532000000000124e+01
5.043686399999999992e+01
5.674147200000000169e+01
5.201301600000000036e+01
5.201301599999999326e+01
5.989377600000000257e+01
5.358916800000000080e+01
6.304608000000000345e+01
5.201301599999999326e+01
6.304608000000000345e+01
5.831762400000000213e+01
5.201301600000000036e+01
3.782764799999999639e+01
5.358916800000000080e+01
5.201301600000000036e+01
5.043686399999999992e+01
5.674147200000000169e+01
7.723144800000000032e+01
6.304608000000000345e+01
5.043686400000000702e+01
4.255610399999999771e+01
5.358916800000000080e+01
6.304608000000000345e+01
6.304608000000000345e+01
5.989377600000000967e+01
5.358916800000000080e+01
6.619838400000000433e+01
6.304608000000000345e+01
5.043686400000000702e+01
5.043686399999999992e+01
6.462223199999999679e+01
5.358916800000000080e+01
4.570840799999999859e+01
5.201301600000000747e+01
5.674147200000000169e+01
4.886071199999999948e+01
4.886071199999999948e+01
4.413225600000000526e+01
5.201301600000000036e+01
5.043686399999999992e+01
5.043686400000000702e+01
6.304608000000000345e+01
4.255610400000000482e+01
5.358916800000000080e+01
4.728455999999999904e+01
5.674147200000000169e+01
5.674147200000000169e+01
4.886071200000000658e+01
5.831762400000000923e+01
5.358916800000000791e+01
4.413225599999999815e+01
5.201301600000000747e+01
5.831762400000000213e+01
6.777453599999999767e+01
4.570840799999999859e+01
5.201301600000000036e+01
5.201301600000000036e+01
4.413225600000000526e+01
5.674147200000000169e+01
7.407914399999999944e+01
5.516531999999999414e+01
4.570840800000000570e+01
6.146992800000001012e+01
5.043686400000000702e+01
5.043686399999999992e+01
5.831762400000000213e+01
5.516531999999999414e+01
3.940380000000000393e+01
5.989377600000000257e+01
6.304608000000000345e+01
5.989377600000000257e+01
4.255610400000000482e+01
4.886071199999999948e+01
5.358916800000000080e+01
4.728455999999999904e+01
6.304608000000000345e+01
5.674147200000000169e+01
5.043686400000000702e+01
5.043686399999999992e+01
5.358916800000000791e+01
5.358916800000000080e+01
4.413225599999999815e+01
6.146992800000000301e+01
5.358916800000000080e+01
5.516532000000000124e+01
5.201301600000000747e+01
5.516532000000000835e+01
5.201301600000000747e+01
5.989377600000000257e+01
5.516531999999999414e+01
5.516532000000000835e+01
5.043686399999999992e+01
4.728455999999999904e+01
5.831762400000000923e+01
6.619838400000000433e+01
6.462223200000001100e+01
4.886071200000000658e+01
5.831762399999999502e+01
5.831762400000000923e+01
3.940380000000000393e+01
2.994688800000000484e+01
5.043686399999999992e+01
5.831762400000000923e+01
4.413225599999999815e+01
7.565529599999999277e+01
5.989377600000000257e+01
6.146992799999999590e+01
5.516531999999999414e+01
5.516532000000000835e+01
6.146992800000001012e+01
6.777453599999999767e+01
5.043686399999999992e+01
4.570840800000000570e+01
5.674147199999999458e+01
4.097995199999999727e+01
4.255610400000000482e+01
5.043686399999999992e+01
5.831762399999999502e+01
5.201301600000000747e+01
5.674147200000000879e+01
5.516531999999999414e+01
6.146992800000000301e+01
6.462223199999999679e+01
4.728455999999999904e+01
5.358916800000000080e+01
5.358916800000000080e+01
5.201301600000000747e+01
4.886071200000000658e+01
5.358916800000000080e+01
5.358916800000000080e+01
5.358916800000000080e+01
6.146992800000001012e+01
5.516531999999999414e+01
5.201301600000000747e+01
5.516532000000000835e+01
6.462223200000001100e+01
5.516531999999999414e+01
4.570840800000000570e+01
4.886071200000000658e+01
4.255610400000000482e+01
3.625149599999999595e+01
4.886071200000000658e+01
5.516532000000000124e+01
7.250299200000000610e+01
5.674147200000000169e+01
4.413225599999999815e+01
4.255610400000000482e+01
5.516532000000000124e+01
4.255610400000000482e+01
4.413225599999999815e+01
6.304608000000000345e+01
5.831762400000000213e+01
6.304608000000000345e+01
5.201301600000000747e+01
5.043686400000000702e+01
6.304608000000000345e+01
4.097995199999999727e+01
5.358916800000000080e+01
6.304608000000000345e+01
5.516532000000000835e+01
4.097995199999999727e+01
5.043686399999999992e+01
5.043686399999999992e+01
3.467534400000000261e+01
4.413225600000000526e+01
5.043686399999999992e+01
4.255610399999999771e+01
4.570840800000000570e+01
5.358916800000000080e+01
5.674147200000000169e+01
5.201301600000000036e+01
5.201301599999999326e+01
4.886071200000000658e+01
5.989377600000000257e+01
5.358916800000000080e+01
5.043686399999999992e+01
5.358916800000000080e+01
6.462223199999999679e+01
5.516531999999999414e+01
4.255610400000000482e+01
4.728455999999999904e+01
5.358916800000000080e+01
5.201301599999999326e+01
4.886071200000000658e+01
4.097995200000000438e+01
4.886071200000000658e+01
4.728456000000000614e+01
4.728455999999999904e+01
3.782764800000000349e+01
4.570840800000000570e+01
5.043686399999999992e+01
4.728456000000000614e+01
4.886071199999999948e+01
5.201301600000000036e+01
5.043686399999999992e+01
4.886071200000000658e+01
4.097995199999999727e+01
5.358916800000000080e+01
4.886071200000000658e+01
3.782764800000000349e+01
4.255610400000000482e+01
4.570840800000000570e+01
4.728455999999999904e+01
4.255610400000000482e+01
4.886071200000000658e+01
3.467534400000000261e+01
5.201301599999999326e+01
3.467534400000000261e+01
4.728455999999999904e+01
4.255610400000000482e+01
4.097995199999999727e+01
5.358916800000000080e+01
4.255610400000000482e+01
5.358916800000000080e+01
5.516531999999999414e+01
4.728456000000000614e+01
5.201301600000000747e+01
4.255610400000000482e+01
4.413225599999999815e+01
5.201301600000000036e+01
4.097995200000000438e+01
5.043686400000000702e+01
4.097995199999999727e+01
4.886071199999999948e+01
4.097995200000000438e+01
4.255610400000000482e+01
3.152304000000000173e+01
4.097995200000000438e+01
4.097995199999999727e+01
4.255610400000000482e+01
5.201301600000000747e+01
4.570840800000000570e+01
4.413225600000000526e+01
2.837073600000000084e+01
3.782764799999999639e+01
3.467534399999999550e+01
3.782764800000000349e+01
3.152304000000000173e+01
4.255610400000000482e+01
4.570840800000000570e+01
4.728456000000000614e+01
4.413225600000000526e+01
3.467534400000000261e+01
3.940380000000000393e+01
4.413225599999999815e+01
4.886071200000000658e+01
3.467534399999999550e+01
3.625149600000000305e+01
3.940380000000000393e+01
2.679458400000000040e+01
5.516532000000000124e+01
4.886071200000000658e+01
4.570840800000000570e+01
3.625149600000000305e+01
3.625149600000000305e+01
3.782764800000000349e+01
5.201301600000000747e+01
5.201301600000000747e+01
5.201301600000000747e+01
4.570840800000000570e+01
3.940380000000000393e+01
4.255610400000000482e+01
3.940380000000000393e+01
4.255610400000000482e+01
3.467534400000000261e+01
3.467534399999999550e+01
4.886071199999999948e+01
4.728456000000000614e+01
4.097995199999999727e+01
3.940380000000000393e+01
5.358916800000000080e+01
4.886071199999999948e+01
5.674147200000000169e+01
4.097995200000000438e+01
3.782764800000000349e+01
3.625149600000000305e+01
4.570840800000000570e+01
4.255610400000000482e+01
4.097995200000000438e+01
5.516531999999999414e+01
3.625149600000000305e+01
4.097995199999999727e+01
2.994688800000000128e+01
3.309919200000000217e+01
3.152304000000000173e+01
3.625149600000000305e+01
4.413225599999999815e+01
6.304608000000000345e+01
5.043686399999999992e+01
4.097995200000000438e+01
3.940380000000000393e+01
5.358916800000000080e+01
3.782764799999999639e+01
3.782764800000000349e+01
2.679458400000000040e+01
3.625149600000000305e+01
5.201301600000000036e+01
4.728456000000000614e+01
4.570840799999999859e+01
4.570840800000000570e+01
4.413225600000000526e+01
3.940380000000000393e+01
3.467534400000000261e+01
3.152304000000000173e+01
5.831762399999999502e+01
5.516532000000000835e+01
5.516531999999999414e+01
4.886071199999999948e+01
5.516531999999999414e+01
5.043686399999999992e+01
4.728456000000000614e+01
4.097995200000000438e+01
4.255610400000000482e+01
3.467534400000000261e+01
2.679458400000000040e+01
5.201301600000000036e+01
3.467534400000000261e+01
5.201301600000000747e+01
4.728455999999999904e+01
3.782764800000000349e+01
5.043686399999999992e+01
4.097995199999999727e+01
4.413225599999999815e+01
3.309919200000000217e+01
4.413225600000000526e+01
5.516532000000000124e+01
4.886071200000000658e+01
3.940380000000000393e+01
3.309919200000000217e+01
4.413225599999999815e+01
5.358916800000000080e+01
5.043686399999999992e+01
3.625149600000000305e+01
3.940380000000000393e+01
5.674147199999999458e+01
4.255610400000000482e+01
5.201301600000000036e+01
5.516532000000000835e+01
4.570840800000000570e+01
3.625149600000000305e+01
4.097995200000000438e+01
2.521843199999999996e+01
2.048997599999999863e+01
3.940380000000000393e+01
3.152304000000000173e+01
4.413225599999999815e+01
4.413225600000000526e+01
5.043686399999999992e+01
2.994688800000000484e+01
3.782764800000000349e+01
2.994688800000000128e+01
3.152304000000000173e+01
3.467534400000000261e+01
4.097995200000000438e+01
5.043686399999999992e+01
4.570840800000000570e+01
2.521843199999999996e+01
2.048997599999999863e+01
2.994688800000000128e+01
3.782764800000000349e+01
2.206612799999999908e+01
2.994688800000000128e+01
3.467534400000000261e+01
3.152304000000000528e+01
3.782764800000000349e+01
3.467534400000000261e+01
3.625149600000000305e+01
4.413225599999999815e+01
3.625149600000000305e+01
4.413225599999999815e+01
2.048997599999999863e+01
2.521843199999999996e+01
3.152304000000000173e+01
3.309919200000000217e+01
5.358916800000000080e+01
3.467534400000000261e+01
2.679458400000000040e+01
2.521843199999999996e+01
2.994688800000000128e+01
3.152304000000000173e+01
4.097995200000000438e+01
3.152304000000000173e+01
2.521843199999999996e+01
4.097995200000000438e+01
3.309919200000000217e+01
3.152304000000000173e+01
4.886071199999999948e+01
4.728455999999999904e+01
4.255610399999999771e+01
2.679458400000000040e+01
1.891382399999999819e+01
3.309919200000000217e+01
2.521843200000000351e+01
3.940380000000000393e+01
4.097995199999999727e+01
3.940380000000000393e+01
4.570840800000000570e+01
3.940380000000000393e+01
3.152304000000000173e+01
3.309919200000000217e+01
4.255610399999999771e+01
2.521843200000000351e+01
2.521843199999999996e+01
2.994688800000000128e+01
2.679458400000000040e+01
3.782764799999999639e+01
2.521843199999999996e+01
4.097995200000000438e+01
3.782764799999999639e+01
3.782764800000000349e+01
2.521843199999999996e+01
2.679458400000000040e+01
3.782764799999999639e+01
3.152304000000000173e+01
2.994688800000000128e+01
4.886071200000000658e+01
2.994688800000000128e+01
3.152304000000000173e+01
0.000000000000000000e+00
2.994688800000000128e+01
2.521843199999999996e+01
3.782764799999999639e+01
3.940380000000000393e+01
3.467534400000000261e+01
4.413225600000000526e+01
4.886071200000000658e+01
1.891382399999999819e+01
2.521843199999999996e+01
4.413225599999999815e+01
3.625149600000000305e+01
2.994688800000000128e+01
1.260921599999999998e+01
3.625149600000000305e+01
3.467534399999999550e+01
2.994688800000000128e+01
2.364228000000000307e+01
2.206612799999999908e+01
3.782764799999999639e+01
2.679458400000000040e+01
2.679458400000000040e+01
2.364227999999999952e+01
3.467534400000000261e+01
3.940380000000000393e+01
3.309919200000000217e+01
3.625149600000000305e+01
3.625149600000000305e+01
2.521843199999999996e+01
3.309919200000000217e+01
1.891382400000000175e+01
4.097995199999999727e+01
2.994688800000000128e+01
2.048997599999999863e+01
1.260921599999999998e+01
2.679458400000000040e+01
2.206612799999999908e+01
2.994688800000000128e+01
1.891382400000000175e+01
2.679458400000000040e+01
3.152303999999999817e+01
2.679458400000000040e+01
2.364227999999999952e+01
2.206612800000000263e+01
2.521843199999999996e+01
3.625149600000000305e+01
4.097995199999999727e+01
2.521843199999999996e+01
1.733767200000000130e+01
1.576152000000000086e+01
3.625149600000000305e+01
1.891382399999999819e+01
2.679458400000000040e+01
3.309919200000000217e+01
2.994688800000000128e+01
2.364227999999999952e+01
2.679458400000000040e+01
2.206612799999999908e+01
2.048997599999999863e+01
3.152304000000000173e+01
2.364227999999999952e+01
3.309919200000000217e+01
1.733767199999999775e+01
2.679458400000000040e+01
6.304608000000001766e+00
1.576151999999999909e+01
7.880759999999998655e+00
2.679458400000000040e+01
4.097995199999999727e+01
2.048997599999999863e+01
1.260921600000000176e+01
9.456911999999999097e+00
2.837073600000000084e+01
2.994688800000000128e+01
2.994688800000000128e+01
1.260921600000000176e+01
2.837073600000000084e+01
1.576152000000000264e+01
2.837073600000000084e+01
2.679458400000000040e+01
2.994688800000000128e+01
3.940380000000000393e+01
2.206612799999999908e+01
2.048997599999999863e+01
2.679458400000000040e+01
2.994688800000000128e+01
1.576151999999999909e+01
2.679458400000000040e+01
2.521843199999999996e+01
3.782764799999999639e+01
2.679458400000000040e+01
1.260921599999999998e+01
1.733767200000000130e+01
1.891382400000000175e+01
1.891382399999999819e+01
3.309919200000000217e+01
2.206612800000000263e+01
2.206612799999999908e+01
3.467534400000000261e+01
1.260921599999999998e+01
2.994688800000000128e+01
3.309919200000000217e+01
1.891382399999999819e+01
1.260921599999999998e+01
9.456911999999999097e+00
2.521843199999999996e+01
1.418536799999999864e+01
3.625149600000000305e+01
2.837073600000000084e+01
2.521843199999999996e+01
1.733767199999999775e+01
2.206612799999999908e+01
7.880759999999999543e+00
2.837073600000000084e+01
2.994688800000000128e+01
3.152303999999999551e+00
2.048997599999999863e+01
1.891382399999999819e+01
1.891382400000000175e+01
1.418536800000000042e+01
1.418536800000000220e+01
1.733767200000000130e+01
9.456912000000000873e+00
2.679458400000000040e+01
2.206612800000000263e+01
2.206612799999999908e+01
3.309919200000000217e+01
3.152303999999999817e+01
2.679458400000000040e+01
2.206612799999999908e+01
2.521843199999999996e+01
2.837073600000000084e+01
3.309919200000000217e+01
2.364227999999999952e+01
2.837073599999999729e+01
1.260921599999999998e+01
7.880759999999999543e+00
2.837073600000000084e+01
2.837073600000000084e+01
4.886071199999999948e+01
1.576152000000000086e+01
1.733767200000000130e+01
2.048997599999999863e+01
2.679458400000000040e+01
2.521843199999999996e+01
2.837073600000000084e+01
3.152304000000000173e+01
6.304607999999999990e+00
1.103306399999999954e+01
7.880760000000001320e+00
1.891382399999999819e+01
1.891382400000000175e+01
3.625149600000000305e+01
4.728455999999999548e+00
2.521843200000000351e+01
3.467534400000000261e+01
3.152304000000000173e+01
2.837073600000000084e+01
1.576152000000000086e+01
2.837073600000000084e+01
2.364227999999999952e+01
2.521843199999999996e+01
2.364227999999999952e+01
3.152304000000000173e+01
1.891382399999999819e+01
1.891382399999999819e+01
1.576152000000000086e+01
2.206612799999999908e+01
3.152304000000000173e+01
3.782764800000000349e+01
2.521843199999999996e+01
2.206612799999999908e+01
2.048997599999999863e+01
2.364227999999999952e+01
1.418536799999999864e+01
1.418536800000000042e+01
9.456911999999999097e+00
2.206612799999999908e+01
2.048997599999999863e+01
3.782764799999999639e+01
2.994688800000000128e+01
9.456911999999999097e+00
3.940380000000000393e+01
1.260921600000000176e+01
1.418536800000000042e+01
2.994688800000000128e+01
9.456912000000000873e+00
1.260921599999999998e+01
2.521843199999999996e+01
9.456912000000000873e+00
1.418536800000000042e+01
3.309919200000000217e+01
2.206612799999999908e+01
1.576151999999999909e+01
1.733767200000000130e+01
2.521843199999999996e+01
3.309919200000000217e+01
3.152304000000000173e+01
2.521843199999999996e+01
2.364227999999999952e+01
1.733767199999999775e+01
1.891382399999999819e+01
2.206612799999999908e+01
7.880759999999999543e+00
2.364227999999999952e+01
3.940380000000000393e+01
3.152304000000000173e+01
1.733767199999999775e+01
2.206612799999999908e+01
1.576151999999999553e+00
2.679458400000000040e+01
9.456912000000000873e+00
1.733767199999999775e+01
2.679458400000000040e+01
3.152304000000000173e+01
2.521843199999999996e+01
1.891382399999999819e+01
1.891382400000000175e+01
2.837073600000000084e+01
2.837073600000000084e+01
1.576152000000000086e+01
2.994688800000000128e+01
2.206612799999999908e+01
7.880759999999996879e+00
-1.576152000000002218e+00
1.418536799999999864e+01
2.206612799999999908e+01
4.728456000000001325e+00
2.521843199999999996e+01
3.309919200000000217e+01
1.891382399999999819e+01
2.206612800000000263e+01
2.206612799999999908e+01
3.309919200000000217e+01
2.994688800000000128e+01
2.837073600000000084e+01
2.364227999999999952e+01
9.456912000000000873e+00
9.456912000000000873e+00
2.994688800000000128e+01
2.048997599999999863e+01
2.994688800000000128e+01
2.364227999999999952e+01
2.521843199999999996e+01
2.994688800000000128e+01
3.625149600000000305e+01
2.364227999999999952e+01
9.456912000000000873e+00
2.206612799999999908e+01
3.152304000000000173e+01
3.782764799999999639e+01
4.255610400000000482e+01
3.152304000000000173e+01
6.304608000000001766e+00
2.837073600000000084e+01
1.891382399999999819e+01
2.837073600000000084e+01
3.467534400000000261e+01
2.364227999999999952e+01
2.206612799999999908e+01
3.152304000000000173e+01
2.521843199999999996e+01
1.733767200000000130e+01
2.206612799999999908e+01
3.309919200000000217e+01
2.364227999999999952e+01
2.206612799999999908e+01
9.456912000000000873e+00
2.048997600000000219e+01
3.467534400000000261e+01
3.152304000000000173e+01
1.891382400000000175e+01
1.260921599999999998e+01
2.206612799999999908e+01
2.994688800000000128e+01
2.206612799999999908e+01
4.097995199999999727e+01
2.364227999999999952e+01
2.521843199999999996e+01
1.103306400000000131e+01
3.152304000000000173e+01
3.309919200000000217e+01
2.364227999999999952e+01
3.782764800000000349e+01
3.467534399999999550e+01
1.260921600000000176e+01
2.048997599999999863e+01
2.048997599999999863e+01
3.309919200000000217e+01
3.467534400000000261e+01
2.679458400000000040e+01
3.309919200000000217e+01
3.625149600000000305e+01
3.467534400000000261e+01
2.048997599999999863e+01
2.521843199999999996e+01
1.418536800000000042e+01
1.103306400000000131e+01
4.255610400000000482e+01
3.782764800000000349e+01
3.309919200000000217e+01
1.103306399999999954e+01
1.733767200000000130e+01
2.679458400000000040e+01
2.679458400000000040e+01
3.625149600000000305e+01
2.206612799999999908e+01
1.733767200000000130e+01
2.364228000000000307e+01
2.206612799999999908e+01
2.521843199999999996e+01
1.733767200000000130e+01
2.994688800000000128e+01
2.679458400000000040e+01
2.206612799999999908e+01
1.576152000000000086e+01
1.576152000000000086e+01
2.364227999999999952e+01
1.891382400000000175e+01
3.782764800000000349e+01
2.994688800000000128e+01
2.679458400000000040e+01
3.152303999999999551e+00
1.418536799999999864e+01
1.418536800000000042e+01
4.413225599999999815e+01
2.837073600000000084e+01
2.679458400000000040e+01
2.994688800000000128e+01
1.891382400000000175e+01
2.206612800000000263e+01
2.521843199999999996e+01
1.733767200000000130e+01
3.152304000000000173e+01
2.994688800000000484e+01
2.206612799999999908e+01
2.837073600000000084e+01
2.364227999999999952e+01
3.782764800000000349e+01
3.782764800000000349e+01
2.364227999999999952e+01
2.679458400000000040e+01
3.625149600000000305e+01
3.152303999999999817e+01
2.206612800000000263e+01
1.260921599999999998e+01
2.521843199999999996e+01
3.625149600000000305e+01
2.679458400000000040e+01
2.994688800000000128e+01
3.625149600000000305e+01
2.679458400000000040e+01
4.097995199999999727e+01
3.625149600000000305e+01
2.521843199999999996e+01
3.467534399999999550e+01
2.994688800000000128e+01
2.521843199999999996e+01
3.467534400000000261e+01
2.364228000000000307e+01
3.940380000000000393e+01
2.364227999999999952e+01
2.048997599999999863e+01
1.576152000000000086e+01
3.625149600000000305e+01
3.467534400000000261e+01
3.309919200000000217e+01
1.891382399999999819e+01
3.625149600000000305e+01
3.152304000000000173e+01
1.576152000000000264e+01
2.679458400000000040e+01
2.364227999999999952e+01
2.364227999999999952e+01
2.206612800000000263e+01
2.206612800000000263e+01
3.940380000000000393e+01
2.837073600000000084e+01
1.418536800000000042e+01
1.733767199999999775e+01
3.152304000000000173e+01
1.576151999999999909e+01
3.467534400000000261e+01
2.994688800000000128e+01
2.048997600000000219e+01
3.309919200000000217e+01
3.152303999999999817e+01
3.152304000000000173e+01
3.467534400000000261e+01
2.837073600000000084e+01
1.103306399999999954e+01
2.048997599999999863e+01
2.048997599999999863e+01
6.304607999999999990e+00
1.418536800000000042e+01
2.521843199999999996e+01
3.152303999999999817e+01
3.782764800000000349e+01
2.679458400000000040e+01
2.679458400000000040e+01
2.837073600000000084e+01
9.456912000000000873e+00
2.364227999999999952e+01
3.152304000000000173e+01
2.206612799999999908e+01
1.733767200000000130e+01
2.206612799999999908e+01
2.837073599999999729e+01
1.576152000000000086e+01
2.364227999999999952e+01
2.206612799999999908e+01
2.364228000000000307e+01
2.521843199999999996e+01
2.206612799999999908e+01
2.679458400000000040e+01
3.152304000000000173e+01
2.521843199999999996e+01
5.043686399999999992e+01
2.994688800000000128e+01
2.521843199999999996e+01
2.679458400000000040e+01
1.576152000000000086e+01
1.891382400000000175e+01
2.048997599999999863e+01
1.260921599999999998e+01
2.521843199999999996e+01
3.625149600000000305e+01
3.625149600000000305e+01
2.994688800000000128e+01
2.364227999999999952e+01
2.837073600000000084e+01
1.576152000000000086e+01
4.728455999999999548e+00
9.456911999999999097e+00
9.456912000000000873e+00
1.891382400000000175e+01
3.152304000000000173e+01
1.733767200000000130e+01
9.456912000000000873e+00
2.837073600000000084e+01
3.152304000000000173e+01
2.679458400000000040e+01
2.994688800000000128e+01
1.576152000000000086e+01
3.152304000000000173e+01
3.309919200000000217e+01
4.570840800000000570e+01
2.364227999999999952e+01
2.521843199999999996e+01
2.837073600000000084e+01
2.364227999999999952e+01
1.418536800000000042e+01
3.309919200000000217e+01
3.152303999999999817e+01
1.733767200000000130e+01
2.679458400000000040e+01
3.152303999999999817e+01
2.679458400000000040e+01
3.152304000000000173e+01
9.456912000000000873e+00
2.837073599999999729e+01
3.467534399999999550e+01
2.679458400000000040e+01
6.304607999999999990e+00
2.837073600000000084e+01
3.467534399999999550e+01
2.994688800000000128e+01
1.418536800000000042e+01
2.364227999999999952e+01
2.364227999999999952e+01
1.733767200000000130e+01
2.048997599999999863e+01
3.152304000000000528e+01
4.255610399999999771e+01
3.625149600000000305e+01
2.994688800000000128e+01
3.625149600000000305e+01
2.206612799999999908e+01
1.891382399999999819e+01
2.679458400000000040e+01
2.206612800000000263e+01
4.255610400000000482e+01
3.309919200000000217e+01
3.467534399999999550e+01
2.837073600000000084e+01
3.152304000000000173e+01
3.940380000000000393e+01
1.260921600000000176e+01
2.679458400000000040e+01
2.048997599999999863e+01
3.782764800000000349e+01
2.679458400000000040e+01
2.364227999999999952e+01
2.048997599999999863e+01
2.048997599999999863e+01
2.364227999999999952e+01
3.309919200000000217e+01
3.467534400000000261e+01
2.521843199999999996e+01
4.097995199999999727e+01
1.576152000000000086e+01
2.048997599999999863e+01
3.152304000000000528e+01
2.364228000000000307e+01
2.994688800000000128e+01
2.206612799999999908e+01
2.994688800000000128e+01
2.994688800000000128e+01
1.418536800000000042e+01
2.364227999999999952e+01
2.364228000000000307e+01
2.364227999999999952e+01
2.837073600000000084e+01
1.891382400000000175e+01
6.304607999999999990e+00
2.521843199999999996e+01
2.837073600000000084e+01
1.576152000000000086e+01
3.467534399999999550e+01
2.521843199999999996e+01
2.994688800000000128e+01
3.309919200000000217e+01
9.456912000000000873e+00
1.733767200000000130e+01
2.364228000000000307e+01
2.364227999999999952e+01
2.521843199999999996e+01
4.255610399999999771e+01
2.364227999999999952e+01
1.891382400000000175e+01
2.679458400000000040e+01
3.625149600000000305e+01
2.679458400000000040e+01
2.837073600000000084e+01
4.097995199999999727e+01
1.733767200000000130e+01
2.206612799999999908e+01
2.048997599999999863e+01
2.206612799999999908e+01
1.891382399999999819e+01
2.679458400000000040e+01
4.255610400000000482e+01
1.891382400000000175e+01
3.467534400000000261e+01
2.679458400000000040e+01
3.467534400000000261e+01
2.048997599999999863e+01
-3.152303999999999107e+00
2.521843199999999996e+01
2.521843199999999996e+01
2.521843199999999996e+01
2.206612799999999908e+01
1.103306399999999954e+01
2.679458400000000040e+01
3.467534400000000261e+01
4.570840800000000570e+01
2.994688800000000128e+01
3.309919200000000217e+01
4.255610400000000482e+01
2.679458400000000040e+01
1.576152000000000086e+01
2.994688800000000128e+01
2.679458400000000040e+01
6.304607999999999990e+00
2.837073600000000084e+01
4.097995199999999727e+01
2.994688800000000128e+01
2.679458400000000040e+01
1.891382400000000175e+01
2.364227999999999952e+01
3.625149600000000305e+01
2.679458400000000040e+01
2.364227999999999952e+01
2.679458400000000040e+01
3.467534400000000261e+01
1.576151999999999997e+00
7.880760000000001320e+00
2.679458400000000040e+01
1.891382399999999819e+01
2.364227999999999952e+01
2.994688800000000128e+01
2.364227999999999952e+01
2.679458400000000040e+01
2.206612799999999908e+01
3.152303999999999817e+01
2.048997599999999863e+01
2.679458400000000040e+01
1.576152000000000086e+01
1.260921600000000176e+01
2.048997599999999863e+01
2.048997599999999863e+01
2.994688800000000128e+01
2.837073600000000084e+01
1.891382399999999819e+01
2.994688800000000128e+01
4.413225599999999815e+01
2.679458400000000040e+01
1.891382399999999819e+01
2.206612799999999908e+01
4.097995200000000438e+01
3.782764800000000349e+01
3.467534399999999550e+01
2.206612799999999908e+01
1.891382400000000175e+01
2.994688800000000128e+01
2.364228000000000307e+01
3.152304000000000173e+01
2.364227999999999952e+01
2.679458400000000040e+01
2.364227999999999952e+01
1.733767200000000486e+01
3.467534400000000261e+01
1.733767200000000130e+01
2.048997599999999863e+01
2.837073600000000084e+01
3.309919200000000217e+01
3.309919200000000217e+01
3.782764799999999639e+01
1.733767200000000130e+01
3.309919200000000217e+01
2.521843199999999996e+01
3.625149600000000305e+01
2.364228000000000307e+01
2.994688800000000128e+01
4.413225600000000526e+01
2.048997599999999863e+01
2.364227999999999952e+01
2.994688800000000128e+01
2.837073599999999729e+01
2.679458400000000040e+01
2.994688800000000128e+01
2.048997599999999863e+01
1.576152000000000086e+01
2.837073600000000084e+01
2.837073600000000084e+01
1.733767199999999775e+01
3.152304000000000173e+01
2.837073599999999729e+01
2.994688800000000128e+01
2.994688800000000128e+01
2.837073600000000084e+01
1.418536800000000042e+01
1.576152000000000086e+01
3.152304000000000173e+01
1.733767199999999775e+01
2.837073600000000084e+01
2.048997600000000219e+01
2.994688800000000128e+01
2.364228000000000307e+01
3.309919200000000217e+01
7.880760000000000431e+00
3.625149600000000305e+01
3.782764800000000349e+01
2.994688800000000128e+01
2.994688800000000128e+01
3.152304000000000173e+01
4.097995199999999727e+01
2.048997599999999863e+01
2.837073600000000084e+01
1.418536800000000042e+01
1.576151999999999909e+01
6.304608000000001766e+00
2.521843200000000351e+01
1.891382400000000175e+01
2.521843199999999996e+01
2.679458400000000040e+01
2.206612799999999908e+01
2.206612800000000263e+01
2.206612799999999908e+01
1.891382399999999819e+01
1.260921599999999998e+01
2.364228000000000307e+01
1.891382399999999819e+01
2.994688800000000128e+01
1.733767200000000130e+01
2.048997599999999863e+01
2.048997599999999863e+01
2.048997599999999863e+01
2.994688800000000128e+01
3.152304000000000173e+01
3.467534400000000261e+01
3.467534400000000261e+01
3.152304000000000173e+01
2.364227999999999952e+01
2.364227999999999952e+01
2.521843199999999996e+01
2.206612799999999908e+01
1.891382399999999819e+01
3.782764800000000349e+01
3.152304000000000173e+01
1.891382399999999819e+01
1.418536800000000042e+01
2.837073600000000084e+01
2.521843199999999996e+01
2.206612799999999908e+01
4.255610400000000482e+01
2.206612799999999908e+01
2.206612799999999908e+01
1.260921599999999998e+01
3.309919200000000217e+01
3.625149600000000305e+01
1.418536800000000042e+01
1.891382400000000175e+01
2.679458400000000040e+01
2.048997599999999863e+01
2.206612799999999908e+01
2.837073600000000084e+01
3.152304000000000173e+01
3.782764800000000349e+01
2.521843199999999996e+01
2.364228000000000307e+01
2.048997599999999863e+01
2.364227999999999952e+01
2.679458400000000040e+01
1.418536800000000042e+01
2.679458400000000040e+01
1.891382399999999819e+01
1.891382399999999819e+01
2.679458400000000040e+01
2.206612800000000263e+01
2.364227999999999952e+01
3.625149600000000305e+01
1.891382399999999819e+01
2.048997600000000219e+01
1.733767200000000130e+01
1.576152000000000086e+01
2.994688800000000128e+01
2.048997600000000219e+01
2.521843199999999996e+01
2.837073600000000084e+01
1.733767199999999775e+01
9.456911999999999097e+00
1.418536800000000042e+01
1.733767199999999775e+01
1.260921600000000176e+01
2.837073600000000084e+01
3.625149600000000305e+01
1.576152000000000086e+01
1.733767200000000130e+01
1.576152000000000086e+01
2.679458400000000040e+01
3.467534399999999550e+01
1.733767200000000130e+01
1.576152000000000086e+01
1.260921599999999998e+01
2.679458400000000040e+01
2.048997600000000219e+01
2.837073599999999729e+01
1.891382399999999819e+01
2.048997599999999863e+01
1.891382399999999819e+01
1.418536800000000042e+01
2.837073599999999729e+01
1.891382400000000175e+01
1.260921599999999998e+01
3.309919200000000217e+01
7.880759999999999543e+00
1.576151999999998665e+00
1.260921600000000176e+01
2.364227999999999952e+01
3.152304000000000173e+01
4.255610400000000482e+01
2.206612799999999908e+01
4.728456000000001325e+00
-9.456912000000000873e+00
2.364227999999999952e+01
2.521843199999999996e+01
1.891382399999999819e+01
1.260921599999999998e+01
2.679458400000000040e+01
2.206612799999999908e+01
2.679458400000000040e+01
1.576152000000000086e+01
1.576152000000000086e+01
1.733767199999999775e+01
2.364227999999999952e+01
9.456911999999999097e+00
4.728455999999999548e+00
1.733767200000000130e+01
2.206612799999999908e+01
2.837073600000000084e+01
1.576152000000000086e+01
2.206612799999999908e+01
2.679458400000000040e+01
1.891382400000000175e+01
1.891382400000000175e+01
9.456912000000000873e+00
1.576152000000000086e+01
1.576152000000000086e+01
1.576152000000000086e+01
2.679458400000000040e+01
3.467534399999999550e+01
2.206612799999999908e+01
3.467534400000000261e+01
2.521843200000000351e+01
1.576152000000000086e+01
2.994688800000000128e+01
2.521843199999999996e+01
2.206612800000000263e+01
3.309919200000000217e+01
2.994688800000000128e+01
7.880759999999999543e+00
7.880759999999999543e+00
1.418536800000000042e+01
1.733767200000000130e+01
1.103306400000000131e+01
3.940380000000000393e+01
2.364228000000000307e+01
2.837073600000000084e+01
2.206612800000000263e+01
2.206612799999999908e+01
1.576151999999999909e+01
1.891382400000000175e+01
2.521843199999999996e+01
3.309919200000000217e+01
2.048997600000000219e+01
2.206612799999999908e+01
2.364227999999999952e+01
2.364227999999999952e+01
3.625149600000000305e+01
1.260921600000000176e+01
2.521843199999999996e+01
2.206612799999999908e+01
3.309919200000000217e+01
3.152304000000000173e+01
3.467534400000000261e+01
3.309919200000000217e+01
3.309919200000000217e+01
1.891382400000000175e+01
1.418536800000000042e+01
3.467534400000000261e+01
2.837073600000000084e+01
2.364227999999999952e+01
2.364227999999999952e+01
1.733767200000000130e+01
1.891382400000000175e+01
2.206612799999999908e+01
4.728455999999999904e+01
2.048997600000000219e+01
3.309919200000000217e+01
1.891382400000000175e+01
6.304607999999999990e+00
2.048997599999999863e+01
2.206612799999999908e+01
2.364227999999999952e+01
2.206612799999999908e+01
1.103306400000000131e+01
1.733767199999999775e+01
1.891382399999999819e+01
1.576151999999999997e+00
2.837073600000000084e+01
2.048997599999999863e+01
2.521843199999999996e+01
1.260921600000000176e+01
2.837073600000000084e+01
3.467534400000000261e+01
2.679458400000000040e+01
1.733767200000000130e+01
2.679458400000000040e+01
2.364227999999999952e+01
2.364228000000000307e+01
3.625149600000000305e+01
3.152304000000000173e+01
3.625149600000000305e+01
1.418536799999999864e+01
1.418536799999999864e+01
2.521843199999999996e+01
2.048997599999999863e+01
2.679458400000000040e+01
1.733767200000000130e+01
1.418536799999999864e+01
2.521843199999999996e+01
3.625149600000000305e+01
2.679458400000000040e+01
2.521843200000000706e+01
1.576152000000000086e+01
3.940380000000000393e+01
1.891382400000000175e+01
2.679458400000000040e+01
3.309919200000000217e+01
2.364227999999999952e+01
3.309919200000000217e+01
1.733767200000000130e+01
9.456912000000000873e+00
2.679458400000000040e+01
1.418536800000000042e+01
2.837073600000000084e+01
2.837073600000000084e+01
3.467534400000000261e+01
3.309919200000000217e+01
4.097995199999999727e+01
3.625149600000000305e+01
3.782764799999999639e+01
2.364227999999999952e+01
2.679458400000000040e+01
2.679458400000000040e+01
1.733767199999999775e+01
4.413225600000000526e+01
2.837073599999999729e+01
4.728455999999999548e+00
7.880760000000000431e+00
2.206612799999999908e+01
2.364227999999999952e+01
2.206612799999999908e+01
2.679458400000000040e+01
2.679458400000000040e+01
3.625149600000000305e+01
1.733767200000000486e+01
1.418536799999999864e+01
3.309919200000000217e+01
3.309919200000000217e+01
3.152304000000000173e+01
1.891382399999999819e+01
2.364228000000000307e+01
2.837073600000000084e+01
2.364228000000000307e+01
2.837073600000000084e+01
2.521843199999999996e+01
1.418536800000000042e+01
1.103306399999999954e+01
2.837073600000000084e+01
2.994688800000000128e+01
2.206612799999999908e+01
1.260921600000000176e+01
2.048997599999999863e+01
7.880760000000001320e+00
3.152304000000000173e+01
1.418536800000000042e+01
3.309919200000000217e+01
2.837073600000000084e+01
2.521843199999999996e+01
2.994688800000000128e+01
2.521843199999999996e+01
3.309919200000000217e+01
2.521843199999999996e+01
2.206612799999999908e+01
1.418536800000000042e+01
1.576151999999999909e+01
1.576152000000000086e+01
2.048997599999999863e+01
2.837073600000000084e+01
2.521843200000000351e+01
3.152304000000000173e+01
3.152303999999999817e+01
2.048997600000000219e+01
1.891382399999999819e+01
2.206612799999999908e+01
1.733767200000000130e+01
0.000000000000000000e+00
2.364227999999999952e+01
3.625149600000000305e+01
3.152304000000000528e+01
3.467534400000000261e+01
2.521843199999999996e+01
2.206612799999999908e+01
1.891382400000000175e+01
2.679458400000000040e+01
2.679458400000000040e+01
1.891382400000000175e+01
1.891382399999999819e+01
1.733767200000000130e+01
2.837073600000000084e+01
3.309919200000000217e+01
2.364228000000000307e+01
2.364227999999999952e+01
1.733767200000000130e+01
2.679458400000000040e+01
1.418536800000000042e+01
1.576152000000000086e+01
2.837073600000000084e+01
2.679458400000000040e+01
2.521843200000000351e+01
2.679458400000000040e+01
1.576151999999999909e+01
2.679458400000000040e+01
2.994688800000000128e+01
2.206612799999999908e+01
2.364227999999999952e+01
2.837073599999999729e+01
7.880760000000001320e+00
1.260921600000000176e+01
2.048997599999999863e+01
3.152304000000000173e+01
3.782764799999999639e+01
3.309919200000000217e+01
1.103306400000000131e+01
3.467534400000000261e+01
3.152304000000000173e+01
2.679458400000000040e+01
2.837073600000000084e+01
1.418536800000000042e+01
1.576152000000000086e+01
2.994688800000000128e+01
9.456912000000000873e+00
3.625149600000000305e+01
2.837073600000000084e+01
2.206612799999999908e+01
1.260921599999999998e+01
2.048997599999999863e+01
2.048997599999999863e+01
2.837073600000000084e+01
2.994688800000000128e+01
3.625149600000000305e+01
2.837073600000000084e+01
3.625149600000000305e+01
1.418536800000000042e+01
2.206612799999999908e+01
2.364227999999999952e+01
2.206612799999999908e+01
9.456911999999999097e+00
1.260921599999999998e+01
3.152304000000000173e+01
6.304608000000001766e+00
2.048997600000000219e+01
3.152304000000000173e+01
2.679458400000000040e+01
1.891382399999999819e+01
2.364227999999999952e+01
1.418536800000000042e+01
2.364228000000000307e+01
2.837073600000000084e+01
4.570840800000000570e+01
2.521843200000000351e+01
2.521843199999999996e+01
2.521843199999999996e+01
2.837073600000000084e+01
4.097995199999999727e+01
2.994688800000000128e+01
2.837073600000000084e+01
3.152304000000000173e+01
2.679458400000000040e+01
1.891382399999999819e+01
3.625149600000000305e+01
3.782764799999999639e+01
1.733767199999999775e+01
1.733767200000000130e+01
2.521843199999999996e+01
2.837073600000000084e+01
1.733767200000000130e+01
1.891382399999999819e+01
3.940380000000000393e+01
1.733767199999999775e+01
1.103306400000000131e+01
1.576152000000000086e+01
7.880760000000000431e+00
2.837073599999999729e+01
2.521843199999999996e+01
2.994688800000000128e+01
1.891382400000000175e+01
2.048997599999999863e+01
2.679458400000000040e+01
1.891382400000000175e+01
2.521843199999999996e+01
1.418536800000000042e+01
2.206612799999999908e+01
3.309919200000000217e+01
1.733767200000000130e+01
2.364227999999999952e+01
2.364228000000000307e+01
1.260921599999999998e+01
1.891382400000000175e+01
1.891382400000000175e+01
2.364227999999999952e+01
2.521843199999999996e+01
1.103306399999999954e+01
1.891382400000000175e+01
2.994688800000000128e+01
3.625149600000000305e+01
3.309919200000000217e+01
1.733767200000000130e+01
2.048997599999999863e+01
2.048997600000000219e+01
3.152304000000000173e+01
1.260921599999999998e+01
1.891382400000000175e+01
1.733767200000000130e+01
3.467534400000000261e+01
2.048997599999999863e+01
1.260921600000000176e+01
1.103306400000000131e+01
1.576151999999999909e+01
1.576152000000000086e+01
2.364227999999999952e+01
1.260921600000000176e+01
1.891382400000000175e+01
2.994688800000000128e+01
1.576152000000000086e+01
2.048997600000000219e+01
3.152304000000000528e+01
1.260921599999999998e+01
2.206612799999999908e+01
2.994688800000000128e+01
2.521843199999999996e+01
1.733767199999999775e+01
1.260921600000000176e+01
1.418536800000000042e+01
1.418536800000000042e+01
2.364227999999999952e+01
3.467534400000000261e+01
2.679458400000000040e+01
2.994688800000000128e+01
1.418536800000000042e+01
2.364227999999999952e+01
1.891382399999999819e+01
1.418536800000000042e+01
1.576151999999999909e+01
1.733767199999999775e+01
1.418536799999999864e+01
1.733767200000000130e+01
1.260921600000000176e+01
1.891382400000000175e+01
3.152304000000000173e+01
1.418536800000000042e+01
2.206612800000000263e+01
2.837073600000000084e+01
2.048997599999999863e+01
3.309919200000000217e+01
9.456912000000000873e+00
1.891382399999999819e+01
1.733767200000000130e+01
1.103306400000000131e+01
2.206612799999999908e+01
1.103306399999999954e+01
3.152304000000000173e+01
1.891382399999999819e+01
1.576151999999999909e+01
2.364227999999999952e+01
3.152304000000000173e+01
2.994688800000000128e+01
1.891382399999999819e+01
-1.576152000000000442e+00
2.679458400000000040e+01
3.309919200000000217e+01
3.940380000000000393e+01
2.364227999999999952e+01
1.733767200000000130e+01
3.152304000000000883e+00
2.048997599999999863e+01
2.679458400000000040e+01
1.891382400000000175e+01
3.152303999999999995e+00
2.206612799999999908e+01
2.206612799999999908e+01
2.364227999999999952e+01
1.733767200000000130e+01
1.733767199999999775e+01
1.576152000000000086e+01
2.994688800000000128e+01
2.206612799999999908e+01
3.152304000000000883e+00
2.048997599999999863e+01
6.304607999999999102e+00
2.364227999999999952e+01
1.418536800000000042e+01
1.418536800000000042e+01
2.837073600000000084e+01
2.679458400000000040e+01
0.000000000000000000e+00
6.304607999999999102e+00
2.364227999999999952e+01
2.048997599999999863e+01
2.837073600000000084e+01
1.260921599999999998e+01
9.456911999999999097e+00
2.048997600000000219e+01
2.206612799999999908e+01
9.456911999999999097e+00
1.733767200000000130e+01
1.576152000000000086e+01
2.837073600000000084e+01
3.467534399999999550e+01
3.467534400000000261e+01
2.048997599999999863e+01
3.152304000000000173e+01
1.576151999999999909e+01
2.206612799999999908e+01
1.418536800000000042e+01
1.418536800000000042e+01
9.456912000000000873e+00
1.733767199999999775e+01
2.048997599999999863e+01
1.418536800000000042e+01
2.364228000000000307e+01
2.206612799999999908e+01
1.576152000000000086e+01
1.103306399999999954e+01
2.679458400000000040e+01
1.418536800000000042e+01
2.206612799999999908e+01
3.625149600000000305e+01
2.521843199999999996e+01
7.880760000000000431e+00
3.152304000000000883e+00
1.576152000000000086e+01
2.206612799999999908e+01
3.152303999999999551e+00
1.733767199999999775e+01
2.364228000000000307e+01
2.521843199999999996e+01
-1.576152000000000442e+00
9.456912000000000873e+00
1.418536800000000220e+01
2.994688800000000128e+01
1.891382400000000175e+01
1.891382399999999819e+01
1.260921599999999998e+01
2.048997599999999863e+01
2.206612799999999908e+01
2.206612799999999908e+01
3.152304000000000173e+01
2.206612799999999908e+01
9.456912000000000873e+00
2.206612799999999908e+01
1.891382400000000175e+01
2.364227999999999952e+01
1.733767199999999775e+01
1.103306400000000131e+01
3.940380000000000393e+01
2.048997600000000219e+01
1.576152000000000086e+01
2.048997600000000219e+01
1.418536800000000220e+01
7.880760000000000431e+00
3.152304000000000173e+01
2.679458400000000040e+01
2.206612799999999908e+01
2.994688800000000484e+01
2.521843199999999996e+01
2.364227999999999952e+01
1.733767199999999775e+01
1.418536800000000042e+01
1.576152000000002218e+00
1.733767199999999775e+01
2.206612799999999908e+01
1.891382399999999819e+01
2.206612800000000263e+01
1.576152000000000086e+01
2.521843199999999996e+01
2.521843199999999996e+01
7.880760000000001320e+00
4.728455999999999548e+00
1.103306399999999954e+01
2.521843199999999996e+01
6.304607999999999990e+00
9.456912000000000873e+00
2.521843199999999996e+01
2.048997600000000219e+01
2.994688800000000128e+01
3.467534400000000261e+01
1.891382399999999819e+01
9.456911999999999097e+00
1.891382400000000175e+01
2.048997599999999863e+01
2.837073600000000084e+01
1.576151999999999909e+01
1.103306399999999954e+01
2.521843199999999996e+01
1.418536800000000042e+01
9.456912000000002649e+00
1.418536800000000042e+01
1.576151999999999997e+00
1.576152000000000086e+01
1.733767200000000130e+01
4.570840800000000570e+01
2.364227999999999952e+01
6.304607999999999990e+00
1.576152000000000086e+01
2.048997599999999863e+01
1.576152000000000086e+01
1.576152000000000086e+01
1.576152000000000086e+01
7.880759999999999543e+00
9.456911999999999097e+00
4.413225599999999815e+01
9.456911999999999097e+00
4.728455999999999548e+00
9.456912000000000873e+00
3.940380000000000393e+01
2.206612799999999908e+01
2.048997599999999863e+01
1.733767199999999775e+01
2.048997599999999863e+01
1.891382399999999819e+01
9.456912000000000873e+00
2.206612799999999908e+01
1.733767200000000130e+01
1.260921599999999998e+01
4.728455999999999548e+00
9.456911999999999097e+00
1.891382400000000175e+01
2.048997599999999863e+01
2.837073599999999729e+01
2.364228000000000307e+01
7.880760000000001320e+00
1.733767199999999775e+01
1.733767199999999775e+01
3.152304000000000173e+01
1.891382400000000175e+01
4.728456000000001325e+00
2.206612799999999908e+01
1.733767199999999775e+01
7.880759999999998655e+00
1.576152000000000086e+01
0.000000000000000000e+00
1.260921599999999998e+01
2.679458400000000040e+01
2.679458400000000040e+01
1.418536799999999864e+01
2.521843199999999996e+01
7.880760000000002208e+00
2.521843200000000351e+01
2.206612800000000263e+01
3.152304000000000173e+01
1.576152000000000264e+01
2.206612799999999908e+01
2.679458400000000040e+01
2.994688800000000128e+01
2.521843199999999996e+01
1.576152000000000086e+01
1.103306399999999954e+01
2.206612799999999908e+01
2.206612799999999908e+01
3.625149600000000305e+01
2.837073600000000084e+01
-1.576151999999999997e+00
3.782764799999999639e+01
3.309919200000000217e+01
2.048997599999999863e+01
2.837073600000000084e+01
2.679458400000000040e+01
2.364227999999999952e+01
1.733767200000000130e+01
2.364227999999999952e+01
1.576152000000000086e+01
-3.152303999999999995e+00
7.880760000000000431e+00
1.576151999999999553e+00
1.103306399999999954e+01
1.576151999999999909e+01
2.364228000000000307e+01
3.940380000000000393e+01
1.418536800000000042e+01
7.880760000000000431e+00
2.206612800000000263e+01
1.260921599999999998e+01
1.260921599999999998e+01
9.456911999999999097e+00
1.418536800000000042e+01
1.576152000000002218e+00
3.152303999999999107e+00
6.304607999999999990e+00
1.418536800000000042e+01
2.364227999999999952e+01
1.576152000000000086e+01
3.152304000000000173e+01
2.048997599999999863e+01
3.152304000000000883e+00
3.309919200000000217e+01
2.837073600000000084e+01
7.880759999999999543e+00
1.418536799999999864e+01
1.576152000000002218e+00
2.994688800000000128e+01
2.521843199999999996e+01
1.733767200000000130e+01
1.733767200000000130e+01
2.206612799999999908e+01
2.364227999999999952e+01
2.048997599999999863e+01
2.679458400000000040e+01
3.467534400000000261e+01
1.418536800000000042e+01
1.576152000000000086e+01
1.418536800000000042e+01
1.418536800000000042e+01
4.728456000000000437e+00
4.728455999999999548e+00
1.260921600000000176e+01
-1.103306399999999954e+01
1.103306399999999954e+01
2.206612799999999908e+01
2.364227999999999952e+01
1.418536800000000042e+01
1.891382400000000175e+01
2.048997599999999863e+01
2.837073599999999729e+01
1.260921599999999998e+01
-1.576151999999998665e+00
1.260921599999999998e+01
2.048997599999999863e+01
2.521843199999999996e+01
1.260921599999999998e+01
1.733767200000000130e+01
3.782764800000000349e+01
1.733767200000000130e+01
2.206612799999999908e+01
2.206612799999999908e+01
2.364227999999999952e+01
3.152304000000000173e+01
3.152304000000000173e+01
1.260921599999999998e+01
1.891382399999999819e+01
1.418536800000000042e+01
6.304607999999999990e+00
1.103306399999999954e+01
2.206612799999999908e+01
2.364227999999999952e+01
1.891382400000000175e+01
2.679458400000000040e+01
2.364227999999999952e+01
1.576152000000000086e+01
3.309919200000000217e+01
2.679458400000000040e+01
1.891382399999999819e+01
-1.576151999999998665e+00
1.576152000000000086e+01
3.625149600000000305e+01
2.837073600000000084e+01
1.418536799999999864e+01
1.260921599999999998e+01
2.048997599999999863e+01
9.456911999999999097e+00
1.576151999999999909e+01
3.625149600000000305e+01
2.206612800000000263e+01
2.364227999999999952e+01
3.309919200000000217e+01
1.418536800000000042e+01
2.048997599999999863e+01
3.152304000000000173e+01
2.206612800000000263e+01
2.364227999999999952e+01
2.364227999999999952e+01
1.418536800000000042e+01
9.456911999999999097e+00
1.891382400000000175e+01
2.521843199999999996e+01
1.733767199999999775e+01
1.418536800000000042e+01
2.206612799999999908e+01
2.364227999999999952e+01
2.837073599999999729e+01
2.364227999999999952e+01
1.418536800000000042e+01
2.837073600000000084e+01
1.576152000000000086e+01
3.152304000000000173e+01
1.733767199999999775e+01
1.103306399999999954e+01
1.260921599999999998e+01
1.103306399999999954e+01
1.733767200000000130e+01
3.467534400000000261e+01
2.994688800000000128e+01
2.206612800000000263e+01
2.521843199999999996e+01
3.625149600000000305e+01
2.364227999999999952e+01
1.891382400000000175e+01
1.733767199999999775e+01
2.521843199999999996e+01
1.418536800000000042e+01
9.456912000000000873e+00
2.048997600000000219e+01
1.733767199999999775e+01
2.206612799999999908e+01
3.309919200000000217e+01
1.891382399999999819e+01
1.103306399999999954e+01
2.206612799999999908e+01
2.521843199999999996e+01
6.304607999999999990e+00
1.260921599999999998e+01
2.521843199999999996e+01
3.152304000000000883e+00
2.994688800000000128e+01
1.576152000000000086e+01
1.418536800000000042e+01
1.576152000000000086e+01
2.206612799999999908e+01
1.891382399999999819e+01
1.891382399999999819e+01
1.418536800000000042e+01
2.364227999999999952e+01
1.418536800000000042e+01
7.880760000000000431e+00
2.837073600000000084e+01
3.152303999999999995e+00
1.576152000000000086e+01
2.206612799999999908e+01
1.418536799999999864e+01
1.418536800000000042e+01
2.994688800000000128e+01
6.304608000000001766e+00
2.048997599999999863e+01
2.521843200000000351e+01
1.418536800000000042e+01
2.206612799999999908e+01
1.418536800000000042e+01
2.364227999999999952e+01
2.521843200000000351e+01
1.418536800000000042e+01
2.521843199999999996e+01
4.728456000000001325e+00
2.364227999999999952e+01
4.728456000000000437e+00
1.260921599999999998e+01
1.260921599999999998e+01
2.521843199999999996e+01
4.728456000000001325e+00
1.418536799999999864e+01
2.206612800000000263e+01
1.103306399999999954e+01
2.679458400000000040e+01
2.364228000000000307e+01
1.891382400000000175e+01
7.880759999999998655e+00
6.304608000000001766e+00
2.364227999999999952e+01
1.576152000000000086e+01
1.576152000000000086e+01
6.304607999999999990e+00
9.456912000000000873e+00
2.048997599999999863e+01
6.304608000000001766e+00
7.880759999999999543e+00
1.418536799999999864e+01
-4.728455999999999548e+00
1.891382400000000175e+01
1.576151999999999553e+00
1.576151999999999553e+00
1.418536800000000220e+01
4.728455999999999548e+00
1.260921599999999998e+01
3.309919200000000217e+01
2.364228000000000307e+01
2.364227999999999952e+01
2.364228000000000307e+01
2.048997599999999863e+01
1.733767199999999775e+01
2.048997600000000219e+01
1.576152000000000264e+01
1.260921599999999820e+01
1.733767199999999775e+01
7.880760000000000431e+00
0.000000000000000000e+00
9.456911999999999097e+00
2.521843199999999996e+01
1.576152000000000086e+01
9.456911999999999097e+00
9.456912000000000873e+00
2.994688800000000128e+01
7.880760000000000431e+00
9.456911999999999097e+00
2.364227999999999952e+01
1.418536800000000042e+01
2.364227999999999952e+01
2.048997599999999863e+01
2.994688800000000128e+01
3.152304000000000173e+01
2.048997600000000219e+01
2.364228000000000307e+01
1.103306400000000131e+01
9.456911999999999097e+00
3.152303999999999995e+00
2.364227999999999952e+01
2.206612799999999908e+01
1.733767200000000130e+01
1.260921599999999998e+01
2.837073600000000084e+01
1.576152000000000086e+01
1.733767200000000130e+01
1.733767199999999775e+01
1.733767199999999775e+01
2.206612799999999908e+01
6.304607999999999990e+00
6.304607999999999990e+00
2.364227999999999952e+01
1.576152000000000086e+01
1.891382399999999819e+01
2.994688800000000128e+01
3.625149600000000305e+01
2.206612800000000263e+01
1.891382400000000175e+01
2.837073600000000084e+01
2.206612799999999908e+01
1.733767199999999775e+01
1.260921599999999998e+01
6.304607999999999990e+00
4.728455999999999548e+00
2.837073599999999729e+01
3.467534399999999550e+01
3.467534400000000261e+01
2.994688800000000128e+01
3.309919200000000217e+01
2.206612799999999908e+01
2.048997599999999863e+01
1.733767199999999775e+01
1.891382399999999819e+01
1.418536799999999864e+01
2.048997599999999863e+01
1.260921599999999998e+01
2.521843199999999996e+01
1.260921600000000176e+01
3.467534400000000261e+01
2.521843199999999996e+01
5.831762400000000213e+01
6.777453599999999767e+01
1.008737280000000140e+02
1.387013759999999820e+02
1.639198080000000175e+02
2.915881200000000035e+02
2.285420399999999859e+02
1.859859360000000095e+02
1.718005679999999984e+02
1.781051760000000286e+02
1.781051760000000002e+02
1.828336319999999944e+02
1.702244159999999908e+02
1.591913519999999949e+02
1.654959600000000250e+02
1.560390480000000082e+02
1.402775280000000180e+02
1.528867440000000215e+02
1.418536800000000255e+02
1.513105919999999855e+02
1.387013760000000389e+02
1.402775279999999896e+02
1.387013760000000104e+02
1.245160079999999994e+02
1.182113999999999976e+02
1.103306400000000025e+02
1.071783360000000016e+02
1.150590960000000109e+02
1.071783360000000016e+02
9.614527200000000562e+01
1.040260320000000007e+02
1.103306399999999883e+02
1.166352480000000043e+02
1.040260319999999865e+02
9.772142400000001317e+01
7.250299200000000610e+01
6.619838400000001855e+01
7.880760000000000787e+01
8.984066400000000385e+01
8.826451199999999631e+01
7.880760000000000787e+01
9.456911999999999807e+01
9.299296800000001895e+01
7.880760000000000787e+01
6.146992800000001012e+01
5.831762400000000923e+01
6.462223199999999679e+01
8.195990400000000875e+01
7.250299200000000610e+01
6.619838400000000433e+01
6.777453600000001188e+01
5.989377600000000257e+01
5.989377600000000257e+01
6.304607999999998924e+01
7.880760000000000787e+01
6.462223199999999679e+01
4.097995199999999727e+01
5.201301600000000747e+01
5.989377599999999546e+01
5.831762399999999502e+01
5.989377600000000257e+01
5.516531999999999414e+01
4.255610400000000482e+01
6.304607999999999635e+01
5.043686399999999992e+01
5.516532000000000124e+01
6.146992800000000301e+01
5.201301599999999326e+01
5.831762400000000923e+01
6.777453600000001188e+01
6.619838400000000433e+01
7.407914399999999944e+01
4.886071199999999237e+01
4.097995200000000438e+01
5.674147200000000879e+01
5.358916799999998659e+01
4.886071199999999948e+01
5.516531999999999414e+01
3.782764800000000349e+01
4.255610399999999771e+01
5.516532000000000124e+01
3.940379999999999683e+01
4.255610400000000482e+01
3.152304000000000173e+01
5.989377600000000257e+01
3.940380000000000393e+01
4.097995200000001148e+01
3.782764799999999639e+01
2.837073600000000084e+01
4.255610400000000482e+01
2.994688799999999418e+01
3.940380000000000393e+01
3.152304000000000883e+01
3.309919199999999506e+01
4.728455999999999904e+01
2.994688800000000128e+01
3.152304000000000883e+01
3.625149600000000305e+01
3.467534400000000261e+01
2.364227999999999597e+01
3.309919200000000217e+01
4.097995199999999727e+01
5.516531999999999414e+01
4.097995200000000438e+01
2.679458400000000040e+01
3.467534400000000261e+01
3.625149600000000305e+01
3.625149600000000305e+01
4.570840800000000570e+01
4.728456000000000614e+01
3.782764799999999639e+01
3.467534399999999550e+01
4.886071199999999237e+01
3.940380000000000393e+01
3.940379999999999683e+01
3.782764799999999639e+01
3.625149599999998884e+01
3.467534399999999550e+01
1.891382399999999819e+01
5.358916800000000080e+01
3.467534399999999550e+01
3.467534400000000971e+01
4.413225599999999815e+01
2.521843199999999285e+01
2.364228000000000662e+01
1.891382399999999819e+01
3.309919200000000217e+01
4.097995199999999727e+01
2.679458399999999330e+01
3.782764800000000349e+01
4.570840799999999859e+01
4.413225599999999815e+01
4.255610400000000482e+01
3.782764799999999639e+01
3.467534399999999550e+01
4.097995199999999727e+01
4.728455999999999904e+01
4.570840800000000570e+01
3.309919200000000217e+01
3.152304000000000173e+01
2.206612800000000618e+01
3.782764800000001060e+01
4.886071199999999948e+01
2.679458400000000395e+01
3.467534399999999550e+01
4.255610400000000482e+01
4.413225599999999815e+01
5.358916800000000080e+01
4.097995199999999727e+01
2.679458400000000040e+01
1.418536800000000397e+01
3.782764800000001060e+01
2.994688799999999773e+01
4.255610400000000482e+01
4.413225599999999815e+01
3.625149600000001016e+01
4.728455999999999904e+01
4.570840799999999859e+01
1.891382400000000175e+01
2.679458400000000040e+01
2.206612800000000618e+01
3.782764800000000349e+01
4.255610400000000482e+01
4.728455999999999904e+01
3.940380000000000393e+01
2.206612799999999908e+01
2.994688799999999773e+01
3.625149600000000305e+01
3.940379999999999683e+01
4.886071199999999948e+01
4.097995199999999727e+01
2.679458400000000040e+01
4.886071199999999948e+01
4.097995199999999727e+01
3.152304000000000173e+01
2.364228000000000662e+01
2.994688799999999773e+01
3.782764800000000349e+01
4.413225599999999815e+01
2.994688800000000839e+01
3.309919200000000217e+01
3.309919200000000217e+01
3.152304000000000528e+01
3.625149600000000305e+01
1.891382399999999819e+01
2.837073599999999729e+01
1.576152000000000086e+01
2.364228000000000307e+01
2.679458400000000040e+01
3.467534400000000971e+01
3.467534399999999550e+01
3.152304000000000173e+01
2.679458400000000040e+01
1.891382400000000175e+01
2.994688800000000128e+01
2.679458400000000395e+01
3.467534399999999550e+01
4.413225599999999815e+01
3.782764799999999639e+01
3.625149599999999595e+01
2.048997599999999863e+01
4.097995200000001148e+01
2.521843200000000706e+01
4.413225599999999815e+01
2.994688799999999773e+01
2.679458400000000395e+01
3.309919200000000217e+01
4.097995200000000438e+01
3.309919200000000927e+01
1.891382400000000530e+01
4.413225599999999815e+01
3.467534400000000971e+01
4.097995199999999727e+01
4.413225599999999815e+01
5.516532000000000124e+01
3.940379999999999683e+01
2.364227999999999952e+01
2.837073600000000084e+01
1.103306399999999599e+01
2.837073599999999729e+01
3.309919200000000217e+01
2.679458399999999685e+01
2.521843199999999996e+01
3.467534399999999550e+01
4.413225599999999815e+01
2.994688800000000484e+01
3.152304000000000528e+01
3.467534399999999550e+01
4.097995199999999727e+01
3.467534399999999550e+01
3.152304000000000528e+01
3.940379999999999683e+01
2.837073599999999729e+01
2.994688800000000128e+01
3.152303999999999817e+01
3.467534400000000261e+01
3.152303999999999462e+01
2.994688799999999773e+01
2.364227999999999597e+01
3.940380000000000393e+01
3.309919200000000217e+01
3.467534400000000971e+01
4.413225599999999815e+01
3.309919200000000217e+01
2.521843200000000351e+01
3.940380000000000393e+01
4.570840800000000570e+01
2.364227999999999952e+01
2.364227999999999597e+01
2.206612800000000263e+01
2.994688800000000128e+01
3.309919200000000217e+01
3.309919200000000217e+01
3.625149600000000305e+01
2.837073600000000440e+01
3.309919200000000217e+01
1.891382400000000175e+01
4.255610399999999771e+01
2.364228000000000307e+01
3.467534400000000971e+01
3.782764800000000349e+01
2.679458400000000395e+01
2.994688800000000128e+01
3.152304000000000528e+01
2.521843199999999641e+01
2.048997600000000574e+01
0.000000000000000000e+00
1.891382400000000175e+01
2.206612799999999908e+01
3.467534399999999550e+01
2.994688800000000839e+01
3.940380000000000393e+01
3.309919200000000217e+01
3.467534400000000261e+01
4.255610399999999771e+01
2.994688799999999773e+01
4.413225599999999815e+01
1.891382400000000175e+01
3.309919200000000217e+01
3.309919200000000217e+01
2.364228000000000307e+01
2.994688799999999773e+01
4.570840799999999149e+01
3.940380000000000393e+01
1.733767199999999420e+01
3.309919200000000217e+01
2.521843199999999641e+01
4.255610399999999771e+01
3.940379999999999683e+01
2.679458400000000040e+01
2.837073599999999729e+01
2.521843200000000351e+01
2.837073600000000440e+01
2.364227999999999952e+01
3.309919200000000217e+01
3.625149599999999595e+01
3.152303999999999817e+01
3.940379999999999683e+01
2.994688800000000484e+01
1.891382399999999819e+01
3.152304000000000528e+01
3.782764800000000349e+01
2.994688799999999773e+01
2.837073599999999729e+01
2.364227999999999597e+01
2.994688799999999773e+01
4.570840800000000570e+01
4.255610400000000482e+01
4.255610399999999771e+01
2.837073599999999729e+01
2.521843200000000706e+01
3.467534399999999550e+01
3.467534399999999550e+01
3.467534399999999550e+01
2.994688799999999773e+01
3.782764800000000349e+01
3.309919200000000217e+01
4.097995199999999727e+01
3.782764799999999639e+01
4.255610400000000482e+01
3.940380000000000393e+01
5.674147199999999458e+01
3.782764799999999639e+01
3.152303999999999462e+01
2.994688799999999773e+01
3.782764800000000349e+01
3.309919200000000217e+01
3.940379999999999683e+01
4.570840800000000570e+01
3.625149600000000305e+01
3.309919200000000217e+01
2.048997600000000574e+01
4.886071200000000658e+01
3.309919200000000217e+01
2.521843199999999641e+01
2.206612800000000263e+01
3.625149599999999595e+01
2.206612800000000263e+01
2.994688800000000839e+01
3.625149600000000305e+01
2.206612799999999552e+01
2.994688799999999773e+01
4.570840799999999859e+01
3.309919200000000217e+01
4.097995200000000438e+01
3.782764799999999639e+01
1.733767199999999420e+01
1.576152000000000442e+01
2.206612800000000618e+01
4.255610399999999771e+01
2.364227999999999597e+01
2.994688799999999773e+01
1.891382400000000175e+01
2.837073600000000084e+01
2.048997599999999863e+01
2.837073599999999729e+01
2.994688800000000128e+01
2.994688799999999773e+01
2.364227999999999952e+01
3.782764799999999639e+01
3.309919199999999506e+01
3.152304000000000528e+01
3.467534399999999550e+01
4.255610399999999771e+01
3.782764799999999639e+01
3.467534399999999550e+01
3.940379999999999683e+01
2.994688799999999773e+01
2.206612800000000263e+01
2.679458400000000395e+01
2.521843199999999996e+01
3.625149600000000305e+01
3.152304000000000173e+01
3.152303999999999817e+01
2.206612799999999552e+01
3.467534399999999550e+01
2.521843199999999641e+01
3.309919200000000217e+01
3.625149600000000305e+01
3.309919200000000217e+01
3.940379999999999683e+01
2.679458400000000395e+01
2.521843199999999996e+01
3.309919200000000217e+01
2.048997599999999508e+01
3.467534400000000971e+01
5.043686399999999992e+01
3.940379999999999683e+01
3.467534400000000971e+01
2.837073599999999729e+01
4.255610400000000482e+01
2.364228000000000307e+01
1.418536800000000397e+01
3.309919200000000217e+01
3.152303999999999817e+01
2.206612800000000263e+01
1.576152000000000442e+01
4.413225599999999815e+01
4.255610400000000482e+01
4.413225599999999815e+01
2.521843199999999641e+01
2.206612799999999552e+01
2.048997600000000574e+01
1.260921600000000353e+01
2.521843200000000351e+01
1.891382400000000175e+01
3.467534399999999550e+01
2.994688799999999773e+01
2.679458400000000040e+01
2.994688800000000128e+01
2.048997600000000219e+01
2.679458400000000040e+01
2.679458400000000395e+01
7.880760000000002208e+00
3.467534400000000261e+01
2.364228000000000307e+01
3.309919200000000217e+01
5.043686399999999992e+01
2.994688799999999773e+01
3.152303999999999462e+01
4.570840799999999859e+01
2.048997600000000219e+01
2.994688799999999773e+01
3.309919200000000217e+01
2.994688799999999773e+01
1.891382400000000175e+01
2.364228000000000307e+01
4.255610400000000482e+01
3.309919200000000217e+01
2.679458399999999685e+01
4.570840799999999859e+01
2.521843200000000351e+01
1.891382400000000175e+01
2.364227999999999952e+01
3.467534399999999550e+01
2.521843200000000706e+01
2.206612799999999552e+01
2.837073600000000440e+01
3.625149600000000305e+01
3.940380000000000393e+01
4.413225599999999815e+01
2.994688800000000128e+01
9.456912000000002649e+00
1.733767199999999775e+01
3.309919200000000217e+01
3.309919200000000217e+01
4.728455999999999904e+01
4.097995199999999727e+01
3.625149599999999595e+01
2.206612800000000618e+01
4.570840799999999859e+01
1.733767199999999775e+01
2.994688799999999773e+01
3.309919200000000217e+01
2.364227999999999952e+01
3.782764800000000349e+01
2.994688799999999773e+01
2.837073600000000084e+01
3.152303999999999817e+01
4.255610399999999771e+01
4.413225600000000526e+01
4.255610400000000482e+01
1.891382400000000175e+01
3.152304000000000528e+01
4.097995199999999727e+01
3.152303999999999462e+01
1.576152000000000086e+01
2.521843199999999641e+01
3.309919200000000217e+01
4.097995199999999727e+01
3.467534400000000971e+01
3.309919200000000217e+01
2.837073600000000440e+01
2.048997600000000219e+01
1.103306399999999954e+01
3.625149599999999595e+01
2.679458399999999685e+01
1.733767200000000486e+01
2.364227999999999952e+01
1.733767200000000486e+01
3.467534399999999550e+01
2.521843200000000351e+01
4.255610400000000482e+01
3.309919200000000217e+01
2.206612800000000263e+01
1.733767200000000486e+01
3.309919200000000217e+01
2.837073599999999729e+01
2.521843199999999641e+01
3.467534400000000971e+01
3.467534399999999550e+01
4.097995199999999727e+01
2.521843199999999641e+01
1.576152000000000086e+01
2.521843199999999996e+01
2.837073600000000084e+01
1.103306400000000309e+01
7.880760000000002208e+00
1.733767200000000130e+01
2.521843200000000351e+01
3.152303999999999462e+01
2.521843200000000351e+01
3.625149600000000305e+01
2.048997600000000574e+01
3.152303999999999462e+01
1.733767199999999775e+01
4.413225599999999815e+01
2.048997599999999863e+01
1.418536800000000042e+01
2.994688799999999773e+01
2.364228000000000307e+01
3.625149600000000305e+01
3.309919200000000217e+01
4.255610400000000482e+01
1.733767200000000130e+01
2.364228000000000307e+01
3.467534400000000971e+01
4.097995199999999727e+01
3.782764799999999639e+01
1.891382400000000175e+01
1.733767199999999420e+01
2.048997600000000219e+01
2.994688799999999773e+01
2.679458399999999685e+01
3.467534399999999550e+01
2.679458399999999685e+01
2.994688800000000484e+01
3.467534400000000261e+01
3.309919200000000217e+01
3.625149600000000305e+01
2.521843200000000351e+01
2.048997599999999508e+01
2.364227999999999952e+01
2.206612800000000618e+01
2.994688800000000128e+01
3.940379999999999683e+01
5.201301600000000036e+01
4.255610399999999771e+01
3.625149599999999595e+01
2.837073600000000084e+01
3.625149600000000305e+01
1.576152000000000442e+01
2.837073599999999729e+01
2.994688800000000128e+01
2.994688800000000128e+01
2.679458400000000395e+01
3.467534399999999550e+01
3.467534399999999550e+01
1.733767200000000130e+01
3.309919200000000217e+01
4.570840799999999859e+01
2.994688799999999773e+01
3.152304000000000528e+01
1.733767200000000486e+01
3.625149600000000305e+01
3.625149600000000305e+01
2.364227999999999952e+01
2.679458400000000395e+01
2.521843199999999641e+01
2.048997600000000219e+01
3.467534399999999550e+01
3.782764799999999639e+01
2.837073600000000084e+01
4.728456000000000614e+01
2.521843199999999641e+01
2.048997600000000219e+01
2.521843200000000706e+01
4.097995199999999727e+01
2.994688799999999773e+01
5.043686399999999992e+01
2.048997599999999863e+01
2.837073599999999729e+01
2.206612799999999908e+01
2.206612800000000263e+01
1.418536800000000042e+01
2.048997600000000219e+01
2.679458400000000395e+01
2.679458400000000395e+01
2.837073600000000084e+01
2.206612799999999908e+01
3.152304000000000528e+01
2.521843199999999996e+01
2.521843199999999996e+01
1.418536800000000042e+01
1.576152000000000442e+01
2.364227999999999952e+01
2.994688800000000484e+01
3.152304000000000528e+01
2.679458400000000040e+01
2.048997599999999863e+01
3.309919200000000217e+01
2.206612800000000618e+01
1.260921599999999998e+01
2.679458400000000040e+01
1.103306400000000309e+01
2.521843199999999996e+01
3.625149600000000305e+01
2.364228000000000307e+01
2.364228000000000307e+01
2.994688799999999773e+01
2.837073599999999729e+01
1.733767200000000130e+01
3.467534400000000261e+01
1.576152000000000086e+01
4.728455999999997772e+00
2.837073600000000084e+01
2.206612800000000263e+01
2.364228000000000307e+01
3.309919200000000217e+01
3.309919200000000217e+01
2.521843199999999641e+01
4.255610399999999771e+01
4.255610399999999771e+01
2.994688800000000128e+01
1.576151999999999909e+01
2.206612800000000263e+01
2.048997600000000219e+01
2.521843199999999996e+01
2.048997600000000219e+01
3.782764800000000349e+01
4.255610399999999771e+01
2.679458400000000395e+01
3.152303999999999817e+01
2.679458400000000395e+01
2.521843200000000351e+01
1.576152000000000442e+00
2.206612800000000618e+01
1.576152000000000442e+01
2.206612800000000263e+01
2.048997599999999863e+01
2.364227999999999952e+01
3.309919200000000217e+01
3.309919200000000217e+01
2.679458400000000395e+01
3.309919200000000217e+01
1.891382400000000175e+01
4.728455999999997772e+00
1.260921599999999998e+01
2.521843200000000706e+01
3.152304000000000528e+01
3.940380000000000393e+01
4.097995200000000438e+01
3.625149600000000305e+01
4.255610399999999771e+01
3.625149599999999595e+01
3.309919200000000217e+01
3.309919200000000217e+01
2.679458400000000395e+01
1.891382400000000175e+01
1.891382400000000175e+01
2.679458400000000395e+01
2.521843200000000351e+01
2.364228000000000662e+01
3.152304000000000173e+01
3.467534399999999550e+01
4.570840800000000570e+01
2.837073599999999729e+01
1.891382399999999819e+01
3.782764799999999639e+01
2.206612799999999552e+01
2.837073600000000084e+01
3.782764800000000349e+01
3.152304000000000173e+01
2.206612800000000618e+01
2.048997600000000219e+01
2.994688800000000484e+01
2.048997600000000219e+01
2.994688799999999773e+01
3.309919200000000217e+01
3.152304000000000173e+01
2.837073600000000084e+01
2.837073600000000084e+01
1.576152000000000086e+01
2.206612800000000263e+01
1.733767200000000486e+01
1.891382400000000175e+01
2.206612800000000263e+01
2.206612799999999908e+01
2.521843199999999996e+01
2.994688800000000484e+01
2.206612799999999908e+01
3.940380000000000393e+01
3.309919200000000217e+01
2.521843199999999641e+01
2.048997600000000219e+01
2.521843199999999996e+01
4.097995200000000438e+01
2.206612800000000263e+01
1.733767200000000486e+01
2.679458400000000040e+01
2.364228000000000307e+01
1.891382400000000175e+01
2.994688800000000128e+01
4.097995200000000438e+01
3.940380000000000393e+01
2.837073600000000440e+01
1.260921599999999998e+01
1.260921600000000353e+01
3.309919200000000217e+01
2.994688799999999418e+01
1.418536800000000397e+01
1.260921600000000353e+01
2.521843199999999641e+01
3.152304000000000173e+01
2.364228000000000307e+01
1.418536800000000042e+01
2.679458399999999330e+01
3.152304000000000528e+01
2.364227999999999952e+01
2.521843199999999641e+01
1.576152000000000442e+01
3.309919200000000217e+01
3.625149600000000305e+01
2.206612800000000263e+01
1.733767200000000486e+01
2.521843199999999996e+01
1.891382400000000175e+01
4.097995199999999727e+01
2.364228000000000662e+01
2.994688800000000128e+01
2.364228000000000307e+01
2.994688800000000128e+01
1.103306399999999954e+01
2.994688800000000128e+01
2.994688800000000484e+01
3.467534399999999550e+01
1.733767200000000486e+01
2.994688800000000128e+01
3.152303999999999462e+01
1.891382399999999819e+01
4.255610399999999771e+01
2.679458400000000395e+01
2.994688799999999418e+01
2.364228000000000307e+01
2.837073600000000084e+01
3.940380000000000393e+01
2.837073600000000084e+01
2.837073599999999729e+01
1.418536800000000397e+01
2.679458400000000040e+01
2.837073600000000084e+01
1.418536800000000042e+01
2.206612800000000263e+01
7.880760000000002208e+00
3.467534400000000261e+01
3.625149600000000305e+01
1.733767200000000130e+01
1.891382400000000175e+01
3.625149600000000305e+01
1.260921600000000353e+01
1.733767200000000130e+01
1.576152000000000086e+01
1.891382400000000175e+01
2.521843199999999996e+01
3.940379999999999683e+01
2.206612800000000263e+01
2.048997600000000574e+01
2.364227999999999952e+01
3.309919200000000217e+01
2.994688800000000128e+01
2.048997600000000219e+01
2.994688800000000484e+01
2.521843199999999996e+01
2.994688800000000484e+01
1.576152000000000086e+01
2.994688800000000128e+01
3.467534400000000261e+01
3.309919199999999506e+01
2.679458400000000395e+01
1.576152000000000442e+01
2.364227999999999952e+01
3.309919200000000217e+01
2.679458399999999330e+01
1.733767200000000130e+01
2.837073600000000084e+01
1.891382399999999819e+01
2.521843199999999996e+01
2.994688799999999773e+01
1.733767200000000130e+01
2.206612799999999908e+01
2.521843199999999996e+01
4.097995199999999727e+01
2.364228000000000307e+01
2.206612799999999908e+01
3.152304000000000173e+01
1.891382400000000175e+01
2.994688800000000128e+01
2.364228000000000662e+01
3.625149600000000305e+01
3.309919200000000217e+01
4.413225599999999815e+01
3.467534400000000261e+01
2.521843200000000351e+01
2.048997599999999863e+01
2.048997600000000219e+01
1.103306399999999954e+01
2.521843199999999996e+01
1.891382400000000175e+01
2.521843199999999996e+01
3.467534399999999550e+01
3.152304000000000528e+01
1.891382400000000530e+01
2.364227999999999952e+01
3.940380000000000393e+01
2.837073600000000084e+01
2.521843199999999996e+01
2.521843199999999996e+01
2.521843199999999996e+01
3.467534400000000261e+01
2.206612799999999552e+01
1.733767200000000130e+01
1.891382400000000175e+01
3.152304000000000173e+01
3.940380000000000393e+01
3.152303999999999462e+01
2.048997599999999863e+01
3.467534400000000261e+01
2.994688800000000128e+01
3.467534400000000261e+01
2.837073599999999729e+01
1.733767200000000130e+01
1.891382400000000175e+01
3.940379999999999683e+01
3.152304000000000173e+01
4.570840800000000570e+01
2.994688800000000128e+01
3.152304000000000173e+01
1.418536800000000042e+01
2.679458400000000040e+01
2.521843199999999996e+01
7.880759999999998655e+00
2.994688800000000128e+01
1.733767200000000130e+01
3.152304000000000528e+01
3.152303999999999462e+01
2.364228000000000307e+01
2.364227999999999952e+01
2.837073600000000084e+01
3.309919200000000217e+01
3.467534400000000261e+01
2.837073600000000084e+01
2.364228000000000307e+01
1.260921600000000353e+01
1.891382400000000175e+01
2.206612800000000263e+01
2.206612800000000618e+01
2.837073600000000440e+01
2.206612800000000263e+01
3.940380000000000393e+01
2.994688800000000484e+01
2.364228000000000307e+01
2.679458399999999330e+01
2.679458400000000040e+01
3.309919200000000217e+01
2.679458400000000395e+01
3.467534400000000261e+01
3.940380000000000393e+01
3.782764800000000349e+01
3.152304000000000173e+01
1.891382399999999819e+01
2.994688799999999773e+01
2.048997600000000574e+01
2.364227999999999952e+01
2.048997599999999863e+01
9.456912000000002649e+00
2.206612799999999908e+01
2.837073600000000084e+01
2.837073600000000084e+01
3.467534399999999550e+01
1.576152000000000086e+01
2.994688800000000128e+01
2.679458400000000040e+01
3.152304000000000173e+01
2.521843199999999996e+01
3.309919200000000217e+01
2.679458400000000040e+01
2.994688799999999773e+01
2.206612799999999552e+01
3.309919200000000217e+01
3.782764800000000349e+01
3.782764800000000349e+01
3.625149600000000305e+01
2.048997599999999863e+01
2.521843199999999996e+01
2.364227999999999952e+01
2.994688800000000484e+01
2.206612799999999908e+01
2.364227999999999952e+01
2.994688799999999418e+01
2.837073600000000084e+01
2.206612800000000263e+01
2.048997599999999863e+01
3.152303999999999462e+01
2.679458400000000395e+01
2.837073600000000084e+01
1.576152000000000264e+01
1.891382400000000530e+01
2.679458400000000395e+01
2.364227999999999952e+01
6.304608000000001766e+00
2.679458400000000395e+01
2.521843200000000351e+01
2.206612800000000263e+01
2.994688800000000128e+01
2.837073600000000084e+01
3.309919200000000217e+01
3.152304000000000528e+01
3.940380000000000393e+01
2.521843200000000351e+01
2.206612800000000618e+01
1.891382399999999819e+01
1.891382399999999819e+01
2.048997599999999863e+01
2.679458400000000040e+01
2.679458400000000040e+01
3.152304000000000173e+01
2.994688800000000128e+01
2.994688800000000128e+01
2.994688800000000128e+01
2.679458400000000395e+01
2.679458400000000395e+01
2.679458400000000040e+01
5.043686400000000702e+01
4.413225599999999815e+01
2.837073600000000440e+01
2.994688799999999773e+01
2.364228000000000307e+01
4.097995200000000438e+01
1.891382400000000175e+01
1.260921599999999998e+01
3.467534400000000261e+01
2.206612800000000263e+01
7.880759999999998655e+00
2.364228000000000307e+01
2.679458400000000040e+01
3.782764800000000349e+01
3.152304000000000173e+01
2.679458400000000395e+01
1.418536800000000397e+01
1.103306399999999776e+01
2.048997599999999863e+01
9.456912000000000873e+00
3.309919200000000217e+01
2.994688800000000128e+01
2.364227999999999597e+01
1.891382400000000175e+01
3.940380000000000393e+01
2.364227999999999952e+01
1.418536800000000042e+01
2.048997599999999863e+01
2.048997600000000574e+01
1.260921600000000353e+01
2.837073600000000440e+01
3.625149600000000305e+01
2.521843199999999996e+01
1.733767200000000130e+01
2.364228000000000307e+01
2.364228000000000307e+01
2.837073599999999729e+01
2.206612799999999552e+01
2.679458400000000395e+01
1.733767199999999420e+01
2.206612799999999908e+01
2.364228000000000307e+01
3.152304000000000173e+01
2.048997599999999863e+01
2.837073600000000084e+01
3.467534400000000261e+01
2.837073600000000084e+01
2.994688799999999418e+01
2.679458400000000040e+01
2.679458400000000040e+01
3.152304000000000173e+01
3.309919199999999506e+01
3.152304000000000173e+01
2.679458400000000395e+01
2.679458400000000395e+01
1.891382400000000175e+01
2.048997600000000219e+01
1.576152000000000086e+01
2.521843199999999641e+01
2.048997600000000219e+01
3.467534400000000261e+01
1.891382400000000175e+01
1.891382400000000530e+01
1.103306400000000309e+01
6.304607999999998214e+00
2.364227999999999597e+01
3.467534399999999550e+01
2.994688800000000128e+01
2.994688800000000128e+01
2.048997599999999863e+01
1.260921599999999998e+01
1.891382400000000175e+01
2.206612799999999908e+01
3.309919200000000217e+01
3.940380000000000393e+01
2.364227999999999952e+01
2.364227999999999952e+01
6.304607999999998214e+00
2.679458400000000395e+01
1.103306399999999954e+01
1.103306399999999954e+01
2.048997600000000219e+01
3.309919200000000217e+01
4.255610399999999771e+01
2.364227999999999597e+01
3.309919200000000217e+01
3.467534400000000971e+01
7.880759999999998655e+00
3.152304000000000173e+01
3.467534400000000261e+01
2.837073600000000440e+01
2.364228000000000307e+01
2.521843200000000706e+01
3.152303999999999462e+01
3.625149600000000305e+01
2.048997600000000219e+01
2.521843200000000351e+01
3.152304000000000173e+01
3.625149599999999595e+01
2.679458400000000040e+01
2.364228000000000307e+01
3.152304000000000173e+01
2.364228000000000307e+01
2.364228000000000307e+01
1.891382399999999819e+01
1.103306399999999954e+01
2.048997599999999863e+01
2.206612799999999908e+01
2.364228000000000307e+01
2.679458400000000040e+01
2.679458400000000395e+01
2.994688800000000128e+01
1.733767200000000130e+01
1.576151999999999909e+01
3.940380000000000393e+01
3.782764800000000349e+01
6.304607999999998214e+00
3.940380000000000393e+01
2.994688800000000128e+01
3.467534400000000261e+01
2.048997599999999863e+01
9.456912000000000873e+00
2.679458400000000395e+01
3.152304000000000173e+01
3.152304000000000173e+01
1.576151999999999909e+01
2.364228000000000307e+01
2.364228000000000307e+01
3.467534400000000971e+01
1.891382399999999819e+01
3.467534400000000261e+01
3.467534399999999550e+01
3.467534400000000261e+01
3.152304000000000528e+01
3.625149599999999595e+01
3.309919200000000217e+01
2.679458399999999330e+01
2.206612800000000263e+01
3.152304000000000173e+01
2.364227999999999952e+01
2.206612800000000618e+01
7.880759999999998655e+00
1.891382400000000530e+01
2.679458400000000395e+01
2.994688800000000128e+01
2.206612799999999908e+01
3.467534400000000261e+01
4.570840800000000570e+01
4.097995200000000438e+01
1.418536800000000042e+01
2.521843199999999996e+01
1.891382400000000175e+01
2.364228000000000307e+01
3.625149600000000305e+01
1.733767199999999775e+01
2.521843199999999996e+01
3.309919200000000217e+01
3.309919200000000217e+01
2.521843199999999996e+01
1.891382400000000175e+01
3.625149599999999595e+01
3.309919200000000217e+01
1.891382399999999819e+01
3.309919200000000217e+01
2.679458400000000040e+01
1.733767200000000130e+01
2.679458400000000040e+01
2.837073600000000084e+01
4.728456000000001325e+00
3.467534399999999550e+01
3.467534399999999550e+01
2.679458400000000040e+01
2.048997600000000219e+01
1.576152000000000442e+01
3.152304000000000173e+01
2.048997599999999863e+01
9.456911999999999097e+00
3.309919200000000217e+01
3.309919200000000217e+01
2.364227999999999952e+01
1.576151999999999909e+01
1.733767200000000130e+01
2.364228000000000307e+01
3.152304000000000173e+01
3.467534400000000261e+01
3.152304000000000173e+01
2.364227999999999952e+01
1.891382399999999819e+01
2.364227999999999952e+01
1.733767200000000130e+01
7.880760000000000431e+00
2.994688800000000484e+01
3.309919200000000217e+01
2.679458400000000395e+01
3.625149600000000305e+01
2.679458400000000040e+01
3.152304000000000173e+01
2.364228000000000307e+01
2.837073600000000084e+01
1.103306399999999954e+01
1.576151999999999909e+01
2.206612800000000263e+01
2.364227999999999952e+01
3.940380000000000393e+01
2.837073600000000084e+01
2.206612800000000263e+01
2.521843199999999996e+01
2.679458400000000040e+01
2.206612799999999908e+01
1.891382400000000175e+01
2.364227999999999952e+01
1.260921599999999998e+01
1.418536800000000220e+01
2.994688800000000128e+01
1.891382399999999819e+01
1.103306399999999776e+01
1.891382400000000175e+01
2.521843199999999996e+01
2.206612800000000618e+01
1.891382399999999819e+01
1.576152000000000086e+01
2.837073599999999729e+01
2.994688800000000484e+01
3.467534400000000261e+01
2.364228000000000662e+01
2.048997599999999863e+01
2.837073600000000440e+01
3.152304000000000173e+01
2.837073599999999729e+01
3.467534400000000261e+01
2.364227999999999952e+01
2.679458400000000040e+01
1.891382399999999819e+01
2.206612800000000263e+01
2.364227999999999952e+01
9.456911999999999097e+00
1.103306399999999954e+01
2.048997600000000219e+01
1.260921599999999998e+01
2.364227999999999952e+01
2.206612799999999908e+01
2.521843199999999996e+01
1.733767199999999775e+01
3.782764800000000349e+01
2.048997599999999863e+01
2.048997600000000219e+01
2.994688800000000128e+01
2.521843199999999996e+01
2.679458400000000040e+01
4.097995200000000438e+01
1.733767199999999775e+01
1.891382400000000175e+01
2.837073600000000084e+01
2.521843199999999996e+01
2.048997599999999863e+01
2.994688800000000128e+01
3.625149600000000305e+01
2.364227999999999597e+01
3.467534400000000261e+01
2.364228000000000307e+01
2.206612799999999908e+01
3.625149600000000305e+01
2.837073600000000084e+01
3.309919200000000217e+01
3.309919200000000217e+01
2.206612800000000618e+01
2.521843200000000351e+01
3.309919199999999506e+01
2.679458400000000395e+01
2.837073600000000084e+01
3.782764800000000349e+01
3.467534400000000261e+01
2.837073600000000084e+01
3.309919200000000217e+01
3.940379999999999683e+01
1.733767199999999775e+01
9.456912000000002649e+00
1.891382399999999819e+01
1.260921599999999820e+01
1.103306399999999954e+01
1.891382400000000175e+01
1.891382400000000175e+01
3.309919200000000217e+01
1.733767199999999775e+01
1.418536799999999864e+01
1.891382399999999819e+01
4.570840800000000570e+01
2.837073600000000084e+01
2.048997599999999863e+01
1.260921600000000353e+01
2.521843199999999996e+01
2.048997600000000219e+01
2.679458400000000040e+01
3.152304000000000173e+01
2.364227999999999952e+01
1.103306399999999954e+01
1.733767200000000130e+01
2.994688800000000128e+01
3.782764800000000349e+01
2.521843199999999996e+01
2.206612799999999908e+01
2.206612799999999908e+01
2.364227999999999952e+01
3.152304000000000173e+01
3.309919200000000217e+01
1.576152000000000264e+01
2.206612799999999908e+01
1.418536800000000042e+01
4.728455999999997772e+00
2.048997599999999863e+01
2.206612800000000618e+01
3.152304000000000173e+01
3.309919200000000217e+01
3.152304000000000528e+01
1.733767199999999775e+01
1.260921600000000353e+01
-1.576151999999998665e+00
1.576152000000000086e+01
2.679458400000000040e+01
2.994688800000000484e+01
2.521843199999999996e+01
2.048997599999999863e+01
1.733767200000000486e+01
1.576152000000000086e+01
3.309919200000000217e+01
3.467534400000000261e+01
4.097995199999999727e+01
1.418536800000000220e+01
4.728455999999997772e+00
2.994688800000000128e+01
1.260921599999999998e+01
1.891382400000000175e+01
3.782764800000000349e+01
2.679458400000000040e+01
2.837073600000000084e+01
2.521843199999999996e+01
1.418536800000000042e+01
1.891382400000000175e+01
2.994688800000000128e+01
3.152304000000000883e+00
2.206612799999999908e+01
2.994688800000000484e+01
3.625149600000000305e+01
2.994688800000000128e+01
9.456911999999999097e+00
1.260921600000000353e+01
1.418536800000000042e+01
7.880759999999996879e+00
2.048997599999999863e+01
1.891382400000000530e+01
3.625149599999999595e+01
2.994688800000000128e+01
2.364227999999999952e+01
2.837073600000000084e+01
3.309919200000000217e+01
1.733767200000000486e+01
2.679458400000000040e+01
3.309919200000000217e+01
2.994688800000000484e+01
1.733767200000000486e+01
1.103306400000000664e+01
1.891382399999999819e+01
3.309919200000000217e+01
4.097995200000000438e+01
3.152304000000000173e+01
2.837073600000000084e+01
1.891382399999999819e+01
4.097995200000000438e+01
2.048997600000000574e+01
2.521843199999999996e+01
3.152303999999999462e+01
4.570840799999999859e+01
4.255610399999999771e+01
3.309919200000000217e+01
9.456912000000002649e+00
3.940380000000000393e+01
3.309919200000000217e+01
2.521843199999999996e+01
2.048997599999999863e+01
3.625149600000000305e+01
3.152304000000000173e+01
1.891382399999999819e+01
1.418536800000000042e+01
1.260921600000000176e+01
1.576152000000000264e+01
1.103306399999999954e+01
2.837073600000000084e+01
4.097995200000000438e+01
2.837073600000000084e+01
1.418536800000000397e+01
3.309919200000000217e+01
2.521843199999999996e+01
2.521843199999999996e+01
3.152304000000000173e+01
3.467534400000000261e+01
1.576151999999999909e+01
2.994688800000000128e+01
2.206612799999999908e+01
2.206612800000000618e+01
1.891382399999999819e+01
2.206612799999999908e+01
1.733767200000000486e+01
2.679458400000000040e+01
2.206612800000000263e+01
2.521843199999999996e+01
2.679458400000000040e+01
2.206612799999999908e+01
1.891382400000000175e+01
1.576152000000000086e+01
2.521843200000000706e+01
3.782764800000000349e+01
3.152304000000000173e+01
1.733767199999999775e+01
1.576152000000000264e+01
2.837073600000000440e+01
2.206612800000000263e+01
1.891382400000000175e+01
3.467534400000000261e+01
2.521843199999999996e+01
3.782764800000000349e+01
3.467534399999999550e+01
1.891382400000000175e+01
2.994688800000000128e+01
2.206612800000000618e+01
3.152304000000000173e+01
3.152303999999999462e+01
1.891382400000000530e+01
3.152304000000000173e+01
2.837073600000000440e+01
2.364228000000000662e+01
1.260921600000000353e+01
2.048997600000000219e+01
1.733767200000000486e+01
3.309919200000000217e+01
2.679458400000000040e+01
1.576152000000000086e+01
2.837073599999999729e+01
1.891382400000000175e+01
3.152304000000000173e+01
2.679458400000000395e+01
2.364228000000000662e+01
2.679458399999999330e+01
2.679458400000000040e+01
4.255610399999999771e+01
3.152304000000000173e+01
1.103306400000000131e+01
2.364227999999999952e+01
2.837073600000000084e+01
1.733767199999999775e+01
2.364228000000000307e+01
3.467534400000000261e+01
2.206612799999999908e+01
1.733767200000000130e+01
2.837073600000000084e+01
2.994688800000000128e+01
1.576152000000000086e+01
1.418536800000000042e+01
1.733767200000000486e+01
2.364228000000000662e+01
2.521843200000000706e+01
2.994688800000000128e+01
3.782764800000000349e+01
2.206612800000000263e+01
3.309919200000000217e+01
1.891382400000000175e+01
2.521843199999999996e+01
2.206612800000000263e+01
2.679458400000000040e+01
2.521843200000000351e+01
4.255610400000000482e+01
2.679458400000000040e+01
2.364228000000000307e+01
3.625149600000000305e+01
3.467534400000000261e+01
5.516531999999999414e+01
4.097995199999999727e+01
3.940380000000000393e+01
3.940380000000000393e+01
2.364228000000000307e+01
2.206612800000000618e+01
7.880759999999998655e+00
4.413225599999999815e+01
4.097995200000000438e+01
2.206612800000000618e+01
2.837073600000000440e+01
3.467534400000000261e+01
4.255610399999999771e+01
2.206612799999999908e+01
2.364228000000000307e+01
2.679458399999999330e+01
3.309919200000000217e+01
1.733767200000000486e+01
2.364228000000000307e+01
3.152304000000000173e+01
4.413225599999999815e+01
4.728456000000000614e+01
3.309919200000000217e+01
2.206612799999999908e+01
2.994688800000000128e+01
2.364227999999999952e+01
1.733767200000000130e+01
2.994688800000000128e+01
3.309919200000000217e+01
2.679458400000000040e+01
2.521843199999999996e+01
2.679458400000000040e+01
3.309919200000000217e+01
3.152304000000000528e+01
3.152304000000000173e+01
2.206612799999999908e+01
2.048997600000000219e+01
3.782764799999999639e+01
2.837073600000000084e+01
2.679458400000000040e+01
1.576152000000000442e+01
1.418536800000000042e+01
3.467534400000000261e+01
2.206612800000000618e+01
2.837073600000000084e+01
4.570840799999999859e+01
4.255610399999999771e+01
2.837073600000000084e+01
2.994688800000000128e+01
3.467534399999999550e+01
3.467534399999999550e+01
2.679458400000000395e+01
2.679458400000000040e+01
2.048997599999999863e+01
2.206612799999999908e+01
3.782764800000000349e+01
4.728456000000000614e+01
3.782764799999999639e+01
3.625149600000000305e+01
3.467534400000000261e+01
3.467534400000000971e+01
2.521843199999999996e+01
2.206612800000000263e+01
2.994688800000000128e+01
4.886071199999999948e+01
2.521843199999999996e+01
1.891382400000000175e+01
3.625149599999999595e+01
3.782764800000000349e+01
3.940379999999999683e+01
3.152304000000000173e+01
3.625149600000000305e+01
4.097995200000000438e+01
3.152304000000000173e+01
3.152304000000000173e+01
3.625149600000000305e+01
3.152303999999999817e+01
2.994688800000000128e+01
5.043686399999999992e+01
4.413225599999999815e+01
1.891382400000000530e+01
2.837073600000000084e+01
3.309919200000000217e+01
3.940379999999999683e+01
2.048997599999999863e+01
3.152304000000000173e+01
2.679458399999999330e+01
2.994688799999999773e+01
3.625149599999999595e+01
3.782764800000000349e+01
2.837073600000000084e+01
3.309919200000000217e+01
3.940380000000000393e+01
2.679458400000000395e+01
2.994688800000000128e+01
2.679458400000000395e+01
3.625149600000000305e+01
4.097995199999999727e+01
1.891382400000000175e+01
3.467534399999999550e+01
4.570840800000000570e+01
3.152304000000000173e+01
3.940379999999999683e+01
2.679458400000000040e+01
1.733767199999999775e+01
3.467534399999999550e+01
2.364227999999999597e+01
2.837073600000000084e+01
3.940380000000000393e+01
3.467534400000000261e+01
2.994688800000000128e+01
2.364227999999999952e+01
3.152304000000000173e+01
2.837073600000000440e+01
4.097995199999999727e+01
3.940379999999999683e+01
3.782764800000000349e+01
2.837073600000000084e+01
2.206612799999999908e+01
3.940380000000000393e+01
3.467534400000000261e+01
2.521843200000000706e+01
1.891382400000000175e+01
2.837073600000000084e+01
3.152304000000000173e+01
2.679458400000000395e+01
2.521843199999999996e+01
3.625149600000000305e+01
3.782764800000000349e+01
3.152304000000000173e+01
4.255610400000000482e+01
2.994688800000000484e+01
2.521843199999999996e+01
2.521843200000000351e+01
3.467534400000000971e+01
2.206612799999999908e+01
2.521843200000000351e+01
2.364227999999999952e+01
4.570840799999999859e+01
4.097995199999999727e+01
2.206612799999999908e+01
3.625149600000000305e+01
4.413225599999999815e+01
3.309919200000000217e+01
4.570840800000000570e+01
3.152304000000000528e+01
3.467534400000000261e+01
2.837073600000000084e+01
3.152304000000000173e+01
1.576151999999999909e+01
2.364228000000000307e+01
4.097995200000000438e+01
3.782764800000000349e+01
2.994688800000000128e+01
3.782764800000000349e+01
3.940379999999999683e+01
3.625149600000000305e+01
3.309919200000000217e+01
1.891382400000000530e+01
3.782764800000000349e+01
4.570840799999999859e+01
2.048997600000000574e+01
2.521843199999999996e+01
2.206612800000000263e+01
3.152304000000000173e+01
2.521843199999999996e+01
3.309919200000000217e+01
2.837073600000000084e+01
4.097995200000000438e+01
3.152304000000000173e+01
3.625149600000000305e+01
2.679458400000000040e+01
3.309919200000000217e+01
2.521843199999999996e+01
3.467534400000000261e+01
2.048997599999999863e+01
4.413225600000000526e+01
3.152304000000000173e+01
3.152304000000000173e+01
1.891382400000000175e+01
3.467534400000000261e+01
2.521843199999999996e+01
3.152303999999999462e+01
4.255610399999999771e+01
4.886071199999999948e+01
3.467534400000000261e+01
3.309919200000000217e+01
3.309919199999999506e+01
3.467534400000000261e+01
2.837073600000000084e+01
4.097995200000000438e+01
3.152304000000000173e+01
2.994688800000000128e+01
2.837073600000000084e+01
1.891382400000000530e+01
3.940380000000000393e+01
1.891382399999999819e+01
3.152304000000000173e+01
3.309919200000000217e+01
4.413225599999999815e+01
3.625149600000000305e+01
2.994688800000000128e+01
3.940380000000000393e+01
2.521843199999999996e+01
3.152304000000000173e+01
5.043686400000000702e+01
3.152304000000000528e+01
4.255610400000000482e+01
3.152304000000000173e+01
1.733767200000000130e+01
2.994688800000000128e+01
4.570840800000000570e+01
3.625149600000000305e+01
3.467534399999999550e+01
2.994688800000000484e+01
5.831762400000000213e+01
3.940380000000000393e+01
4.413225600000000526e+01
3.309919200000000217e+01
2.837073600000000440e+01
3.625149600000000305e+01
2.837073599999999729e+01
2.994688800000000128e+01
2.837073600000000084e+01
2.521843200000000706e+01
3.782764799999999639e+01
3.782764800000000349e+01
3.152304000000000173e+01
3.625149600000000305e+01
3.625149600000000305e+01
3.467534400000000261e+01
3.467534400000000261e+01
4.255610400000000482e+01
4.097995200000000438e+01
3.782764800000000349e+01
3.467534400000000261e+01
3.309919200000000217e+01
2.679458400000000395e+01
3.782764800000000349e+01
3.309919199999999506e+01
4.728455999999999904e+01
4.413225600000000526e+01
2.679458400000000040e+01
2.364227999999999597e+01
4.255610399999999771e+01
4.413225600000000526e+01
3.152304000000000173e+01
2.837073600000000440e+01
1.576152000000000442e+01
2.679458400000000040e+01
3.467534400000000261e+01
3.625149600000000305e+01
3.940379999999999683e+01
2.994688800000000128e+01
4.413225599999999815e+01
2.679458400000000040e+01
3.940380000000000393e+01
2.837073600000000084e+01
2.837073600000000084e+01
3.940380000000000393e+01
4.097995199999999727e+01
2.679458400000000040e+01
3.940380000000000393e+01
1.891382399999999819e+01
3.309919200000000217e+01
5.043686399999999992e+01
3.309919200000000217e+01
4.413225599999999815e+01
2.679458400000000395e+01
2.364228000000000662e+01
2.679458400000000040e+01
4.255610400000000482e+01
3.309919200000000217e+01
3.309919200000000217e+01
2.994688800000000128e+01
3.782764800000000349e+01
3.152304000000000173e+01
2.364227999999999597e+01
5.201301600000000747e+01
3.782764800000000349e+01
2.837073600000000084e+01
4.886071199999999948e+01
3.940380000000000393e+01
1.891382399999999819e+01
2.364227999999999952e+01
3.625149600000000305e+01
2.837073600000000084e+01
1.733767199999999775e+01
2.048997599999999863e+01
2.521843199999999996e+01
5.043686399999999992e+01
2.521843200000000706e+01
2.521843199999999996e+01
2.048997599999999863e+01
3.625149599999999595e+01
2.521843199999999996e+01
3.152304000000000173e+01
3.467534400000000261e+01
3.467534400000000261e+01
3.152304000000000173e+01
3.152304000000000173e+01
3.152304000000000173e+01
4.097995200000000438e+01
4.097995200000000438e+01
3.309919200000000217e+01
2.521843199999999996e+01
2.837073600000000084e+01
3.782764800000000349e+01
2.679458400000000040e+01
2.837073600000000084e+01
3.467534400000000261e+01
4.097995199999999727e+01
3.625149600000000305e+01
3.152304000000000173e+01
2.206612799999999908e+01
2.206612800000000263e+01
2.679458400000000040e+01
3.152304000000000173e+01
3.625149600000000305e+01
2.994688799999999418e+01
3.940379999999999683e+01
2.048997599999999863e+01
4.570840799999999859e+01
3.782764800000000349e+01
3.625149600000000305e+01
3.782764800000000349e+01
3.782764799999999639e+01
2.994688800000000128e+01
3.467534400000000261e+01
4.413225599999999815e+01
3.309919200000000217e+01
2.206612800000000618e+01
2.837073600000000084e+01
3.152304000000000173e+01
1.733767200000000486e+01
3.625149600000000305e+01
4.728456000000000614e+01
2.364227999999999952e+01
1.891382399999999819e+01
3.625149599999999595e+01
1.576151999999999909e+01
4.097995199999999727e+01
2.521843199999999996e+01
1.891382399999999819e+01
3.152304000000000173e+01
2.206612800000000263e+01
1.891382399999999819e+01
3.625149600000000305e+01
3.625149599999999595e+01
2.994688800000000128e+01
3.309919200000000217e+01
3.309919200000000217e+01
4.413225599999999815e+01
1.891382400000000175e+01
2.206612799999999908e+01
2.837073600000000084e+01
3.309919200000000217e+01
4.570840800000000570e+01
2.994688800000000128e+01
1.576151999999999731e+01
3.625149600000000305e+01
3.782764800000000349e+01
3.152304000000000173e+01
2.837073600000000084e+01
3.467534400000000261e+01
3.152304000000000173e+01
2.364227999999999952e+01
2.364227999999999952e+01
3.467534400000000261e+01
3.467534400000000261e+01
3.309919200000000217e+01
1.891382399999999819e+01
2.521843199999999996e+01
3.467534400000000261e+01
2.521843200000000706e+01
2.048997599999999863e+01
2.521843200000000706e+01
3.782764799999999639e+01
4.097995200000000438e+01
4.886071200000000658e+01
3.467534400000000261e+01
3.782764800000000349e+01
3.940380000000000393e+01
2.837073600000000440e+01
1.418536799999999864e+01
2.994688800000000128e+01
2.994688800000000484e+01
2.521843199999999996e+01
3.625149599999999595e+01
2.521843199999999996e+01
3.467534399999999550e+01
3.309919200000000217e+01
2.837073600000000084e+01
3.940380000000000393e+01
4.413225600000000526e+01
3.309919200000000217e+01
2.521843199999999996e+01
3.309919200000000217e+01
4.097995200000000438e+01
3.309919200000000217e+01
4.413225600000000526e+01
3.940380000000000393e+01
2.994688800000000128e+01
4.255610399999999771e+01
3.782764800000000349e+01
3.467534399999999550e+01
3.625149600000000305e+01
2.521843200000000706e+01
2.994688800000000484e+01
3.467534400000000261e+01
2.364228000000000307e+01
2.994688800000000484e+01
4.097995199999999727e+01
4.097995200000000438e+01
3.309919200000000217e+01
2.994688799999999418e+01
3.467534400000000261e+01
2.994688800000000128e+01
3.625149600000000305e+01
2.521843199999999996e+01
3.782764799999999639e+01
3.467534400000000261e+01
2.679458400000000040e+01
4.097995199999999727e+01
3.940380000000000393e+01
4.728456000000000614e+01
4.728456000000000614e+01
3.467534400000000261e+01
2.994688800000000128e+01
2.521843199999999996e+01
2.521843199999999996e+01
2.206612799999999908e+01
3.152303999999999462e+01
4.886071200000000658e+01
4.570840799999999859e+01
3.309919200000000217e+01
2.521843199999999996e+01
3.152304000000000528e+01
3.309919200000000217e+01
2.048997599999999863e+01
4.255610399999999771e+01
3.782764800000000349e+01
3.782764800000000349e+01
4.886071200000000658e+01
2.837073600000000440e+01
4.413225600000000526e+01
3.467534400000000261e+01
4.413225599999999815e+01
2.364227999999999952e+01
2.679458400000000395e+01
2.679458400000000040e+01
2.837073600000000440e+01
2.048997599999999863e+01
4.097995200000000438e+01
5.043686399999999992e+01
4.097995200000000438e+01
3.940379999999999683e+01
2.206612800000000263e+01
2.994688799999999418e+01
3.782764800000000349e+01
3.782764800000000349e+01
3.625149600000000305e+01
1.891382400000000175e+01
2.679458400000000040e+01
3.309919200000000217e+01
2.364227999999999952e+01
4.570840799999999859e+01
3.152304000000000173e+01
2.206612800000000263e+01
4.255610400000000482e+01
4.097995200000000438e+01
4.728456000000000614e+01
2.837073599999999729e+01
2.521843200000000351e+01
4.886071200000000658e+01
4.413225600000000526e+01
4.255610399999999771e+01
3.152304000000000173e+01
1.733767199999999775e+01
4.886071200000000658e+01
4.413225599999999815e+01
3.309919199999999506e+01
3.782764800000000349e+01
4.413225600000000526e+01
3.309919200000000217e+01
3.782764800000000349e+01
3.467534400000000261e+01
3.467534400000000261e+01
2.206612800000000263e+01
3.625149600000000305e+01
4.255610400000000482e+01
3.940380000000000393e+01
4.097995200000000438e+01
3.782764799999999639e+01
2.364227999999999952e+01
2.679458400000000040e+01
3.782764800000000349e+01
1.733767200000000486e+01
1.891382399999999819e+01
2.679458400000000040e+01
3.782764800000000349e+01
5.201301599999999326e+01
2.994688800000000128e+01
4.255610400000000482e+01
4.728455999999999904e+01
4.570840800000000570e+01
2.837073600000000084e+01
4.097995199999999727e+01
3.152304000000000173e+01
3.625149600000000305e+01
4.413225599999999815e+01
4.097995200000000438e+01
3.152304000000000173e+01
4.097995199999999727e+01
3.625149600000000305e+01
3.467534400000000261e+01
2.994688800000000128e+01
3.152304000000000173e+01
2.048997599999999863e+01
3.467534400000000261e+01
3.309919200000000217e+01
4.097995199999999727e+01
4.413225599999999815e+01
3.309919200000000217e+01
3.309919200000000217e+01
3.940380000000000393e+01
3.782764800000000349e+01
3.782764799999999639e+01
2.521843200000000351e+01
3.467534400000000261e+01
2.679458400000000040e+01
3.940380000000000393e+01
4.255610400000000482e+01
4.728455999999999904e+01
3.309919200000000217e+01
3.309919200000000217e+01
4.413225599999999815e+01
4.728455999999999904e+01
4.570840800000000570e+01
3.467534399999999550e+01
2.994688800000000128e+01
3.940380000000000393e+01
4.413225600000000526e+01
4.255610400000000482e+01
5.043686400000000702e+01
4.570840799999999859e+01
3.782764799999999639e+01
2.364228000000000307e+01
3.467534399999999550e+01
3.625149600000000305e+01
2.521843199999999996e+01
4.413225600000000526e+01
4.570840799999999859e+01
3.940380000000000393e+01
3.309919199999999506e+01
3.940380000000000393e+01
4.570840799999999859e+01
4.255610399999999771e+01
4.886071199999999948e+01
5.358916800000000080e+01
3.309919200000000217e+01
2.521843199999999996e+01
2.206612799999999908e+01
3.152304000000000528e+01
3.625149599999999595e+01
3.625149600000000305e+01
1.733767199999999775e+01
3.467534400000000261e+01
3.940380000000000393e+01
3.940380000000000393e+01
3.625149600000000305e+01
2.521843200000000351e+01
3.309919200000000217e+01
4.728456000000000614e+01
5.043686399999999992e+01
4.413225600000000526e+01
3.309919200000000217e+01
4.570840800000000570e+01
6.146992800000000301e+01
4.728455999999999904e+01
3.940380000000000393e+01
5.674147200000000169e+01
3.309919200000000217e+01
3.782764800000000349e+01
3.782764800000000349e+01
3.782764800000000349e+01
4.097995200000000438e+01
2.837073600000000084e+01
3.625149600000000305e+01
4.570840800000000570e+01
3.467534400000000261e+01
3.782764799999999639e+01
5.043686399999999992e+01
4.413225600000000526e+01
3.940380000000000393e+01
3.625149600000000305e+01
3.782764800000000349e+01
3.940379999999999683e+01
3.467534400000000261e+01
2.364228000000000662e+01
3.309919200000000217e+01
4.097995199999999727e+01
2.048997599999999863e+01
3.152304000000000173e+01
3.940380000000000393e+01
3.782764799999999639e+01
3.782764800000000349e+01
2.837073600000000084e+01
3.782764800000000349e+01
4.255610400000000482e+01
4.886071200000000658e+01
3.467534400000000261e+01
4.255610399999999771e+01
2.206612800000000263e+01
2.994688800000000128e+01
4.728456000000000614e+01
4.255610399999999771e+01
3.782764800000000349e+01
2.521843200000000706e+01
3.152304000000000173e+01
3.782764800000000349e+01
3.625149600000000305e+01
4.413225599999999815e+01
5.516531999999999414e+01
3.309919200000000217e+01
3.309919200000000217e+01
2.048997600000000219e+01
3.940380000000000393e+01
3.309919200000000217e+01
3.467534400000000261e+01
2.679458400000000040e+01
4.097995200000000438e+01
4.728455999999999904e+01
4.255610400000000482e+01
4.570840799999999859e+01
3.152304000000000173e+01
4.097995200000000438e+01
4.097995200000000438e+01
3.940380000000000393e+01
3.309919200000000217e+01
4.413225599999999815e+01
4.413225599999999815e+01
2.837073599999999729e+01
2.837073600000000084e+01
2.521843199999999996e+01
2.837073600000000084e+01
4.413225599999999815e+01
5.831762400000000923e+01
5.674147200000000169e+01
7.407914399999999944e+01
4.255610400000000482e+01
2.679458400000000395e+01
3.309919200000000217e+01
3.625149600000000305e+01
3.940379999999999683e+01
4.413225600000000526e+01
3.309919200000000217e+01
4.728455999999999904e+01
4.886071199999999948e+01
2.364227999999999952e+01
2.994688800000000128e+01
4.255610399999999771e+01
3.782764800000000349e+01
3.625149600000000305e+01
3.467534400000000261e+01
4.886071199999999948e+01
3.625149600000000305e+01
4.728455999999999904e+01
3.940380000000000393e+01
4.255610400000000482e+01
3.467534400000000971e+01
4.728455999999999904e+01
5.516532000000000124e+01
5.201301600000000747e+01
4.255610399999999771e+01
4.413225600000000526e+01
3.467534400000000261e+01
3.467534400000000261e+01
3.309919200000000217e+01
5.358916800000000080e+01
4.728455999999999904e+01
5.201301600000000036e+01
4.728455999999999904e+01
4.570840799999999859e+01
4.255610400000000482e+01
3.940379999999999683e+01
4.570840799999999859e+01
4.097995199999999727e+01
3.940379999999999683e+01
3.309919200000000217e+01
5.358916800000000080e+01
5.831762400000000213e+01
4.097995199999999727e+01
5.358916800000000080e+01
4.255610400000000482e+01
5.358916800000000080e+01
5.674147200000000169e+01
2.994688799999999418e+01
4.097995199999999727e+01
5.358916800000000080e+01
5.043686399999999992e+01
4.886071200000000658e+01
4.886071199999999948e+01
5.516532000000000124e+01
5.201301600000000036e+01
5.201301600000000036e+01
5.516532000000000124e+01
3.309919200000000217e+01
3.782764799999999639e+01
3.467534400000000261e+01
4.097995200000000438e+01
5.831762400000000213e+01
4.570840799999999859e+01
4.728456000000000614e+01
4.255610400000000482e+01
4.255610400000000482e+01
5.674147200000000169e+01
6.146992799999999590e+01
4.255610399999999771e+01
3.309919199999999506e+01
4.413225600000000526e+01
4.097995199999999727e+01
2.521843199999999641e+01
4.570840800000000570e+01
5.516532000000000835e+01
3.625149599999999595e+01
5.043686399999999992e+01
5.043686399999999992e+01
3.152304000000000173e+01
3.309919200000000217e+01
5.358916800000000080e+01
2.994688800000000128e+01
3.152304000000000173e+01
4.728455999999999904e+01
4.886071200000000658e+01
4.413225600000000526e+01
5.201301600000000036e+01
4.413225599999999815e+01
3.625149600000000305e+01
2.994688800000000484e+01
4.570840800000000570e+01
5.358916800000000791e+01
4.413225599999999815e+01
5.043686399999999992e+01
5.201301599999999326e+01
4.255610400000000482e+01
4.413225600000000526e+01
5.358916800000000080e+01
4.255610400000000482e+01
4.413225599999999815e+01
5.043686399999999992e+01
3.309919200000000217e+01
3.152303999999999462e+01
3.940379999999999683e+01
5.201301600000000747e+01
4.413225600000000526e+01
3.625149600000000305e+01
4.097995199999999727e+01
4.570840799999999859e+01
4.255610399999999771e+01
4.413225600000000526e+01
3.625149599999999595e+01
3.940380000000000393e+01
4.413225600000000526e+01
4.413225600000000526e+01
5.043686400000000702e+01
4.255610400000000482e+01
5.043686399999999992e+01
5.516531999999999414e+01
3.782764800000000349e+01
2.837073600000000084e+01
4.097995199999999727e+01
4.570840800000000570e+01
4.570840800000000570e+01
4.413225599999999815e+01
5.674147200000000879e+01
4.570840800000000570e+01
4.097995200000000438e+01
4.097995200000000438e+01
4.413225600000000526e+01
3.940379999999999683e+01
4.413225599999999815e+01
4.886071200000000658e+01
4.886071199999999948e+01
3.782764799999999639e+01
4.097995200000000438e+01
5.674147200000000169e+01
3.940380000000000393e+01
3.940379999999999683e+01
4.255610399999999771e+01
2.679458400000000395e+01
3.940380000000000393e+01
5.201301600000000747e+01
4.570840799999999859e+01
5.043686399999999992e+01
4.255610400000000482e+01
4.570840799999999859e+01
4.255610399999999771e+01
4.570840799999999859e+01
3.940380000000000393e+01
4.413225600000000526e+01
3.309919200000000217e+01
4.886071199999999948e+01
5.989377600000000257e+01
3.467534400000000971e+01
5.516532000000000835e+01
3.940379999999999683e+01
4.413225600000000526e+01
2.679458399999999330e+01
2.994688800000000128e+01
3.940380000000000393e+01
3.152304000000000173e+01
5.358916800000000080e+01
3.309919200000000217e+01
4.728455999999999904e+01
4.097995199999999727e+01
5.043686400000000702e+01
3.782764800000000349e+01
5.043686400000000702e+01
4.728456000000000614e+01
3.940380000000000393e+01
4.570840800000000570e+01
4.413225599999999815e+01
5.201301600000000747e+01
4.570840800000000570e+01
5.043686399999999992e+01
3.940380000000000393e+01
3.940380000000000393e+01
4.413225599999999815e+01
3.152304000000000173e+01
4.097995200000000438e+01
1.576152000000000086e+01
4.413225599999999815e+01
4.570840799999999859e+01
4.097995199999999727e+01
5.674147200000000169e+01
5.201301600000000747e+01
4.097995200000000438e+01
4.255610399999999771e+01
3.625149600000000305e+01
4.570840800000000570e+01
4.886071199999999948e+01
4.097995200000000438e+01
3.940379999999999683e+01
3.467534399999999550e+01
4.255610399999999771e+01
5.043686400000000702e+01
4.413225599999999815e+01
4.886071199999999948e+01
5.201301600000000747e+01
5.201301600000000747e+01
4.570840800000000570e+01
5.831762400000000213e+01
3.152304000000000173e+01
3.782764800000000349e+01
4.255610400000000482e+01
5.358916800000000080e+01
4.255610399999999771e+01
5.201301600000000036e+01
4.728456000000000614e+01
3.940380000000000393e+01
4.886071199999999948e+01
3.940380000000000393e+01
2.679458399999999330e+01
4.570840800000000570e+01
3.940380000000000393e+01
5.358916800000000791e+01
3.940380000000000393e+01
3.309919200000000217e+01
5.989377600000000967e+01
4.413225600000000526e+01
4.413225600000000526e+01
5.043686399999999992e+01
4.886071199999999948e+01
2.679458400000000040e+01
3.152303999999999462e+01
5.043686399999999992e+01
3.625149599999999595e+01
5.358916800000000791e+01
6.146992799999999590e+01
2.994688800000000128e+01
5.201301599999999326e+01
3.782764800000000349e+01
4.255610399999999771e+01
4.886071200000000658e+01
4.886071200000000658e+01
4.570840799999999859e+01
4.728455999999999904e+01
4.728455999999999904e+01
5.043686399999999992e+01
5.516531999999999414e+01
5.358916800000000791e+01
6.146992800000000301e+01
4.886071199999999948e+01
4.728456000000000614e+01
3.625149600000000305e+01
3.782764800000000349e+01
5.043686400000000702e+01
5.831762399999999502e+01
4.728455999999999904e+01
5.043686399999999992e+01
3.467534399999999550e+01
5.358916800000000791e+01
6.146992800000000301e+01
5.989377600000000257e+01
6.146992800000000301e+01
5.043686399999999992e+01
3.309919200000000217e+01
5.358916800000000080e+01
3.782764799999999639e+01
5.201301600000000036e+01
3.467534400000000261e+01
3.940379999999999683e+01
3.152304000000000173e+01
4.886071199999999948e+01
5.516531999999999414e+01
4.255610400000000482e+01
6.935068799999999101e+01
4.886071199999999948e+01
4.570840799999999859e+01
5.674147200000000169e+01
4.255610399999999771e+01
4.886071200000000658e+01
4.097995200000000438e+01
4.413225599999999815e+01
5.043686399999999992e+01
2.994688800000000484e+01
4.886071199999999948e+01
6.304608000000000345e+01
5.516532000000000124e+01
5.674147200000000169e+01
5.358916800000000080e+01
6.619838400000000433e+01
4.570840799999999859e+01
5.989377600000000257e+01
5.358916800000000791e+01
4.570840800000000570e+01
5.989377600000000257e+01
5.358916800000000080e+01
4.886071199999999948e+01
6.304608000000001056e+01
5.358916800000000080e+01
4.255610399999999771e+01
4.097995200000000438e+01
6.304608000000000345e+01
5.358916800000000080e+01
2.994688799999999418e+01
3.782764799999999639e+01
3.309919200000000217e+01
3.940379999999999683e+01
5.516532000000000835e+01
5.043686399999999992e+01
5.043686400000000702e+01
5.674147200000000169e+01
4.570840800000000570e+01
4.097995200000000438e+01
5.358916800000000080e+01
4.097995200000000438e+01
5.043686399999999992e+01
5.043686399999999992e+01
5.043686399999999992e+01
5.043686399999999992e+01
4.570840799999999859e+01
4.413225600000000526e+01
3.467534400000000261e+01
3.309919200000000217e+01
3.782764799999999639e+01
4.570840800000000570e+01
4.413225600000000526e+01
6.146992800000000301e+01
4.886071199999999948e+01
5.201301600000000747e+01
4.097995199999999727e+01
4.570840799999999859e+01
4.570840800000000570e+01
4.886071199999999948e+01
4.886071199999999948e+01
5.358916800000000080e+01
5.043686399999999992e+01
6.146992800000000301e+01
5.201301599999999326e+01
5.516532000000000124e+01
4.570840800000000570e+01
4.886071200000000658e+01
5.201301600000000747e+01
3.940380000000000393e+01
5.358916800000000080e+01
4.255610400000000482e+01
5.201301600000000747e+01
3.467534400000000261e+01
3.782764800000000349e+01
4.097995200000000438e+01
4.886071199999999948e+01
4.570840799999999859e+01
3.940379999999999683e+01
4.570840800000000570e+01
4.728455999999999904e+01
4.255610399999999771e+01
4.886071200000000658e+01
5.516532000000000124e+01
5.674147200000000879e+01
5.358916800000000080e+01
6.146992800000001012e+01
2.679458400000000040e+01
4.728456000000000614e+01
3.782764800000000349e+01
5.201301600000000036e+01
4.413225599999999815e+01
5.831762400000000213e+01
4.097995199999999727e+01
2.521843199999999996e+01
4.097995200000000438e+01
5.043686400000000702e+01
4.413225600000000526e+01
5.201301600000000036e+01
5.043686399999999992e+01
6.935068800000000522e+01
5.201301600000000036e+01
4.255610400000000482e+01
4.728456000000000614e+01
3.782764799999999639e+01
4.886071199999999948e+01
5.358916800000000080e+01
5.043686399999999992e+01
3.940380000000000393e+01
5.989377600000000257e+01
5.201301600000000747e+01
5.674147200000000169e+01
4.413225600000000526e+01
3.940379999999999683e+01
4.728455999999999904e+01
5.201301600000000036e+01
4.570840800000000570e+01
5.043686399999999992e+01
4.097995200000000438e+01
4.728455999999999904e+01
4.413225599999999815e+01
6.146992800000000301e+01
5.043686399999999992e+01
4.886071199999999948e+01
4.728455999999999904e+01
6.619838399999999012e+01
5.989377599999999546e+01
5.674147200000000169e+01
4.413225599999999815e+01
4.413225599999999815e+01
4.255610399999999771e+01
4.728455999999999904e+01
4.728455999999999904e+01
5.831762400000000213e+01
5.674147200000000169e+01
3.467534400000000261e+01
4.886071199999999948e+01
4.097995200000000438e+01
4.728455999999999904e+01
4.728455999999999904e+01
4.570840799999999859e+01
5.516532000000000124e+01
5.043686399999999992e+01
4.255610400000000482e+01
3.782764800000000349e+01
4.255610399999999771e+01
4.728456000000000614e+01
5.358916800000000080e+01
5.516532000000000124e+01
4.413225600000000526e+01
4.570840800000000570e+01
5.674147200000000879e+01
5.516532000000000124e+01
5.674147200000000169e+01
4.886071199999999948e+01
4.728455999999999904e+01
5.043686400000000702e+01
5.516532000000000124e+01
4.097995199999999727e+01
4.570840800000000570e+01
6.619838400000000433e+01
6.304608000000000345e+01
5.516531999999999414e+01
4.886071199999999948e+01
5.516532000000000124e+01
4.570840799999999859e+01
4.886071199999999948e+01
7.250299200000000610e+01
5.201301600000000036e+01
5.358916800000000080e+01
4.570840799999999859e+01
4.886071200000000658e+01
5.989377600000000257e+01
6.304608000000000345e+01
5.674147200000000169e+01
3.940380000000000393e+01
4.570840799999999859e+01
6.146992799999999590e+01
5.201301600000000747e+01
4.728455999999999904e+01
6.462223200000001100e+01
5.516531999999999414e+01
4.570840799999999859e+01
5.358916800000000080e+01
4.570840800000000570e+01
3.467534400000000261e+01
7.407914399999999944e+01
5.516532000000000124e+01
5.831762400000000213e+01
4.728456000000000614e+01
5.674147200000000169e+01
5.516532000000000835e+01
5.516532000000000835e+01
4.255610399999999771e+01
4.413225600000000526e+01
4.255610400000000482e+01
6.304608000000000345e+01
5.831762400000000213e+01
4.886071199999999948e+01
4.728456000000000614e+01
4.097995199999999727e+01
6.146992800000000301e+01
4.886071200000000658e+01
4.886071199999999948e+01
6.777453599999999767e+01
5.989377600000000257e+01
4.886071200000000658e+01
5.201301600000000747e+01
4.097995200000000438e+01
5.043686400000000702e+01
6.304608000000000345e+01
6.619838400000000433e+01
5.043686399999999992e+01
4.097995200000000438e+01
5.674147200000000169e+01
4.570840799999999859e+01
4.255610399999999771e+01
4.886071200000000658e+01
5.516532000000000124e+01
6.777453599999999767e+01
4.097995199999999727e+01
4.886071199999999948e+01
4.886071200000000658e+01
3.940379999999999683e+01
5.831762400000000213e+01
6.146992800000000301e+01
5.201301600000000747e+01
3.940380000000000393e+01
4.886071199999999948e+01
5.358916800000000080e+01
5.358916800000000080e+01
5.831762400000000923e+01
5.358916800000000080e+01
7.565529600000000698e+01
4.413225599999999815e+01
5.358916800000000080e+01
5.674147200000000169e+01
5.674147200000000169e+01
5.831762400000000213e+01
4.255610399999999771e+01
5.043686399999999992e+01
6.304607999999999635e+01
4.728455999999999904e+01
4.886071199999999948e+01
4.728455999999999904e+01
4.728455999999999904e+01
4.570840799999999859e+01
4.886071200000000658e+01
4.728455999999999904e+01
5.516531999999999414e+01
4.097995200000000438e+01
5.201301600000000036e+01
5.831762400000000923e+01
6.462223200000001100e+01
7.092683999999999855e+01
4.886071199999999948e+01
4.886071199999999948e+01
6.777453599999999767e+01
4.886071200000000658e+01
5.043686399999999992e+01
6.462223199999999679e+01
5.516531999999999414e+01
5.358916800000000080e+01
5.358916800000000791e+01
4.097995200000000438e+01
5.358916800000000080e+01
5.989377600000000967e+01
6.777453600000001188e+01
5.516532000000000124e+01
5.358916800000000080e+01
3.940379999999999683e+01
4.570840799999999859e+01
5.516532000000000124e+01
5.989377600000000257e+01
5.201301600000000036e+01
4.886071199999999948e+01
3.940379999999999683e+01
4.570840800000000570e+01
5.674147200000000169e+01
5.831762400000000213e+01
5.674147200000000879e+01
5.516532000000000124e+01
4.570840800000000570e+01
4.886071200000000658e+01
3.782764800000000349e+01
5.201301600000000036e+01
4.413225600000000526e+01
5.831762400000000923e+01
5.989377600000000257e+01
5.831762399999999502e+01
3.467534400000000261e+01
4.728456000000000614e+01
5.516532000000000124e+01
5.358916800000000080e+01
4.097995199999999727e+01
4.886071200000000658e+01
5.831762400000000923e+01
5.201301600000000747e+01
5.516532000000000835e+01
6.935068800000000522e+01
6.146992799999999590e+01
6.462223199999999679e+01
4.728455999999999904e+01
7.092683999999999855e+01
5.674147200000000169e+01
4.413225599999999815e+01
4.413225599999999815e+01
5.201301600000000036e+01
5.201301600000000036e+01
4.570840799999999859e+01
5.358916800000000080e+01
5.831762400000000213e+01
6.462223200000001100e+01
6.146992799999999590e+01
5.831762400000000923e+01
7.092683999999999855e+01
4.886071200000000658e+01
5.516532000000000835e+01
6.304608000000000345e+01
4.886071200000000658e+01
4.413225600000000526e+01
6.619838400000000433e+01
5.831762399999999502e+01
5.043686399999999992e+01
5.358916800000000791e+01
5.516532000000000124e+01
4.728455999999999904e+01
4.886071200000000658e+01
5.358916800000000080e+01
5.989377600000000257e+01
6.462223200000001100e+01
6.304608000000000345e+01
7.092683999999999855e+01
6.777453599999999767e+01
4.570840799999999859e+01
4.255610400000000482e+01
5.674147200000000169e+01
3.940380000000000393e+01
3.625149599999999595e+01
4.886071199999999948e+01
5.358916800000000080e+01
6.777453599999999767e+01
6.462223199999999679e+01
6.146992799999999590e+01
5.043686399999999992e+01
5.043686399999999992e+01
6.304607999999999635e+01
8.038375200000000120e+01
7.250299200000000610e+01
5.201301600000000747e+01
4.886071200000000658e+01
4.413225600000000526e+01
5.043686400000000702e+01
6.304607999999999635e+01
5.674147200000000169e+01
5.674147200000000169e+01
6.619838400000000433e+01
5.516532000000000124e+01
4.886071200000000658e+01
6.619838400000000433e+01
5.831762400000000213e+01
4.886071199999999948e+01
5.674147200000000169e+01
5.831762400000000213e+01
6.304608000000000345e+01
5.516532000000000835e+01
6.304608000000001056e+01
5.201301600000000036e+01
4.570840800000000570e+01
5.989377600000000257e+01
7.407914399999999944e+01
4.097995200000000438e+01
6.619838400000000433e+01
5.043686400000000702e+01
5.043686399999999992e+01
6.146992800000000301e+01
7.407914399999999944e+01
5.043686399999999992e+01
5.674147200000000169e+01
4.413225600000000526e+01
5.201301600000000747e+01
5.989377600000000967e+01
5.989377600000000257e+01
6.304608000000000345e+01
6.146992799999999590e+01
4.886071199999999948e+01
4.570840800000000570e+01
4.413225600000000526e+01
4.570840800000000570e+01
4.886071199999999948e+01
5.043686400000000702e+01
4.097995199999999727e+01
5.516532000000000835e+01
5.358916800000000080e+01
6.777453599999999767e+01
7.092684000000001276e+01
6.304608000000000345e+01
5.674147200000000169e+01
5.831762400000000213e+01
5.516532000000000124e+01
5.201301600000000747e+01
5.201301600000000036e+01
6.935068800000000522e+01
4.886071199999999948e+01
5.043686399999999992e+01
4.728456000000000614e+01
6.619838400000000433e+01
5.516532000000000835e+01
6.777453599999999767e+01
5.516532000000000835e+01
6.146992800000001012e+01
3.625149600000000305e+01
4.570840799999999859e+01
4.728455999999999904e+01
6.146992799999999590e+01
6.462223199999999679e+01
5.201301600000000747e+01
5.674147200000000169e+01
5.516532000000000124e+01
6.304608000000000345e+01
6.462223199999999679e+01
4.886071200000000658e+01
7.407914399999999944e+01
6.619838400000000433e+01
5.516531999999999414e+01
6.304608000000000345e+01
5.831762400000000213e+01
6.935068800000000522e+01
4.886071200000000658e+01
4.886071200000000658e+01
5.831762399999999502e+01
6.304608000000000345e+01
6.777453599999999767e+01
6.146992800000001012e+01
6.146992800000000301e+01
5.516532000000000124e+01
5.201301600000000036e+01
5.831762400000000213e+01
6.304608000000000345e+01
5.674147200000000169e+01
5.516531999999999414e+01
5.201301600000000036e+01
5.358916800000000080e+01
5.831762400000000923e+01
5.516532000000000835e+01
5.516532000000000835e+01
6.935068799999999101e+01
6.777453599999999767e+01
5.516532000000000124e+01
6.462223199999999679e+01
5.831762400000000213e+01
4.097995199999999727e+01
5.358916800000000080e+01
6.935068800000000522e+01
5.516532000000000124e+01
6.304608000000000345e+01
4.570840800000000570e+01
4.728456000000000614e+01
5.043686400000000702e+01
6.462223199999999679e+01
6.146992800000000301e+01
5.831762399999999502e+01
6.462223199999999679e+01
5.201301600000000747e+01
4.413225600000000526e+01
6.619838400000000433e+01
7.565529599999999277e+01
6.619838400000000433e+01
5.989377600000000257e+01
7.092683999999999855e+01
6.619838399999999012e+01
5.674147200000000169e+01
4.886071200000000658e+01
5.831762400000000213e+01
7.407914399999999944e+01
7.880760000000000787e+01
5.674147200000000169e+01
6.146992799999999590e+01
5.989377600000000967e+01
6.777453599999999767e+01
6.462223199999999679e+01
4.413225599999999815e+01
5.358916800000000791e+01
7.250299200000000610e+01
6.935068800000000522e+01
6.619838400000000433e+01
6.935068800000000522e+01
5.516532000000000124e+01
5.831762400000000213e+01
7.092683999999999855e+01
6.619838399999999012e+01
6.146992800000001012e+01
6.777453599999999767e+01
5.674147200000000169e+01
8.511220799999999542e+01
6.935068800000000522e+01
4.728456000000000614e+01
6.146992800000000301e+01
6.619838400000000433e+01
6.777453599999999767e+01
6.462223199999999679e+01
7.092683999999999855e+01
5.674147200000000169e+01
4.413225599999999815e+01
5.043686399999999992e+01
6.146992800000001012e+01
6.777453599999999767e+01
8.038375200000000120e+01
5.516532000000000124e+01
4.886071199999999948e+01
4.255610399999999771e+01
4.728455999999999904e+01
7.250299200000000610e+01
7.092683999999999855e+01
7.407914400000001365e+01
7.407914399999999944e+01
5.674147199999999458e+01
6.304608000000000345e+01
6.935068800000000522e+01
6.146992800000000301e+01
5.201301600000000036e+01
6.146992800000000301e+01
5.358916800000000080e+01
4.728456000000000614e+01
6.304608000000000345e+01
6.304608000000000345e+01
7.092684000000001276e+01
6.462223200000001100e+01
6.146992799999999590e+01
7.092683999999999855e+01
6.935068799999999101e+01
5.831762400000000213e+01
5.201301600000000036e+01
5.989377600000000257e+01
6.462223199999999679e+01
5.831762400000000213e+01
5.831762399999999502e+01
6.619838399999999012e+01
7.407914399999999944e+01
7.565529600000000698e+01
6.935068800000000522e+01
4.886071199999999948e+01
6.146992800000000301e+01
7.092683999999999855e+01
5.831762400000000923e+01
6.462223199999999679e+01
7.092683999999999855e+01
6.304608000000000345e+01
6.462223200000001100e+01
6.935068800000000522e+01
6.146992800000000301e+01
5.989377600000000257e+01
6.462223200000001100e+01
6.304608000000000345e+01
7.092683999999999855e+01
4.728455999999999904e+01
6.619838400000000433e+01
8.195990399999999454e+01
7.092683999999999855e+01
7.565529599999999277e+01
7.092683999999999855e+01
5.516532000000000835e+01
5.516532000000000124e+01
7.880760000000000787e+01
6.619838400000000433e+01
7.250299199999999189e+01
6.619838400000000433e+01
7.092683999999999855e+01
7.092683999999999855e+01
6.146992799999999590e+01
6.619838400000000433e+01
6.619838400000000433e+01
6.777453599999999767e+01
8.038375200000000120e+01
6.777453599999999767e+01
5.358916800000000791e+01
6.935068800000000522e+01
8.668836000000000297e+01
6.462223199999999679e+01
4.886071199999999237e+01
5.674147200000000169e+01
6.619838400000000433e+01
6.777453599999999767e+01
7.092683999999999855e+01
8.195990400000000875e+01
7.092683999999999855e+01
5.831762400000000213e+01
6.146992799999999590e+01
6.619838400000000433e+01
7.092683999999999855e+01
5.831762400000000213e+01
7.407914399999999944e+01
8.038375200000000120e+01
5.201301600000000747e+01
6.304608000000000345e+01
6.304607999999999635e+01
4.255610400000000482e+01
6.304608000000000345e+01
6.935068800000000522e+01
6.619838400000000433e+01
6.935068800000000522e+01
7.565529599999999277e+01
8.511220799999999542e+01
6.935068799999999101e+01
5.989377599999999546e+01
6.619838400000000433e+01
6.462223199999999679e+01
7.092683999999999855e+01
7.092683999999999855e+01
7.407914399999999944e+01
7.407914399999999944e+01
7.723144800000000032e+01
6.146992800000000301e+01
7.407914399999999944e+01
5.989377600000000257e+01
7.407914399999999944e+01
7.250299199999999189e+01
7.092683999999999855e+01
5.674147200000000169e+01
6.462223200000001100e+01
5.989377600000000257e+01
7.250299199999999189e+01
5.674147200000000169e+01
5.516532000000000124e+01
5.201301600000000036e+01
5.989377600000000257e+01
6.935068799999999101e+01
7.880759999999999366e+01
7.880759999999999366e+01
7.092683999999999855e+01
6.304608000000000345e+01
6.146992800000000301e+01
8.195990400000000875e+01
6.462223200000001100e+01
6.462223199999999679e+01
6.777453599999999767e+01
5.201301600000000036e+01
6.619838400000000433e+01
7.565529599999999277e+01
7.880760000000000787e+01
6.935068800000000522e+01
6.619838400000000433e+01
6.304608000000000345e+01
5.989377600000000257e+01
5.674147200000000879e+01
7.880760000000000787e+01
6.462223199999999679e+01
7.723144800000001453e+01
6.777453599999999767e+01
6.462223199999999679e+01
7.407914400000001365e+01
6.462223200000001100e+01
5.201301600000000036e+01
8.038375200000000120e+01
7.880760000000000787e+01
7.565529599999999277e+01
7.407914400000001365e+01
7.565529600000000698e+01
6.935068800000000522e+01
5.674147200000000169e+01
6.146992800000000301e+01
5.516532000000000124e+01
6.619838400000000433e+01
7.565529600000000698e+01
7.723144800000000032e+01
5.989377600000000257e+01
6.304608000000000345e+01
6.462223200000001100e+01
7.092683999999999855e+01
5.989377600000000257e+01
7.723144800000000032e+01
7.407914400000001365e+01
8.195990400000000875e+01
7.565529600000000698e+01
6.146992799999999590e+01
6.777453599999999767e+01
7.880759999999999366e+01
7.092683999999999855e+01
6.777453599999999767e+01
6.935068799999999101e+01
6.935068799999999101e+01
7.407914399999999944e+01
7.723144800000000032e+01
6.304608000000000345e+01
6.777453599999999767e+01
6.304608000000000345e+01
7.407914399999999944e+01
7.880760000000000787e+01
8.353605600000000209e+01
7.407914399999999944e+01
7.250299200000000610e+01
5.989377599999999546e+01
5.674147200000000169e+01
6.619838400000000433e+01
7.250299200000000610e+01
6.777453599999999767e+01
6.304608000000000345e+01
5.516532000000000835e+01
6.619838400000000433e+01
7.250299200000000610e+01
6.935068800000000522e+01
7.250299199999999189e+01
8.353605600000000209e+01
6.146992800000000301e+01
7.565529599999999277e+01
7.565529599999999277e+01
6.935068799999999101e+01
5.989377600000000257e+01
6.935068799999999101e+01
6.146992800000001012e+01
6.304608000000000345e+01
7.250299200000000610e+01
7.092683999999999855e+01
7.250299200000000610e+01
7.723144800000000032e+01
7.092683999999999855e+01
6.935068800000000522e+01
6.462223199999999679e+01
7.092683999999999855e+01
5.201301600000000036e+01
6.462223199999999679e+01
5.043686399999999992e+01
8.511220800000000963e+01
6.777453599999999767e+01
5.989377600000000257e+01
6.619838400000000433e+01
6.935068800000000522e+01
7.880760000000000787e+01
7.407914399999999944e+01
6.935068800000000522e+01
6.777453599999999767e+01
7.250299200000000610e+01
7.565529599999999277e+01
5.516532000000000835e+01
5.201301600000000747e+01
7.565529599999999277e+01
5.831762400000000213e+01
6.462223199999999679e+01
6.462223199999999679e+01
7.565529600000000698e+01
5.358916800000000080e+01
6.935068799999999101e+01
7.092683999999999855e+01
6.146992800000001012e+01
4.728455999999999904e+01
5.989377600000000257e+01
6.935068800000000522e+01
7.092683999999999855e+01
7.723144800000000032e+01
6.462223199999999679e+01
4.570840799999999859e+01
5.043686399999999992e+01
5.831762400000000213e+01
5.358916800000000080e+01
6.462223199999999679e+01
6.146992800000000301e+01
6.462223199999999679e+01
7.092683999999999855e+01
6.935068800000000522e+01
5.516532000000000124e+01
5.358916800000000080e+01
6.462223199999999679e+01
7.565529599999999277e+01
6.304608000000000345e+01
7.092683999999999855e+01
6.146992799999999590e+01
6.304608000000000345e+01
5.674147200000000879e+01
7.250299200000000610e+01
7.723144800000000032e+01
7.565529600000000698e+01
6.462223199999999679e+01
5.989377600000000257e+01
6.777453599999999767e+01
6.304608000000000345e+01
5.989377600000000257e+01
5.674147200000000169e+01
5.831762400000000213e+01
5.358916800000000791e+01
6.619838400000000433e+01
6.619838400000000433e+01
5.831762400000000213e+01
6.146992799999999590e+01
6.777453599999999767e+01
7.250299200000000610e+01
5.674147200000000169e+01
7.723144800000000032e+01
5.674147200000000169e+01
5.989377600000000257e+01
6.304607999999999635e+01
7.565529600000000698e+01
6.146992800000000301e+01
7.092683999999999855e+01
6.304608000000000345e+01
6.619838400000000433e+01
7.250299200000000610e+01
6.462223199999999679e+01
5.989377600000000257e+01
6.146992800000000301e+01
6.304608000000000345e+01
8.195990399999999454e+01
6.462223199999999679e+01
4.886071199999999948e+01
5.831762400000000213e+01
5.989377600000000257e+01
5.831762400000000213e+01
5.989377600000000257e+01
5.674147200000000169e+01
5.831762399999999502e+01
7.407914399999999944e+01
6.462223199999999679e+01
7.880760000000000787e+01
4.886071200000000658e+01
6.619838400000000433e+01
6.304608000000000345e+01
7.880760000000000787e+01
5.831762400000000213e+01
5.516532000000000835e+01
7.092684000000001276e+01
5.674147200000000169e+01
5.674147200000000169e+01
6.304608000000000345e+01
6.935068799999999101e+01
6.935068800000000522e+01
6.146992799999999590e+01
5.674147200000000169e+01
5.674147200000000169e+01
6.619838400000000433e+01
6.462223199999999679e+01
6.462223199999999679e+01
6.146992799999999590e+01
6.462223200000001100e+01
6.146992800000000301e+01
7.250299200000000610e+01
6.304608000000000345e+01
5.831762400000000213e+01
6.304608000000000345e+01
6.935068799999999101e+01
5.201301599999999326e+01
6.146992799999999590e+01
6.462223200000001100e+01
4.570840799999999859e+01
5.831762399999999502e+01
6.619838400000000433e+01
6.146992800000000301e+01
6.619838400000000433e+01
6.935068799999999101e+01
6.146992799999999590e+01
6.462223199999999679e+01
6.146992800000000301e+01
6.619838400000000433e+01
4.728455999999999904e+01
5.043686399999999992e+01
5.201301600000000747e+01
5.674147199999999458e+01
6.304608000000000345e+01
5.831762400000000213e+01
5.831762400000000213e+01
7.092683999999999855e+01
7.250299200000000610e+01
6.146992800000001012e+01
6.777453599999999767e+01
6.935068800000000522e+01
6.619838399999999012e+01
6.462223199999999679e+01
6.777453599999999767e+01
6.146992799999999590e+01
5.043686400000000702e+01
5.989377600000000257e+01
6.619838400000000433e+01
5.516532000000000835e+01
6.304608000000000345e+01
4.570840800000000570e+01
6.146992799999999590e+01
5.831762400000000213e+01
6.304608000000000345e+01
6.619838399999999012e+01
5.358916800000000080e+01
6.146992799999999590e+01
4.413225599999999815e+01
6.619838400000000433e+01
6.146992800000001012e+01
5.358916800000000080e+01
6.304608000000000345e+01
6.619838400000000433e+01
6.935068800000000522e+01
7.092683999999999855e+01
7.250299199999999189e+01
6.619838400000000433e+01
5.043686400000000702e+01
5.516532000000000124e+01
5.358916800000000791e+01
5.516532000000000835e+01
4.570840800000000570e+01
4.728455999999999904e+01
6.462223199999999679e+01
5.831762400000000213e+01
5.358916800000000080e+01
6.462223199999999679e+01
6.146992799999999590e+01
5.516532000000000124e+01
5.043686399999999992e+01
5.989377600000000257e+01
5.201301600000000036e+01
3.782764800000000349e+01
4.886071200000000658e+01
5.201301600000000036e+01
5.831762400000000213e+01
5.989377600000000967e+01
7.723144800000000032e+01
5.201301600000000747e+01
5.516532000000000124e+01
5.043686399999999992e+01
4.728456000000000614e+01
6.304608000000000345e+01
6.146992799999999590e+01
5.201301600000000747e+01
5.043686399999999992e+01
5.516532000000000124e+01
5.516532000000000124e+01
4.886071200000000658e+01
5.043686399999999992e+01
7.407914399999999944e+01
4.728455999999999904e+01
5.201301599999999326e+01
5.516531999999999414e+01
6.146992799999999590e+01
5.043686400000000702e+01
4.570840800000000570e+01
6.146992800000000301e+01
4.886071199999999948e+01
6.462223199999999679e+01
5.043686400000000702e+01
6.777453600000001188e+01
7.250299200000000610e+01
6.619838400000000433e+01
4.728456000000000614e+01
5.516532000000000124e+01
5.674147200000000169e+01
5.516531999999999414e+01
6.304608000000000345e+01
6.462223199999999679e+01
4.728455999999999904e+01
5.516531999999999414e+01
5.358916800000000080e+01
5.358916800000000080e+01
5.674147200000000169e+01
4.886071199999999948e+01
5.358916800000000791e+01
6.462223199999999679e+01
5.043686399999999992e+01
6.146992799999999590e+01
5.516532000000000835e+01
4.570840800000000570e+01
5.674147200000000169e+01
7.723144800000000032e+01
8.038375200000000120e+01
6.619838400000000433e+01
5.674147200000000169e+01
6.146992800000001012e+01
5.201301600000000747e+01
5.674147200000000169e+01
5.358916800000000080e+01
4.886071199999999948e+01
4.886071199999999948e+01
5.358916800000000080e+01
5.358916800000000080e+01
4.728456000000000614e+01
5.358916800000000791e+01
4.886071200000000658e+01
5.201301600000000036e+01
6.462223199999999679e+01
5.831762400000000923e+01
4.728455999999999904e+01
6.304608000000000345e+01
4.886071199999999948e+01
4.255610399999999771e+01
5.516532000000000835e+01
4.570840799999999859e+01
4.728456000000000614e+01
3.940379999999999683e+01
4.570840800000000570e+01
3.940380000000000393e+01
4.570840800000000570e+01
4.728456000000000614e+01
4.728456000000000614e+01
6.146992799999999590e+01
4.886071199999999948e+01
5.516531999999999414e+01
5.831762400000000923e+01
4.413225600000000526e+01
4.570840800000000570e+01
4.570840800000000570e+01
5.674147200000000169e+01
5.516532000000000124e+01
4.255610400000000482e+01
5.358916800000000080e+01
5.831762399999999502e+01
5.989377600000000257e+01
4.886071200000000658e+01
4.886071200000000658e+01
5.358916800000000080e+01
4.097995200000000438e+01
5.358916800000000080e+01
4.570840800000000570e+01
4.886071200000000658e+01
4.097995200000000438e+01
4.570840800000000570e+01
5.516531999999999414e+01
5.516532000000000835e+01
3.782764800000000349e+01
5.516531999999999414e+01
3.782764800000000349e+01
5.358916800000000080e+01
4.728455999999999904e+01
4.886071200000000658e+01
4.886071199999999948e+01
4.097995200000000438e+01
4.570840799999999859e+01
4.886071200000000658e+01
4.728456000000000614e+01
5.043686399999999992e+01
5.043686399999999992e+01
3.625149600000000305e+01
2.837073600000000084e+01
4.886071200000000658e+01
4.255610400000000482e+01
6.146992800000000301e+01
4.728456000000000614e+01
4.413225600000000526e+01
3.940380000000000393e+01
2.837073600000000084e+01
4.097995200000000438e+01
4.255610400000000482e+01
5.989377600000000257e+01
5.043686399999999992e+01
4.097995199999999727e+01
3.625149600000000305e+01
5.516532000000000835e+01
3.467534400000000261e+01
4.097995199999999727e+01
3.940380000000000393e+01
5.674147200000000169e+01
5.516531999999999414e+01
4.255610400000000482e+01
4.413225599999999815e+01
3.940380000000000393e+01
4.886071199999999948e+01
4.728456000000000614e+01
3.782764800000000349e+01
3.152304000000000173e+01
5.516531999999999414e+01
2.994688800000000128e+01
3.940380000000000393e+01
5.831762400000000213e+01
4.570840800000000570e+01
4.413225599999999815e+01
4.570840799999999859e+01
5.201301600000000036e+01
2.837073600000000084e+01
3.625149600000000305e+01
4.886071199999999948e+01
3.940380000000000393e+01
2.994688800000000484e+01
4.570840799999999859e+01
3.940380000000000393e+01
4.255610400000000482e+01
3.467534400000000261e+01
3.625149600000000305e+01
3.467534400000000261e+01
3.782764800000000349e+01
3.782764800000000349e+01
3.940380000000000393e+01
3.152304000000000528e+01
5.201301600000000747e+01
4.413225599999999815e+01
2.364227999999999952e+01
2.521843199999999996e+01
2.994688800000000128e+01
3.467534400000000261e+01
2.994688800000000128e+01
4.097995199999999727e+01
4.255610400000000482e+01
3.625149600000000305e+01
3.309919200000000217e+01
4.255610400000000482e+01
4.255610400000000482e+01
4.728455999999999904e+01
5.358916800000000080e+01
4.413225600000000526e+01
4.097995199999999727e+01
2.837073600000000084e+01
2.364227999999999952e+01
3.152304000000000173e+01
4.728455999999999904e+01
3.309919200000000217e+01
2.679458400000000040e+01
5.358916800000000080e+01
3.625149600000000305e+01
3.625149600000000305e+01
3.467534400000000261e+01
2.837073600000000084e+01
2.364228000000000307e+01
4.097995199999999727e+01
3.625149600000000305e+01
4.728455999999999904e+01
2.679458400000000040e+01
3.467534400000000261e+01
5.201301600000000036e+01
4.728456000000000614e+01
3.782764800000000349e+01
2.837073600000000084e+01
2.048997600000000219e+01
3.309919200000000217e+01
3.152304000000000173e+01
3.782764800000000349e+01
1.891382399999999819e+01
2.521843199999999996e+01
2.206612800000000263e+01
3.782764800000000349e+01
2.048997599999999863e+01
3.625149600000000305e+01
3.309919200000000217e+01
2.679458400000000040e+01
4.413225599999999815e+01
2.521843199999999996e+01
3.467534399999999550e+01
3.625149600000000305e+01
2.206612799999999908e+01
3.625149600000000305e+01
1.891382400000000175e+01
2.994688800000000128e+01
2.364227999999999952e+01
1.891382400000000175e+01
2.048997599999999863e+01
2.994688800000000128e+01
3.309919200000000217e+01
4.097995199999999727e+01
2.048997600000000219e+01
1.891382399999999819e+01
3.940380000000000393e+01
4.097995199999999727e+01
2.837073600000000084e+01
2.994688800000000128e+01
1.733767199999999775e+01
2.679458400000000040e+01
2.521843199999999996e+01
3.625149600000000305e+01
2.206612800000000263e+01
3.625149600000000305e+01
2.837073600000000084e+01
2.837073599999999729e+01
2.994688800000000128e+01
3.782764799999999639e+01
3.309919200000000217e+01
3.940380000000000393e+01
2.837073600000000084e+01
3.940380000000000393e+01
3.309919200000000217e+01
3.467534400000000261e+01
2.837073600000000084e+01
3.625149600000000305e+01
4.570840800000000570e+01
3.940380000000000393e+01
5.674147200000000169e+01
3.467534400000000261e+01
3.940380000000000393e+01
2.206612800000000263e+01
3.940380000000000393e+01
2.521843199999999996e+01
3.625149600000000305e+01
4.728455999999999904e+01
3.782764800000000349e+01
3.467534399999999550e+01
1.891382400000000175e+01
3.467534400000000261e+01
2.994688800000000128e+01
4.255610400000000482e+01
2.521843199999999996e+01
3.467534400000000261e+01
3.467534400000000261e+01
2.994688800000000128e+01
2.837073600000000084e+01
3.940380000000000393e+01
2.521843199999999996e+01
2.837073599999999729e+01
1.576151999999999909e+01
3.940380000000000393e+01
4.097995199999999727e+01
2.679458400000000040e+01
3.625149600000000305e+01
3.782764799999999639e+01
2.837073600000000084e+01
2.994688800000000128e+01
3.467534399999999550e+01
2.837073600000000084e+01
2.521843199999999996e+01
3.625149600000000305e+01
3.782764800000000349e+01
3.782764800000000349e+01
2.994688800000000128e+01
2.364228000000000307e+01
2.679458400000000040e+01
1.418536799999999864e+01
3.940380000000000393e+01
2.521843199999999996e+01
1.891382400000000175e+01
1.733767200000000130e+01
2.521843199999999996e+01
3.940380000000000393e+01
2.364227999999999952e+01
2.206612800000000263e+01
3.152304000000000173e+01
2.679458400000000040e+01
2.837073600000000084e+01
3.940380000000000393e+01
2.837073600000000084e+01
3.625149600000000305e+01
3.467534400000000261e+01
1.733767200000000130e+01
2.994688800000000128e+01
3.152304000000000173e+01
2.679458400000000040e+01
2.837073599999999729e+01
2.994688800000000128e+01
3.782764799999999639e+01
1.733767200000000130e+01
2.364227999999999952e+01
2.837073600000000084e+01
2.837073600000000084e+01
3.625149600000000305e+01
2.679458400000000040e+01
2.206612799999999908e+01
3.152304000000000173e+01
1.576152000000000086e+01
2.206612799999999908e+01
1.891382400000000175e+01
4.886071200000000658e+01
2.206612799999999908e+01
3.309919200000000217e+01
2.837073600000000084e+01
2.206612799999999908e+01
1.891382399999999819e+01
1.891382399999999819e+01
3.309919200000000217e+01
2.837073600000000084e+01
3.467534400000000261e+01
2.837073600000000084e+01
4.728456000000001325e+00
7.880760000000001320e+00
2.679458400000000040e+01
3.309919200000000217e+01
3.782764799999999639e+01
2.994688800000000128e+01
3.625149600000000305e+01
2.994688800000000128e+01
3.625149600000000305e+01
3.625149600000000305e+01
3.309919200000000217e+01
3.152304000000000173e+01
3.309919200000000217e+01
1.891382400000000175e+01
2.364227999999999952e+01
2.679458400000000040e+01
2.837073599999999729e+01
3.467534400000000261e+01
4.255610400000000482e+01
3.467534400000000261e+01
2.048997600000000219e+01
3.309919200000000217e+01
4.255610400000000482e+01
2.837073600000000084e+01
2.837073600000000084e+01
2.679458400000000040e+01
3.625149600000000305e+01
1.103306400000000131e+01
2.679458400000000040e+01
2.679458400000000040e+01
2.521843199999999996e+01
2.679458400000000040e+01
2.364227999999999952e+01
2.048997600000000219e+01
2.206612799999999908e+01
2.994688800000000128e+01
3.309919200000000217e+01
2.994688800000000128e+01
2.521843199999999996e+01
2.837073600000000084e+01
1.733767199999999775e+01
2.994688800000000128e+01
2.364227999999999952e+01
2.206612800000000263e+01
2.837073600000000084e+01
2.048997599999999863e+01
2.837073600000000084e+01
2.679458400000000040e+01
3.467534400000000261e+01
3.625149600000000305e+01
2.679458400000000040e+01
1.418536800000000042e+01
2.994688800000000128e+01
3.940380000000000393e+01
2.364227999999999952e+01
4.097995199999999727e+01
3.152304000000000173e+01
3.467534400000000261e+01
4.255610400000000482e+01
3.782764800000000349e+01
2.206612799999999908e+01
3.152304000000000173e+01
4.097995199999999727e+01
3.467534400000000261e+01
4.255610400000000482e+01
3.782764800000000349e+01
2.521843199999999996e+01
3.625149600000000305e+01
4.255610400000000482e+01
4.097995200000000438e+01
3.309919200000000217e+01
3.309919200000000217e+01
3.152304000000000173e+01
2.994688800000000128e+01
3.625149600000000305e+01
2.206612799999999908e+01
3.625149600000000305e+01
3.625149600000000305e+01
3.152304000000000173e+01
3.625149600000000305e+01
3.467534400000000261e+01
4.413225600000000526e+01
3.309919200000000217e+01
3.152304000000000173e+01
3.782764800000000349e+01
2.364227999999999952e+01
2.837073600000000084e+01
2.994688800000000128e+01
4.255610400000000482e+01
4.097995199999999727e+01
3.940380000000000393e+01
4.097995199999999727e+01
3.625149600000000305e+01
2.048997599999999863e+01
2.679458400000000040e+01
3.940380000000000393e+01
3.152304000000000173e+01
4.255610399999999771e+01
3.467534399999999550e+01
4.097995199999999727e+01
4.413225599999999815e+01
2.837073600000000084e+01
3.940380000000000393e+01
2.364227999999999952e+01
2.364227999999999952e+01
3.467534399999999550e+01
3.467534400000000261e+01
2.048997599999999863e+01
3.782764800000000349e+01
5.201301600000000036e+01
2.206612800000000263e+01
4.097995199999999727e+01
3.152304000000000173e+01
2.679458400000000040e+01
2.679458400000000040e+01
4.728455999999999904e+01
2.521843199999999996e+01
1.733767200000000130e+01
2.364227999999999952e+01
3.152304000000000173e+01
3.782764800000000349e+01
2.994688800000000128e+01
2.994688800000000128e+01
3.940380000000000393e+01
2.994688800000000128e+01
2.837073600000000084e+01
2.364227999999999952e+01
3.152304000000000173e+01
3.309919200000000217e+01
4.570840799999999859e+01
2.679458400000000040e+01
2.521843199999999996e+01
2.521843199999999996e+01
2.837073600000000084e+01
6.304607999999999990e+00
3.467534400000000261e+01
2.994688800000000128e+01
2.994688800000000128e+01
2.994688800000000128e+01
4.255610400000000482e+01
2.364227999999999952e+01
3.782764799999999639e+01
3.309919200000000217e+01
1.891382400000000175e+01
3.152304000000000173e+01
1.733767199999999775e+01
1.576152000000000442e+00
3.152303999999999817e+01
4.097995200000000438e+01
4.255610400000000482e+01
2.521843199999999996e+01
2.521843199999999996e+01
2.837073600000000084e+01
3.467534400000000261e+01
3.309919200000000217e+01
3.467534400000000261e+01
3.625149600000000305e+01
2.837073600000000084e+01
2.521843199999999996e+01
3.940380000000000393e+01
4.097995199999999727e+01
3.782764799999999639e+01
2.994688800000000128e+01
2.837073600000000084e+01
2.837073600000000084e+01
3.309919200000000217e+01
3.940380000000000393e+01
4.255610400000000482e+01
3.309919200000000217e+01
3.309919200000000217e+01
3.625149600000000305e+01
3.782764800000000349e+01
4.728455999999999904e+01
4.413225600000000526e+01
4.728456000000000614e+01
2.364227999999999952e+01
2.206612799999999908e+01
2.521843199999999996e+01
2.048997599999999863e+01
2.837073600000000084e+01
2.994688800000000128e+01
3.152304000000000173e+01
1.733767199999999775e+01
2.679458400000000040e+01
2.837073600000000084e+01
2.048997599999999863e+01
3.625149600000000305e+01
2.521843199999999996e+01
3.467534400000000261e+01
2.994688800000000128e+01
3.625149600000000305e+01
3.152304000000000173e+01
3.309919200000000217e+01
3.940380000000000393e+01
1.891382400000000175e+01
2.679458400000000040e+01
3.625149600000000305e+01
3.625149600000000305e+01
2.521843200000000351e+01
3.625149600000000305e+01
3.152303999999999817e+01
2.994688800000000128e+01
3.467534400000000261e+01
1.576152000000000086e+01
2.364227999999999952e+01
1.733767200000000130e+01
1.733767200000000130e+01
2.837073600000000084e+01
2.521843199999999996e+01
1.418536800000000042e+01
2.206612799999999908e+01
3.152304000000000173e+01
2.837073599999999729e+01
2.837073600000000084e+01
2.364228000000000307e+01
2.048997599999999863e+01
2.364227999999999952e+01
1.733767200000000130e+01
2.679458400000000040e+01
2.837073600000000084e+01
2.521843199999999996e+01
1.576152000000000086e+01
2.679458400000000040e+01
2.994688800000000128e+01
2.364227999999999952e+01
2.521843199999999996e+01
2.837073600000000084e+01
4.255610400000000482e+01
2.679458400000000040e+01
2.521843199999999996e+01
2.837073599999999729e+01
4.255610399999999771e+01
3.152304000000000173e+01
2.364227999999999952e+01
3.467534400000000261e+01
2.364228000000000307e+01
2.679458400000000040e+01
2.994688800000000128e+01
2.206612799999999908e+01
2.521843199999999996e+01
2.837073600000000084e+01
1.733767199999999775e+01
2.206612800000000263e+01
3.940380000000000393e+01
2.521843199999999996e+01
3.625149600000000305e+01
2.364227999999999952e+01
2.521843199999999996e+01
3.625149600000000305e+01
4.097995199999999727e+01
4.728455999999999904e+01
3.152304000000000173e+01
1.891382399999999819e+01
3.467534400000000261e+01
2.364228000000000307e+01
3.782764799999999639e+01
3.782764800000000349e+01
1.891382399999999819e+01
1.576152000000000086e+01
2.048997600000000219e+01
4.097995200000000438e+01
2.994688800000000128e+01
2.521843199999999996e+01
2.364227999999999952e+01
2.206612800000000263e+01
2.048997599999999863e+01
2.679458400000000040e+01
3.467534400000000261e+01
2.364228000000000307e+01
2.521843199999999996e+01
3.940380000000000393e+01
4.413225599999999815e+01
3.782764799999999639e+01
1.891382400000000175e+01
3.152303999999999817e+01
3.625149600000000305e+01
2.364227999999999952e+01
2.364227999999999952e+01
2.837073600000000084e+01
2.206612799999999908e+01
2.048997600000000219e+01
1.576152000000000086e+01
1.733767199999999775e+01
1.891382399999999819e+01
2.364227999999999952e+01
2.206612800000000263e+01
2.364227999999999952e+01
2.679458400000000040e+01
3.467534400000000261e+01
2.837073599999999729e+01
2.206612799999999908e+01
3.152304000000000173e+01
2.048997599999999863e+01
3.309919200000000217e+01
1.418536800000000042e+01
3.782764800000000349e+01
3.152304000000000173e+01
4.413225599999999815e+01
2.994688800000000128e+01
2.048997600000000219e+01
2.206612799999999908e+01
2.837073599999999729e+01
2.364227999999999952e+01
3.309919200000000217e+01
3.782764800000000349e+01
3.782764800000000349e+01
2.994688800000000128e+01
4.570840800000000570e+01
5.201301600000000036e+01
2.994688800000000128e+01
3.152303999999999817e+01
1.576151999999999731e+01
1.260921599999999998e+01
2.679458400000000040e+01
4.255610400000000482e+01
2.206612800000000263e+01
2.048997600000000219e+01
2.994688800000000128e+01
4.097995199999999727e+01
4.097995199999999727e+01
3.467534400000000261e+01
1.260921599999999998e+01
1.891382399999999819e+01
2.679458400000000040e+01
4.728455999999999904e+01
3.940380000000000393e+01
4.413225599999999815e+01
2.364227999999999952e+01
2.364227999999999952e+01
3.467534399999999550e+01
2.994688800000000128e+01
2.679458400000000040e+01
3.152303999999999817e+01
2.364227999999999952e+01
2.048997600000000219e+01
3.782764800000000349e+01
3.940380000000000393e+01
1.891382400000000175e+01
3.309919200000000217e+01
3.940380000000000393e+01
1.891382400000000175e+01
2.048997599999999863e+01
4.097995199999999727e+01
2.994688800000000128e+01
2.521843199999999996e+01
1.733767200000000130e+01
3.309919200000000217e+01
3.467534399999999550e+01
3.152304000000000173e+01
2.364228000000000307e+01
2.521843199999999996e+01
3.625149600000000305e+01
2.048997600000000219e+01
2.837073600000000440e+01
3.625149600000000305e+01
2.679458400000000040e+01
2.994688800000000128e+01
2.521843200000000351e+01
3.152304000000000173e+01
3.467534400000000261e+01
4.255610400000000482e+01
2.048997599999999863e+01
2.364227999999999952e+01
2.206612799999999908e+01
2.048997600000000219e+01
3.625149600000000305e+01
3.152304000000000528e+01
1.733767199999999775e+01
3.152304000000000173e+01
3.467534400000000261e+01
3.940380000000000393e+01
1.891382399999999819e+01
2.206612799999999908e+01
2.364227999999999952e+01
2.679458400000000040e+01
1.103306399999999954e+01
2.837073600000000084e+01
3.467534399999999550e+01
1.891382400000000175e+01
2.994688800000000128e+01
2.048997600000000219e+01
3.309919200000000217e+01
1.891382400000000175e+01
1.418536800000000042e+01
2.837073600000000084e+01
2.837073600000000084e+01
2.364227999999999952e+01
2.048997599999999863e+01
3.309919200000000217e+01
2.994688800000000128e+01
2.994688800000000128e+01
3.625149600000000305e+01
1.733767200000000130e+01
3.467534400000000261e+01
3.152304000000000173e+01
2.521843199999999996e+01
1.418536800000000220e+01
2.679458400000000040e+01
3.625149600000000305e+01
2.679458400000000040e+01
1.891382399999999819e+01
2.206612799999999908e+01
2.521843199999999996e+01
2.679458400000000040e+01
2.994688800000000128e+01
2.837073600000000084e+01
2.206612800000000263e+01
2.837073600000000084e+01
2.521843199999999996e+01
3.782764800000000349e+01
4.097995199999999727e+01
1.733767200000000130e+01
2.364228000000000307e+01
4.255610400000000482e+01
2.364228000000000307e+01
2.364228000000000307e+01
2.364227999999999952e+01
3.940380000000000393e+01
3.309919200000000217e+01
2.679458400000000040e+01
2.837073599999999729e+01
2.837073599999999729e+01
1.891382400000000175e+01
2.048997599999999863e+01
3.467534400000000261e+01
2.679458400000000040e+01
4.413225599999999815e+01
2.679458400000000040e+01
4.886071200000000658e+01
2.206612799999999908e+01
2.048997600000000219e+01
1.733767200000000486e+01
2.048997600000000219e+01
9.456912000000000873e+00
9.456911999999999097e+00
1.576152000000000086e+01
2.364227999999999952e+01
2.679458400000000040e+01
2.994688800000000128e+01
2.364227999999999952e+01
2.521843199999999996e+01
2.521843199999999996e+01
2.837073600000000084e+01
3.782764799999999639e+01
3.467534400000000261e+01
3.625149600000000305e+01
2.837073600000000084e+01
1.733767200000000130e+01
2.679458400000000040e+01
3.309919200000000217e+01
3.625149600000000305e+01
2.994688800000000128e+01
2.364228000000000307e+01
2.521843199999999996e+01
1.576152000000000086e+01
2.837073600000000084e+01
3.309919200000000217e+01
3.625149600000000305e+01
3.152304000000000528e+01
2.048997599999999863e+01
2.364227999999999952e+01
2.837073600000000084e+01
2.994688800000000128e+01
2.206612799999999908e+01
2.679458400000000040e+01
1.733767199999999775e+01
3.782764799999999639e+01
3.467534400000000261e+01
2.364227999999999952e+01
2.364227999999999952e+01
2.837073600000000084e+01
2.837073600000000084e+01
2.048997599999999863e+01
2.679458400000000040e+01
2.048997599999999863e+01
2.837073600000000084e+01
2.206612799999999908e+01
2.048997599999999863e+01
2.837073600000000084e+01
2.048997599999999863e+01
1.418536799999999864e+01
1.891382400000000175e+01
2.364227999999999952e+01
1.733767200000000130e+01
2.837073600000000084e+01
3.152304000000000173e+01
2.994688800000000128e+01
1.576152000000002218e+00
3.625149600000000305e+01
2.837073600000000084e+01
1.260921599999999820e+01
2.837073600000000084e+01
3.625149600000000305e+01
3.309919200000000217e+01
1.576152000000000086e+01
2.679458400000000040e+01
2.521843199999999996e+01
2.837073600000000084e+01
3.152304000000000173e+01
1.733767199999999775e+01
2.048997599999999863e+01
7.880759999999998655e+00
1.260921600000000176e+01
1.891382400000000175e+01
2.048997600000000219e+01
2.994688800000000128e+01
1.733767200000000130e+01
2.521843199999999996e+01
2.364228000000000307e+01
1.733767199999999775e+01
1.891382399999999819e+01
3.309919200000000217e+01
2.048997599999999863e+01
2.679458400000000040e+01
4.255610400000000482e+01
4.097995200000000438e+01
2.994688800000000128e+01
2.206612799999999908e+01
2.994688800000000128e+01
2.679458400000000040e+01
1.891382399999999819e+01
2.048997599999999863e+01
1.891382400000000175e+01
2.521843199999999996e+01
2.521843200000000351e+01
2.837073600000000084e+01
3.309919200000000217e+01
2.837073600000000084e+01
1.418536800000000220e+01
3.309919200000000217e+01
1.733767200000000130e+01
3.940380000000000393e+01
3.782764800000000349e+01
5.201301600000000036e+01
3.940380000000000393e+01
1.260921599999999820e+01
2.364227999999999952e+01
1.576152000000000086e+01
1.103306400000000131e+01
3.782764800000000349e+01
2.364227999999999952e+01
2.206612799999999908e+01
4.255610400000000482e+01
2.364227999999999952e+01
2.994688800000000128e+01
2.048997600000000219e+01
3.625149600000000305e+01
4.570840799999999859e+01
1.733767199999999775e+01
2.837073600000000084e+01
2.206612799999999908e+01
3.625149600000000305e+01
1.733767200000000130e+01
1.418536799999999864e+01
2.206612799999999908e+01
3.467534400000000261e+01
1.733767200000000130e+01
2.837073600000000084e+01
2.521843199999999996e+01
3.152304000000000173e+01
4.728456000000000614e+01
2.206612799999999908e+01
1.733767200000000130e+01
3.940380000000000393e+01
3.940380000000000393e+01
3.152304000000000173e+01
3.467534399999999550e+01
2.048997599999999863e+01
2.837073600000000084e+01
3.152304000000000173e+01
2.837073600000000084e+01
2.048997599999999863e+01
1.733767200000000130e+01
3.152304000000000173e+01
2.364227999999999952e+01
1.418536800000000042e+01
3.309919200000000217e+01
3.467534400000000261e+01
2.679458400000000040e+01
1.418536800000000042e+01
1.576152000000000086e+01
2.837073600000000084e+01
4.097995199999999727e+01
2.679458400000000040e+01
3.152304000000000173e+01
3.309919200000000217e+01
2.837073600000000084e+01
2.837073600000000084e+01
3.152304000000000173e+01
2.521843199999999996e+01
2.048997599999999863e+01
2.994688800000000128e+01
2.364227999999999952e+01
1.891382400000000175e+01
1.891382400000000175e+01
2.994688800000000128e+01
2.837073599999999729e+01
3.309919200000000217e+01
2.679458400000000040e+01
9.456912000000000873e+00
2.364227999999999952e+01
3.625149600000000305e+01
3.309919200000000217e+01
2.679458400000000040e+01
1.891382400000000175e+01
1.576152000000000264e+01
1.418536799999999864e+01
3.152304000000000173e+01
2.994688800000000128e+01
1.418536800000000042e+01
2.364227999999999952e+01
1.891382399999999819e+01
2.048997599999999863e+01
3.152304000000000173e+01
1.576152000000000086e+01
1.103306399999999954e+01
1.733767200000000130e+01
3.152304000000000173e+01
3.625149600000000305e+01
3.625149600000000305e+01
3.782764799999999639e+01
3.152303999999999995e+00
6.304607999999999990e+00
2.048997599999999863e+01
2.521843199999999996e+01
1.733767199999999775e+01
2.364227999999999952e+01
1.891382399999999819e+01
2.206612799999999908e+01
2.521843199999999996e+01
4.728455999999999548e+00
2.364227999999999952e+01
2.364227999999999952e+01
3.467534400000000261e+01
3.467534400000000261e+01
2.837073599999999729e+01
2.048997599999999863e+01
2.521843199999999996e+01
2.206612799999999908e+01
2.521843199999999996e+01
2.521843199999999996e+01
2.206612799999999908e+01
2.994688800000000128e+01
1.260921600000000176e+01
1.891382400000000175e+01
1.418536800000000042e+01
2.206612800000000263e+01
2.994688800000000128e+01
2.521843199999999996e+01
2.679458400000000040e+01
2.206612799999999908e+01
2.679458400000000040e+01
2.837073600000000084e+01
2.837073599999999729e+01
2.206612800000000263e+01
2.048997599999999863e+01
1.418536800000000220e+01
3.152304000000000173e+01
9.456912000000000873e+00
2.206612799999999908e+01
1.891382400000000175e+01
2.206612799999999908e+01
1.103306400000000309e+01
2.206612799999999908e+01
3.467534399999999550e+01
3.625149600000000305e+01
2.679458400000000040e+01
2.206612799999999908e+01
3.309919200000000217e+01
3.940380000000000393e+01
2.837073600000000084e+01
2.837073600000000084e+01
1.891382399999999819e+01
2.206612800000000263e+01
1.891382400000000175e+01
2.364227999999999952e+01
2.679458400000000040e+01
2.679458400000000040e+01
2.206612799999999908e+01
4.255610400000000482e+01
3.782764799999999639e+01
3.152304000000000173e+01
1.576152000000000086e+01
2.521843199999999996e+01
1.733767200000000130e+01
2.837073600000000084e+01
4.728455999999999548e+00
1.891382400000000175e+01
2.048997599999999863e+01
1.260921599999999998e+01
3.152304000000000173e+01
4.097995199999999727e+01
1.733767200000000130e+01
3.782764800000000349e+01
3.940380000000000393e+01
1.576152000000000264e+01
3.940380000000000393e+01
3.782764800000000349e+01
2.048997599999999863e+01
1.733767200000000130e+01
3.309919200000000217e+01
3.782764800000000349e+01
2.994688800000000128e+01
2.521843199999999996e+01
2.048997599999999863e+01
3.309919200000000217e+01
2.994688800000000128e+01
2.206612800000000263e+01
2.994688800000000128e+01
2.679458400000000040e+01
3.940380000000000393e+01
1.576152000000000086e+01
2.364227999999999952e+01
1.418536800000000042e+01
2.994688800000000128e+01
2.048997599999999863e+01
2.679458400000000040e+01
3.940380000000000393e+01
3.625149600000000305e+01
3.309919200000000217e+01
3.309919200000000217e+01
3.152304000000000173e+01
3.309919200000000217e+01
1.891382400000000175e+01
2.837073600000000084e+01
2.364227999999999952e+01
2.837073600000000084e+01
4.413225599999999815e+01
9.456912000000000873e+00
2.206612799999999908e+01
2.521843199999999996e+01
3.940380000000000393e+01
3.625149600000000305e+01
2.521843199999999996e+01
1.418536799999999864e+01
1.576151999999999909e+01
2.994688800000000128e+01
7.880760000000002208e+00
2.837073600000000084e+01
3.309919200000000217e+01
2.206612799999999908e+01
3.152303999999999817e+01
2.679458400000000040e+01
2.837073600000000084e+01
2.364228000000000307e+01
2.679458400000000040e+01
4.413225600000000526e+01
3.152303999999999817e+01
2.364227999999999952e+01
3.152304000000000173e+01
4.728455999999999548e+00
1.418536800000000042e+01
2.364227999999999952e+01
2.679458400000000040e+01
2.521843199999999996e+01
1.576152000000000442e+00
1.891382400000000175e+01
1.733767200000000130e+01
1.576152000000000264e+01
4.097995200000000438e+01
2.837073600000000084e+01
2.679458400000000040e+01
1.891382400000000175e+01
9.456912000000000873e+00
1.418536799999999864e+01
2.206612799999999908e+01
7.880760000000000431e+00
1.576152000000000264e+01
2.994688800000000128e+01
2.206612799999999908e+01
2.048997599999999863e+01
2.837073599999999729e+01
1.733767200000000130e+01
4.728455999999999548e+00
7.880760000000000431e+00
1.576151999999999731e+01
1.891382400000000175e+01
1.733767200000000130e+01
3.152304000000000173e+01
2.048997600000000219e+01
2.994688800000000128e+01
2.364227999999999952e+01
2.521843199999999996e+01
1.103306399999999954e+01
2.837073600000000084e+01
3.467534400000000261e+01
2.837073600000000084e+01
3.309919200000000217e+01
2.679458400000000040e+01
2.679458400000000040e+01
2.364227999999999952e+01
3.152304000000000173e+01
1.891382399999999819e+01
1.260921600000000176e+01
1.733767199999999775e+01
2.837073600000000084e+01
9.456911999999999097e+00
2.048997600000000219e+01
2.679458400000000040e+01
2.364227999999999952e+01
2.837073600000000084e+01
1.418536800000000042e+01
2.206612800000000263e+01
3.309919200000000217e+01
2.994688800000000128e+01
2.679458400000000040e+01
3.625149600000000305e+01
2.521843200000000351e+01
2.679458400000000040e+01
2.048997600000000219e+01
2.206612799999999908e+01
2.364228000000000307e+01
2.364228000000000307e+01
6.304607999999999990e+00
1.576152000000000086e+01
2.679458400000000040e+01
2.994688800000000128e+01
9.456911999999999097e+00
2.364228000000000307e+01
2.679458400000000040e+01
2.837073600000000084e+01
2.679458400000000040e+01
1.733767200000000130e+01
2.048997600000000219e+01
2.364227999999999952e+01
1.733767199999999775e+01
1.103306400000000131e+01
1.418536799999999864e+01
3.782764799999999639e+01
3.782764799999999639e+01
2.048997599999999863e+01
1.891382400000000175e+01
1.891382399999999819e+01
1.733767200000000486e+01
1.260921599999999998e+01
2.206612799999999908e+01
3.782764800000000349e+01
1.891382400000000175e+01
7.880760000000002208e+00
2.521843199999999996e+01
2.837073600000000084e+01
2.521843199999999996e+01
1.733767199999999775e+01
1.260921599999999998e+01
1.891382400000000175e+01
1.576152000000000086e+01
2.521843200000000351e+01
1.733767200000000130e+01
1.260921599999999998e+01
1.891382400000000175e+01
1.576151999999999731e+01
1.418536800000000042e+01
1.733767199999999775e+01
2.679458400000000040e+01
2.048997599999999863e+01
4.728456000000000437e+00
2.048997599999999863e+01
1.576152000000000086e+01
1.733767200000000130e+01
2.364228000000000307e+01
1.576151999999999909e+01
2.837073600000000084e+01
1.576152000000000086e+01
1.733767200000000130e+01
3.152304000000000173e+01
2.206612799999999908e+01
1.733767200000000130e+01
7.880759999999998655e+00
1.418536800000000042e+01
2.679458400000000040e+01
3.625149600000000305e+01
4.413225599999999815e+01
2.837073600000000084e+01
2.521843199999999996e+01
2.994688800000000128e+01
3.625149600000000305e+01
3.625149600000000305e+01
4.728456000000000437e+00
1.418536799999999864e+01
3.309919200000000217e+01
1.733767200000000130e+01
3.152304000000000173e+01
2.521843199999999996e+01
2.679458400000000040e+01
3.152304000000000173e+01
2.837073600000000084e+01
2.521843199999999996e+01
1.103306399999999954e+01
2.521843199999999996e+01
1.418536800000000220e+01
1.576151999999999731e+01
3.625149600000000305e+01
3.467534400000000261e+01
2.364228000000000307e+01
1.260921599999999998e+01
2.679458400000000040e+01
3.782764800000000349e+01
1.733767200000000130e+01
3.152304000000000528e+01
2.521843199999999996e+01
2.679458400000000040e+01
1.891382400000000175e+01
1.260921599999999998e+01
2.206612799999999908e+01
6.304607999999999990e+00
2.364227999999999952e+01
3.152303999999999817e+01
3.625149600000000305e+01
2.994688800000000128e+01
3.152303999999999817e+01
4.097995199999999727e+01
2.521843199999999996e+01
2.837073600000000084e+01
2.206612800000000263e+01
2.364227999999999952e+01
2.364227999999999952e+01
2.206612799999999908e+01
2.994688800000000128e+01
2.521843199999999996e+01
1.260921599999999998e+01
1.418536800000000042e+01
1.733767199999999775e+01
3.467534400000000261e+01
1.733767200000000130e+01
2.048997600000000219e+01
3.309919200000000217e+01
3.309919200000000217e+01
1.103306400000000131e+01
2.364227999999999952e+01
2.206612799999999908e+01
1.103306400000000131e+01
1.576152000000000086e+01
1.576151999999999731e+01
3.152304000000000173e+01
3.940380000000000393e+01
2.521843199999999996e+01
2.679458400000000040e+01
2.048997599999999863e+01
1.103306400000000131e+01
2.679458400000000040e+01
2.837073600000000084e+01
3.782764800000000349e+01
1.733767200000000130e+01
2.994688800000000128e+01
1.103306399999999954e+01
2.679458400000000040e+01
1.260921599999999998e+01
2.048997599999999863e+01
3.152304000000000173e+01
2.679458400000000040e+01
1.891382400000000175e+01
1.576152000000000086e+01
2.521843199999999996e+01
2.206612799999999908e+01
2.837073599999999729e+01
1.891382400000000175e+01
2.521843199999999996e+01
2.679458400000000040e+01
2.364228000000000307e+01
1.418536800000000042e+01
3.467534400000000261e+01
3.309919200000000217e+01
1.576151999999999731e+01
3.309919200000000217e+01
3.152304000000000173e+01
2.679458400000000040e+01
2.679458400000000040e+01
2.364228000000000307e+01
2.837073600000000084e+01
3.309919200000000217e+01
3.467534399999999550e+01
2.048997599999999863e+01
2.364228000000000307e+01
2.679458400000000040e+01
1.576152000000000086e+01
1.733767199999999775e+01
1.733767199999999775e+01
2.048997600000000219e+01
2.048997599999999863e+01
2.837073600000000084e+01
2.048997599999999863e+01
2.994688800000000128e+01
2.521843199999999996e+01
1.891382400000000175e+01
2.206612799999999908e+01
2.837073600000000084e+01
2.048997600000000219e+01
2.206612799999999908e+01
1.260921599999999998e+01
1.576152000000000086e+01
2.048997599999999863e+01
2.521843199999999996e+01
2.837073600000000084e+01
2.206612799999999908e+01
3.152303999999999107e+00
2.206612800000000263e+01
2.206612799999999908e+01
2.679458400000000040e+01
1.103306399999999954e+01
2.521843199999999996e+01
2.994688800000000128e+01
2.521843199999999996e+01
2.679458400000000040e+01
2.837073600000000084e+01
2.837073600000000084e+01
2.994688800000000128e+01
2.048997600000000219e+01
1.103306400000000131e+01
1.418536799999999864e+01
2.521843199999999996e+01
3.309919200000000217e+01
3.309919200000000217e+01
3.625149600000000305e+01
2.679458400000000040e+01
2.837073600000000084e+01
2.364228000000000307e+01
2.994688800000000128e+01
2.521843200000000351e+01
2.837073600000000084e+01
2.364227999999999952e+01
2.364227999999999952e+01
3.152304000000000173e+01
2.837073600000000084e+01
2.521843199999999996e+01
1.733767200000000130e+01
1.733767199999999775e+01
1.891382400000000530e+01
2.837073600000000084e+01
3.467534400000000261e+01
2.521843199999999996e+01
1.891382400000000175e+01
2.206612799999999908e+01
2.837073600000000084e+01
1.260921599999999998e+01
1.891382400000000175e+01
3.309919200000000217e+01
2.206612799999999908e+01
2.679458400000000040e+01
1.576152000000000086e+01
2.679458400000000040e+01
2.206612799999999908e+01
2.679458400000000040e+01
2.994688800000000128e+01
2.521843199999999996e+01
2.364227999999999952e+01
2.679458400000000040e+01
2.521843199999999996e+01
1.733767200000000130e+01
4.097995200000000438e+01
2.364227999999999952e+01
1.733767200000000130e+01
2.364228000000000307e+01
2.206612799999999908e+01
1.576152000000000086e+01
2.679458400000000040e+01
2.679458400000000040e+01
1.576152000000000086e+01
3.467534400000000261e+01
2.364227999999999952e+01
2.364227999999999952e+01
2.837073600000000084e+01
1.733767200000000130e+01
2.679458400000000040e+01
2.206612800000000263e+01
2.364227999999999952e+01
2.521843199999999996e+01
2.048997599999999863e+01
2.994688800000000128e+01
2.364227999999999952e+01
3.309919200000000217e+01
2.521843199999999996e+01
2.206612799999999908e+01
2.048997599999999863e+01
2.679458400000000040e+01
1.891382400000000175e+01
2.837073600000000084e+01
4.255610400000000482e+01
2.521843199999999996e+01
2.994688800000000128e+01
3.782764800000000349e+01
1.260921599999999998e+01
3.467534400000000261e+01
1.418536800000000042e+01
2.048997599999999863e+01
2.679458400000000040e+01
6.304607999999999990e+00
1.576152000000000086e+01
1.576152000000000264e+01
3.467534400000000261e+01
2.994688800000000484e+01
1.733767200000000130e+01
7.880760000000000431e+00
2.364227999999999952e+01
2.364227999999999952e+01
1.733767199999999775e+01
1.260921599999999998e+01
2.679458400000000040e+01
2.837073599999999729e+01
2.364228000000000307e+01
3.467534400000000261e+01
4.255610400000000482e+01
1.260921600000000176e+01
1.260921600000000176e+01
3.625149600000000305e+01
1.891382399999999819e+01
2.048997599999999863e+01
3.625149600000000305e+01
3.467534400000000261e+01
3.152304000000000173e+01
2.206612799999999908e+01
2.837073600000000084e+01
1.891382400000000175e+01
3.309919200000000217e+01
4.255610399999999771e+01
3.309919200000000217e+01
3.152304000000000173e+01
1.260921599999999998e+01
3.152303999999999817e+01
2.679458400000000040e+01
2.364227999999999952e+01
3.940380000000000393e+01
1.891382400000000175e+01
1.733767200000000130e+01
3.467534399999999550e+01
2.048997599999999863e+01
2.679458400000000040e+01
2.994688800000000128e+01
2.837073600000000084e+01
1.733767200000000130e+01
2.521843199999999996e+01
2.206612800000000263e+01
1.733767199999999775e+01
1.733767199999999775e+01
3.625149600000000305e+01
2.837073600000000084e+01
2.206612799999999908e+01
2.679458400000000040e+01
3.940380000000000393e+01
2.048997599999999863e+01
3.782764800000000349e+01
2.206612799999999908e+01
2.206612800000000263e+01
2.521843199999999996e+01
3.625149600000000305e+01
3.152303999999999817e+01
2.679458400000000040e+01
2.521843199999999996e+01
2.048997600000000219e+01
2.048997600000000219e+01
2.048997600000000219e+01
1.260921599999999998e+01
3.152304000000000173e+01
2.994688800000000128e+01
2.837073600000000084e+01
1.891382400000000175e+01
2.521843199999999996e+01
4.413225600000000526e+01
2.048997599999999863e+01
2.994688800000000128e+01
1.260921599999999998e+01
2.206612799999999908e+01
2.364228000000000307e+01
2.679458400000000040e+01
1.418536799999999864e+01
2.521843199999999996e+01
2.364227999999999952e+01
2.364227999999999952e+01
2.679458400000000040e+01
1.891382399999999819e+01
2.994688800000000128e+01
1.103306399999999954e+01
7.880760000000000431e+00
1.103306399999999954e+01
4.728456000000001325e+00
1.733767200000000130e+01
2.679458400000000040e+01
2.206612799999999908e+01
2.994688800000000128e+01
3.625149600000000305e+01
2.521843199999999996e+01
2.364227999999999952e+01
2.679458400000000040e+01
2.521843199999999996e+01
3.467534400000000261e+01
2.048997599999999863e+01
1.576151999999999909e+01
2.048997599999999863e+01
2.679458400000000040e+01
3.467534399999999550e+01
4.728456000000000614e+01
6.304608000000001766e+00
2.994688800000000128e+01
3.782764800000000349e+01
4.728456000000001325e+00
4.728456000000001325e+00
2.679458400000000040e+01
3.152304000000000173e+01
1.733767200000000130e+01
1.103306399999999954e+01
2.994688800000000128e+01
2.521843199999999996e+01
2.048997599999999863e+01
2.048997600000000219e+01
1.103306400000000131e+01
1.733767200000000486e+01
2.048997599999999863e+01
2.679458400000000040e+01
1.733767199999999775e+01
2.206612799999999908e+01
2.364227999999999952e+01
1.891382399999999819e+01
2.048997599999999863e+01
2.048997599999999863e+01
3.467534399999999550e+01
2.206612799999999908e+01
1.418536800000000042e+01
3.152304000000000173e+01
3.152304000000000173e+01
1.418536800000000220e+01
2.206612800000000263e+01
3.467534400000000261e+01
1.733767199999999775e+01
4.097995199999999727e+01
3.309919200000000217e+01
2.679458400000000040e+01
2.837073600000000084e+01
3.152304000000000173e+01
3.152304000000000173e+01
2.206612800000000263e+01
1.733767199999999775e+01
2.837073600000000084e+01
2.048997600000000219e+01
2.206612799999999908e+01
3.782764799999999639e+01
2.679458400000000040e+01
7.880760000000000431e+00
3.309919200000000217e+01
2.206612799999999908e+01
2.994688800000000128e+01
1.576152000000000086e+01
1.576152000000000086e+01
2.521843199999999996e+01
2.364227999999999952e+01
3.467534400000000261e+01
2.364227999999999952e+01
3.309919200000000217e+01
2.521843199999999996e+01
3.940380000000000393e+01
2.206612799999999908e+01
2.521843199999999996e+01
2.364227999999999952e+01
2.048997600000000219e+01
1.891382400000000175e+01
3.625149600000000305e+01
2.521843199999999996e+01
2.521843199999999996e+01
2.364227999999999952e+01
2.364227999999999952e+01
1.891382399999999819e+01
2.364228000000000307e+01
2.521843200000000351e+01
2.679458400000000040e+01
1.418536800000000042e+01
2.521843199999999996e+01
2.206612799999999908e+01
2.837073599999999729e+01
2.364227999999999952e+01
2.521843199999999996e+01
3.309919200000000217e+01
2.521843199999999996e+01
1.418536799999999864e+01
2.048997599999999863e+01
1.418536799999999864e+01
2.521843199999999996e+01
2.679458400000000040e+01
1.733767199999999775e+01
2.837073600000000084e+01
2.521843199999999996e+01
2.521843199999999996e+01
1.733767199999999775e+01
2.994688800000000128e+01
2.837073600000000084e+01
2.206612799999999908e+01
3.940380000000000393e+01
2.206612799999999908e+01
2.206612799999999908e+01
2.679458400000000040e+01
1.260921599999999820e+01
2.521843199999999996e+01
2.521843199999999996e+01
2.048997599999999863e+01
3.940380000000000393e+01
2.679458400000000040e+01
2.048997600000000219e+01
7.880759999999998655e+00
2.364227999999999952e+01
2.521843200000000351e+01
3.152304000000000173e+01
3.309919200000000217e+01
7.880760000000000431e+00
2.364227999999999952e+01
1.260921599999999998e+01
2.206612799999999908e+01
2.837073600000000084e+01
7.880760000000000431e+00
2.206612799999999908e+01
2.521843200000000351e+01
7.880760000000000431e+00
1.260921599999999998e+01
1.733767200000000130e+01
2.994688800000000128e+01
3.467534400000000261e+01
1.418536799999999864e+01
2.679458400000000040e+01
1.891382399999999819e+01
1.418536800000000042e+01
3.152304000000000173e+01
2.521843199999999996e+01
1.260921599999999998e+01
2.206612799999999908e+01
1.418536800000000042e+01
2.048997600000000219e+01
1.418536800000000042e+01
2.048997599999999863e+01
3.309919200000000217e+01
3.309919200000000217e+01
1.733767200000000130e+01
1.891382400000000175e+01
2.048997600000000219e+01
2.679458400000000040e+01
2.521843200000000351e+01
2.521843199999999996e+01
2.206612799999999908e+01
2.206612800000000263e+01
1.418536800000000042e+01
2.364228000000000307e+01
3.467534400000000261e+01
1.891382399999999819e+01
2.837073600000000084e+01
2.679458400000000040e+01
1.576152000000000086e+01
1.260921599999999998e+01
3.309919200000000217e+01
3.309919200000000217e+01
2.994688800000000128e+01
2.521843199999999996e+01
2.048997599999999863e+01
1.103306399999999776e+01
2.206612799999999908e+01
2.994688800000000128e+01
3.467534399999999550e+01
3.152304000000000173e+01
1.891382400000000175e+01
2.364228000000000307e+01
2.837073600000000084e+01
2.048997599999999863e+01
4.728455999999999548e+00
9.456912000000000873e+00
7.880760000000002208e+00
1.576152000000000086e+01
3.625149600000000305e+01
1.103306399999999954e+01
9.456912000000000873e+00
2.521843199999999996e+01
2.521843199999999996e+01
3.152304000000000173e+01
2.364227999999999952e+01
6.304607999999999990e+00
1.103306399999999954e+01
1.891382399999999819e+01
6.304607999999999990e+00
2.048997599999999863e+01
1.418536800000000042e+01
7.880759999999998655e+00
1.891382399999999819e+01
4.570840800000000570e+01
3.467534400000000261e+01
1.103306399999999954e+01
1.733767200000000130e+01
1.418536800000000042e+01
9.456911999999999097e+00
1.103306399999999954e+01
1.103306399999999954e+01
2.679458400000000040e+01
1.103306399999999954e+01
1.891382399999999819e+01
2.206612799999999908e+01
2.364228000000000307e+01
2.679458400000000040e+01
2.048997599999999863e+01
3.152304000000000173e+01
2.521843199999999996e+01
2.521843199999999996e+01
2.679458400000000040e+01
4.255610399999999771e+01
2.206612800000000263e+01
3.467534399999999550e+01
2.206612799999999908e+01
2.679458400000000040e+01
2.048997599999999863e+01
2.206612799999999908e+01
2.679458400000000040e+01
2.364227999999999952e+01
2.994688800000000128e+01
2.048997599999999863e+01
2.521843199999999996e+01
1.891382400000000175e+01
2.048997600000000219e+01
2.679458400000000040e+01
1.891382400000000175e+01
3.309919200000000217e+01
3.625149600000000305e+01
2.679458400000000040e+01
2.521843200000000351e+01
1.260921599999999998e+01
1.576152000000000086e+01
2.679458400000000040e+01
1.891382400000000175e+01
2.048997600000000219e+01
2.994688800000000128e+01
1.260921600000000176e+01
2.206612799999999908e+01
3.309919200000000217e+01
7.880760000000000431e+00
1.103306399999999954e+01
2.679458400000000040e+01
1.891382399999999819e+01
2.837073600000000084e+01
2.206612800000000263e+01
2.206612799999999908e+01
1.576151999999999909e+01
2.679458400000000040e+01
2.048997599999999863e+01
3.309919200000000217e+01
1.891382400000000175e+01
3.467534399999999550e+01
2.679458400000000040e+01
2.364227999999999952e+01
2.048997600000000219e+01
2.364227999999999952e+01
4.886071200000000658e+01
8.353605600000000209e+01
1.040260320000000007e+02
1.623436560000000100e+02
2.033236079999999788e+02
3.372965280000000234e+02
2.679458399999999756e+02
2.348466480000000161e+02
2.112043679999999881e+02
2.159328240000000392e+02
2.096282160000000090e+02
1.985951519999999846e+02
1.875620879999999886e+02
1.844097840000000019e+02
1.844097840000000019e+02
2.017474559999999713e+02
1.907143920000000037e+02
1.796813280000000077e+02
1.796813280000000077e+02
1.639198079999999891e+02
1.528867439999999931e+02
1.560390479999999798e+02
1.528867440000000215e+02
1.481582879999999989e+02
1.355490719999999953e+02
1.418536799999999971e+02
1.402775280000000180e+02
1.182114000000000118e+02
1.292444639999999936e+02
1.402775280000000180e+02
1.229398560000000202e+02
1.245160080000000136e+02
1.213637039999999843e+02
1.150590960000000109e+02
9.929757599999999229e+01
1.103306400000000167e+02
1.166352480000000043e+02
1.040260319999999865e+02
1.024498800000000074e+02
9.929757599999999229e+01
1.087544880000000092e+02
1.071783360000000158e+02
1.008737279999999998e+02
8.668836000000000297e+01
7.565529600000000698e+01
8.826451200000002473e+01
6.462223199999999679e+01
7.723144800000000032e+01
7.407914399999999944e+01
7.723144800000000032e+01
9.141681599999999719e+01
7.250299200000000610e+01
5.989377599999999546e+01
7.723144800000000032e+01
8.195990399999999454e+01
7.407914400000001365e+01
5.358916799999999370e+01
6.146992800000001012e+01
6.304607999999999635e+01
6.619838400000000433e+01
6.304607999999999635e+01
7.092684000000001276e+01
7.723144800000000032e+01
6.462223199999999679e+01
5.043686400000000702e+01
5.358916799999999370e+01
7.250299200000000610e+01
5.358916800000000080e+01
5.674147200000000879e+01
6.619838400000000433e+01
5.358916800000000791e+01
5.358916800000000080e+01
4.886071200000000658e+01
4.097995199999999727e+01
4.255610399999999771e+01
4.728455999999999904e+01
3.782764800000001060e+01
4.570840799999999859e+01
5.043686399999999281e+01
4.886071200000000658e+01
5.989377600000000257e+01
4.886071199999999948e+01
4.255610400000000482e+01
3.782764800000000349e+01
5.043686400000000702e+01
6.146992800000001012e+01
5.201301600000000747e+01
4.255610399999999061e+01
2.994688800000000128e+01
3.467534400000000261e+01
4.886071199999999237e+01
3.625149600000000305e+01
3.152303999999999462e+01
5.516531999999999414e+01
5.201301600000000747e+01
3.152303999999999817e+01
4.255610400000000482e+01
4.097995199999999727e+01
3.625149600000001016e+01
3.309919199999999506e+01
4.097995199999999727e+01
4.886071200000000658e+01
4.097995200000001148e+01
3.625149600000000305e+01
4.570840800000000570e+01
4.570840800000000570e+01
5.358916800000000080e+01
4.413225599999999815e+01
2.521843199999999996e+01
2.994688799999999773e+01
5.043686399999999992e+01
4.570840800000000570e+01
3.467534400000000971e+01
4.255610399999999061e+01
4.413225599999999815e+01
5.358916800000000080e+01
4.255610400000000482e+01
4.255610399999999771e+01
3.625149600000000305e+01
5.043686400000000702e+01
4.255610400000000482e+01
2.521843199999999641e+01
2.837073600000000084e+01
4.097995199999999727e+01
4.413225599999999815e+01
4.728455999999999904e+01
3.309919200000000217e+01
4.097995199999999727e+01
2.048997599999999863e+01
3.782764799999999639e+01
4.728455999999999193e+01
5.201301599999999326e+01
3.309919200000000217e+01
3.152304000000000173e+01
3.940380000000000393e+01
5.043686399999999992e+01
5.201301599999999326e+01
2.679458400000000040e+01
4.097995199999999727e+01
3.467534399999999550e+01
3.152303999999999817e+01
3.940379999999999683e+01
4.255610400000000482e+01
3.625149600000000305e+01
2.837073600000000440e+01
5.201301600000000747e+01
4.728455999999999193e+01
2.994688799999999773e+01
4.097995200000000438e+01
2.521843199999999641e+01
3.467534399999999550e+01
3.940380000000000393e+01
3.467534399999999550e+01
3.625149600000000305e+01
4.728455999999999904e+01
3.940380000000000393e+01
5.358916800000000080e+01
3.309919200000000217e+01
3.152303999999999817e+01
3.467534399999999550e+01
3.309919199999999506e+01
2.994688799999999773e+01
4.728455999999999193e+01
4.728455999999999193e+01
2.994688799999999773e+01
1.891382400000000530e+01
3.152303999999999817e+01
4.255610399999999771e+01
3.782764799999999639e+01
3.467534399999999550e+01
2.206612800000000263e+01
3.782764799999999639e+01
3.782764800000000349e+01
3.625149599999999595e+01
3.940379999999999683e+01
4.255610399999999771e+01
3.309919200000000217e+01
3.309919200000000217e+01
2.994688799999999773e+01
2.521843199999999996e+01
3.782764800000000349e+01
4.255610400000000482e+01
3.152304000000000528e+01
4.097995199999999727e+01
2.521843200000000351e+01
3.782764799999999639e+01
4.570840799999999149e+01
3.309919200000000217e+01
2.994688800000000128e+01
3.782764799999999639e+01
3.467534400000000971e+01
3.309919200000000217e+01
3.940380000000000393e+01
3.152303999999999817e+01
3.309919200000000217e+01
3.940379999999999683e+01
2.364228000000000307e+01
3.467534400000000971e+01
2.206612800000000263e+01
3.467534399999999550e+01
2.837073600000000084e+01
4.886071199999999948e+01
2.837073600000000440e+01
3.309919200000000217e+01
2.994688799999999773e+01
3.782764799999999639e+01
4.255610399999999771e+01
1.733767200000000130e+01
2.364228000000000307e+01
3.309919200000000217e+01
3.625149600000000305e+01
3.625149599999999595e+01
3.309919200000000217e+01
3.625149599999999595e+01
3.309919200000000217e+01
3.309919200000000217e+01
5.043686399999999992e+01
4.255610400000000482e+01
1.418536800000000397e+01
1.260921600000000353e+01
2.048997600000000219e+01
2.521843200000000351e+01
4.886071199999999948e+01
3.152303999999999817e+01
3.152304000000000528e+01
2.521843200000000706e+01
2.364228000000000307e+01
2.364228000000000307e+01
2.994688800000000128e+01
3.625149599999999595e+01
2.837073600000000440e+01
1.891382400000000175e+01
2.048997600000000219e+01
3.467534400000000971e+01
3.309919200000000217e+01
2.364228000000000307e+01
2.206612799999999908e+01
2.679458400000000040e+01
2.994688800000000484e+01
2.837073599999999729e+01
2.837073599999999729e+01
4.255610399999999771e+01
2.364227999999999597e+01
2.994688799999999418e+01
3.782764800000000349e+01
3.152304000000000173e+01
3.940380000000000393e+01
3.467534400000000261e+01
2.364227999999999597e+01
2.679458400000000040e+01
2.521843199999999641e+01
2.679458400000000395e+01
3.309919200000000217e+01
2.521843199999999641e+01
3.152304000000000173e+01
3.152303999999999817e+01
3.782764799999999639e+01
2.679458399999999685e+01
3.467534399999999550e+01
4.413225599999999815e+01
3.152303999999999817e+01
4.255610400000000482e+01
3.309919200000000217e+01
3.625149600000000305e+01
2.994688800000000128e+01
3.309919200000000217e+01
2.048997599999999508e+01
3.309919200000000217e+01
2.679458399999999685e+01
3.152303999999999462e+01
5.043686399999999992e+01
3.152303999999999817e+01
2.994688800000000484e+01
3.467534399999999550e+01
3.625149600000000305e+01
2.994688799999999418e+01
2.206612800000000618e+01
3.309919200000000217e+01
4.255610399999999771e+01
3.782764799999999639e+01
3.467534399999999550e+01
3.152304000000000173e+01
1.260921599999999998e+01
2.521843199999999996e+01
3.625149600000000305e+01
2.679458400000000040e+01
2.994688800000000128e+01
3.152303999999999817e+01
2.679458399999999685e+01
4.886071199999999948e+01
5.516532000000000124e+01
1.891382400000000175e+01
1.733767200000000486e+01
3.152304000000000528e+01
4.097995199999999727e+01
3.152303999999999462e+01
2.206612799999999908e+01
2.364228000000000307e+01
1.576152000000000442e+00
9.456912000000002649e+00
1.103306400000000309e+01
3.782764799999999639e+01
2.994688800000000484e+01
2.364228000000000307e+01
1.260921599999999998e+01
2.994688800000000484e+01
3.309919200000000217e+01
3.782764799999999639e+01
3.309919200000000217e+01
3.625149600000000305e+01
2.994688800000000484e+01
2.679458400000000040e+01
2.048997600000000219e+01
4.097995199999999727e+01
3.782764800000000349e+01
3.152303999999999817e+01
3.625149600000000305e+01
1.891382400000000175e+01
3.625149600000000305e+01
3.940380000000000393e+01
1.891382400000000175e+01
1.891382399999999819e+01
2.206612800000000263e+01
3.309919200000000217e+01
3.467534399999999550e+01
3.625149600000000305e+01
1.260921600000000353e+01
3.467534400000000971e+01
2.048997600000000219e+01
2.048997599999999863e+01
3.782764799999999639e+01
2.364228000000000307e+01
1.576151999999999376e+01
2.364227999999999952e+01
3.309919200000000217e+01
3.309919200000000217e+01
3.152303999999999462e+01
2.206612800000000263e+01
2.206612799999999908e+01
2.048997599999999508e+01
1.891382400000000175e+01
1.418536800000000042e+01
4.570840799999999859e+01
4.728455999999999904e+01
3.152304000000000528e+01
2.994688800000000128e+01
3.467534400000000261e+01
1.103306400000000309e+01
2.837073600000000440e+01
2.364227999999999952e+01
2.837073599999999729e+01
2.048997600000000219e+01
2.206612800000000618e+01
3.940379999999999683e+01
3.309919200000000217e+01
2.048997599999999508e+01
3.309919200000000217e+01
1.733767199999999420e+01
9.456911999999999097e+00
2.994688800000000484e+01
2.206612799999999552e+01
7.880759999999998655e+00
2.994688799999999773e+01
4.728456000000000614e+01
3.309919200000000217e+01
2.364227999999999952e+01
3.625149600000000305e+01
2.837073599999999729e+01
1.260921599999999643e+01
2.521843199999999641e+01
2.679458399999999685e+01
2.679458400000000040e+01
2.206612800000000263e+01
3.782764800000000349e+01
2.994688799999999773e+01
2.837073600000000440e+01
4.570840799999999859e+01
2.679458400000000395e+01
3.309919199999999506e+01
1.891382399999999819e+01
3.782764799999999639e+01
3.152303999999999462e+01
1.891382400000000175e+01
2.679458399999999685e+01
2.364228000000000307e+01
3.467534399999999550e+01
4.255610400000000482e+01
3.309919200000000217e+01
3.152303999999999817e+01
3.782764799999999639e+01
3.152304000000000528e+01
3.467534400000000261e+01
1.103306399999999599e+01
4.255610399999999771e+01
3.309919200000000217e+01
2.364228000000000307e+01
3.625149600000000305e+01
2.837073600000000084e+01
3.625149600000000305e+01
2.994688799999999773e+01
2.679458399999999685e+01
3.940379999999999683e+01
3.309919200000000217e+01
2.048997599999999508e+01
2.206612799999999552e+01
3.152304000000000173e+01
3.467534400000000261e+01
4.728455999999999904e+01
3.467534399999999550e+01
1.418536800000000397e+01
2.679458399999999330e+01
2.521843200000000351e+01
1.891382400000000175e+01
1.733767200000000130e+01
2.679458400000000395e+01
2.837073600000000440e+01
3.782764800000000349e+01
2.521843199999999996e+01
3.309919200000000217e+01
3.782764800000000349e+01
3.940379999999999683e+01
3.309919200000000217e+01
3.152304000000000173e+01
1.260921599999999287e+01
3.152304000000000528e+01
2.679458400000000040e+01
3.625149600000000305e+01
4.097995199999999727e+01
4.255610399999999771e+01
2.048997600000000219e+01
2.521843200000000706e+01
3.152304000000000528e+01
2.521843200000000706e+01
2.521843199999999996e+01
3.309919200000000217e+01
3.152303999999999462e+01
2.206612800000000263e+01
1.733767200000000130e+01
3.309919200000000217e+01
2.206612799999999908e+01
3.152304000000000173e+01
3.152304000000000528e+01
2.521843200000000351e+01
2.364228000000000307e+01
2.994688800000000128e+01
3.309919200000000217e+01
3.467534399999999550e+01
2.521843199999999641e+01
2.679458400000000395e+01
1.260921600000000353e+01
3.152304000000000528e+01
3.152303999999999462e+01
3.152304000000000528e+01
1.418536800000000042e+01
1.418536800000000042e+01
3.782764799999999639e+01
2.206612800000000263e+01
2.048997600000000219e+01
3.467534400000000261e+01
2.837073599999999729e+01
4.097995199999999727e+01
3.309919200000000217e+01
2.679458400000000395e+01
3.309919200000000217e+01
2.521843199999999996e+01
2.364227999999999597e+01
3.152303999999999462e+01
3.940380000000000393e+01
2.679458400000000040e+01
1.733767200000000486e+01
2.994688800000000128e+01
3.309919200000000217e+01
2.364227999999999597e+01
3.152303999999999817e+01
2.994688799999999773e+01
2.364228000000000307e+01
2.994688800000000128e+01
9.456912000000002649e+00
3.309919200000000217e+01
2.837073600000000084e+01
3.152304000000000528e+01
2.994688800000000128e+01
2.994688800000000128e+01
2.679458400000000040e+01
3.152304000000000173e+01
1.891382399999999819e+01
1.891382400000000175e+01
1.891382400000000530e+01
3.625149600000000305e+01
2.837073600000000440e+01
2.364227999999999952e+01
2.837073599999999729e+01
2.994688800000000128e+01
2.521843199999999996e+01
2.364227999999999952e+01
3.152304000000000528e+01
3.782764800000000349e+01
2.364228000000000307e+01
3.152303999999999817e+01
3.467534400000000261e+01
3.625149600000000305e+01
3.309919199999999506e+01
4.413225599999999815e+01
3.940380000000000393e+01
3.152304000000000173e+01
1.891382400000000530e+01
2.521843199999999996e+01
2.994688800000000484e+01
2.679458400000000395e+01
3.467534399999999550e+01
2.679458400000000040e+01
3.152303999999999462e+01
3.152304000000000173e+01
3.152304000000000528e+01
2.364227999999999597e+01
1.576152000000000442e+01
2.364228000000000307e+01
2.837073599999999729e+01
3.152304000000000528e+01
3.309919200000000217e+01
3.309919200000000217e+01
2.364227999999999597e+01
2.364228000000000307e+01
2.048997599999999863e+01
1.576152000000000442e+01
1.418536800000000042e+01
1.260921599999999998e+01
2.048997600000000219e+01
3.940380000000000393e+01
3.309919199999999506e+01
3.309919200000000217e+01
2.521843199999999996e+01
2.364228000000000307e+01
2.994688800000000484e+01
1.733767200000000130e+01
4.097995200000000438e+01
2.048997600000000219e+01
1.260921599999999998e+01
2.994688800000000128e+01
2.994688800000000128e+01
1.891382400000000530e+01
3.152304000000000528e+01
2.679458400000000040e+01
2.994688799999999418e+01
2.364228000000000307e+01
4.097995199999999727e+01
3.467534399999999550e+01
2.048997599999999508e+01
1.576151999999999376e+01
2.837073600000000440e+01
2.994688799999999773e+01
2.206612800000000263e+01
1.576152000000000086e+01
2.364228000000000307e+01
2.837073600000000084e+01
2.048997599999999863e+01
3.152304000000000173e+01
3.309919200000000217e+01
2.206612800000000618e+01
1.103306400000000309e+01
2.994688799999999418e+01
2.521843199999999996e+01
2.837073600000000084e+01
3.940379999999999683e+01
2.048997600000000219e+01
1.576152000000000086e+01
2.364228000000000307e+01
2.837073600000000084e+01
2.994688800000000128e+01
1.418536800000000042e+01
2.206612800000000263e+01
3.782764799999999639e+01
2.994688800000000484e+01
1.891382400000000175e+01
2.206612800000000263e+01
3.152303999999999462e+01
2.837073600000000084e+01
3.309919200000000217e+01
2.521843199999999641e+01
2.048997600000000574e+01
2.994688799999999773e+01
2.048997600000000219e+01
2.048997600000000219e+01
2.206612799999999908e+01
2.048997600000000574e+01
1.891382400000000175e+01
3.152304000000000528e+01
3.309919200000000217e+01
2.994688800000000128e+01
2.521843200000000351e+01
3.940380000000000393e+01
2.206612800000000263e+01
2.521843200000000351e+01
1.576152000000000442e+00
6.304607999999998214e+00
4.097995200000000438e+01
2.206612800000000263e+01
3.152304000000000173e+01
4.886071199999999948e+01
2.364227999999999952e+01
2.679458399999999330e+01
2.837073600000000084e+01
2.994688800000000484e+01
2.206612799999999552e+01
2.994688799999999773e+01
1.733767200000000130e+01
2.994688800000000128e+01
2.521843199999999996e+01
1.891382400000000530e+01
2.364227999999999597e+01
2.364228000000000307e+01
2.048997600000000219e+01
3.152303999999999462e+01
3.309919200000000217e+01
2.048997599999999863e+01
2.994688800000000128e+01
2.521843199999999996e+01
2.837073600000000440e+01
1.891382400000000175e+01
2.679458400000000395e+01
2.521843199999999996e+01
1.891382400000000175e+01
1.733767200000000486e+01
2.679458400000000040e+01
3.625149600000000305e+01
3.467534400000000261e+01
3.152304000000000173e+01
3.467534400000000261e+01
2.521843199999999641e+01
1.103306399999999954e+01
2.679458400000000040e+01
1.891382400000000175e+01
2.679458400000000040e+01
3.467534399999999550e+01
3.152304000000000173e+01
7.880760000000002208e+00
2.837073599999999729e+01
2.679458400000000395e+01
2.994688800000000484e+01
3.467534400000000971e+01
2.837073600000000440e+01
4.097995200000000438e+01
2.206612799999999908e+01
5.043686400000000702e+01
4.413225599999999815e+01
3.152304000000000528e+01
3.152304000000000173e+01
3.467534400000000261e+01
2.837073600000000084e+01
2.364227999999999952e+01
3.467534400000000261e+01
1.733767200000000130e+01
1.576152000000000086e+01
3.467534400000000261e+01
2.364228000000000307e+01
1.576152000000000086e+01
2.994688800000000128e+01
2.679458399999999685e+01
3.309919199999999506e+01
2.206612800000000263e+01
2.206612800000000263e+01
2.679458400000000040e+01
2.048997599999999508e+01
1.576152000000000442e+01
2.521843200000000706e+01
4.728455999999999904e+01
2.994688799999999418e+01
2.364227999999999952e+01
2.679458399999999330e+01
2.994688799999999418e+01
3.782764800000000349e+01
4.570840799999999859e+01
2.364227999999999952e+01
2.364227999999999952e+01
2.994688800000000128e+01
2.206612799999999908e+01
3.625149600000000305e+01
3.309919200000000217e+01
5.358916800000000791e+01
1.418536800000000042e+01
2.679458399999999330e+01
2.364228000000000662e+01
2.679458400000000395e+01
2.206612799999999908e+01
3.309919200000000217e+01
3.152304000000000528e+01
3.152304000000000173e+01
2.837073600000000084e+01
3.782764800000000349e+01
3.625149599999999595e+01
3.309919200000000217e+01
2.364228000000000662e+01
3.467534400000000261e+01
3.940379999999999683e+01
3.625149599999999595e+01
2.521843199999999641e+01
2.521843200000000706e+01
1.891382400000000175e+01
1.260921600000000353e+01
1.891382399999999819e+01
4.413225600000000526e+01
2.994688799999999418e+01
2.994688799999999418e+01
2.837073600000000084e+01
3.152304000000000173e+01
1.418536800000000397e+01
3.625149600000000305e+01
4.097995200000000438e+01
3.782764800000000349e+01
2.837073600000000084e+01
2.994688799999999418e+01
2.994688799999999773e+01
2.048997599999999508e+01
2.837073600000000440e+01
3.309919200000000217e+01
2.837073600000000084e+01
2.364228000000000307e+01
3.625149600000000305e+01
2.521843200000000351e+01
2.206612799999999552e+01
2.364227999999999597e+01
3.625149599999999595e+01
2.679458400000000040e+01
2.679458400000000040e+01
3.625149599999999595e+01
2.364227999999999952e+01
2.048997600000000219e+01
3.152304000000000173e+01
2.364227999999999597e+01
2.837073600000000084e+01
3.309919200000000217e+01
2.994688800000000128e+01
3.625149599999999595e+01
3.467534400000000261e+01
1.891382400000000530e+01
2.206612799999999908e+01
2.521843200000000351e+01
2.679458400000000395e+01
2.364227999999999952e+01
2.679458399999999330e+01
2.048997599999999863e+01
2.048997599999999863e+01
3.152303999999999462e+01
3.152304000000000173e+01
2.364227999999999597e+01
1.103306400000000664e+01
3.309919200000000217e+01
3.309919199999999506e+01
2.521843200000000351e+01
3.625149600000000305e+01
4.097995200000000438e+01
3.309919200000000217e+01
3.309919200000000217e+01
3.467534400000000261e+01
7.880760000000002208e+00
1.260921600000000353e+01
2.048997599999999863e+01
2.994688800000000128e+01
3.782764799999999639e+01
3.782764800000000349e+01
2.364228000000000307e+01
1.103306399999999954e+01
1.576152000000000086e+01
4.728455999999999904e+01
3.467534399999999550e+01
1.260921599999999820e+01
2.206612800000000618e+01
1.733767200000000130e+01
3.309919199999999506e+01
2.679458399999999330e+01
1.891382400000000175e+01
3.782764800000000349e+01
2.679458400000000040e+01
3.309919199999999506e+01
2.521843199999999641e+01
3.152303999999999817e+01
3.152304000000000173e+01
2.048997600000000574e+01
2.521843199999999996e+01
2.837073600000000084e+01
1.891382400000000530e+01
2.364227999999999952e+01
3.625149600000000305e+01
3.467534399999999550e+01
3.782764800000000349e+01
1.891382399999999819e+01
2.206612800000000263e+01
2.364227999999999597e+01
3.782764800000000349e+01
3.782764800000000349e+01
2.994688799999999773e+01
2.837073599999999729e+01
3.940379999999999683e+01
2.521843199999999996e+01
3.467534399999999550e+01
2.206612799999999908e+01
3.309919200000000217e+01
2.364227999999999952e+01
2.679458400000000040e+01
2.994688800000000484e+01
3.625149599999999595e+01
3.625149600000000305e+01
2.048997600000000574e+01
3.782764799999999639e+01
4.097995199999999727e+01
3.625149600000000305e+01
1.418536800000000397e+01
3.309919200000000217e+01
2.994688800000000128e+01
3.782764799999999639e+01
3.309919199999999506e+01
2.206612799999999908e+01
1.733767200000000130e+01
2.679458400000000395e+01
1.891382400000000175e+01
3.467534400000000261e+01
3.309919200000000217e+01
3.309919200000000217e+01
3.782764799999999639e+01
4.097995199999999727e+01
1.576152000000000086e+01
2.206612799999999908e+01
3.782764800000000349e+01
3.782764800000000349e+01
2.679458400000000395e+01
2.364227999999999952e+01
2.837073600000000084e+01
2.364228000000000662e+01
3.467534400000000261e+01
2.364227999999999597e+01
2.364227999999999952e+01
2.206612799999999908e+01
2.364228000000000307e+01
1.891382400000000175e+01
1.260921599999999998e+01
1.418536800000000042e+01
1.418536800000000220e+01
1.733767199999999775e+01
2.679458400000000040e+01
2.364227999999999952e+01
2.206612799999999908e+01
1.418536799999999864e+01
3.940380000000000393e+01
3.309919199999999506e+01
4.097995199999999727e+01
2.994688800000000484e+01
2.048997599999999863e+01
2.521843200000000351e+01
9.456912000000000873e+00
2.679458400000000040e+01
3.467534400000000261e+01
2.364228000000000307e+01
1.891382400000000175e+01
2.364228000000000307e+01
2.679458399999999685e+01
2.994688800000000128e+01
2.837073600000000084e+01
3.152304000000000173e+01
2.994688800000000128e+01
3.467534400000000261e+01
2.679458400000000040e+01
2.994688800000000484e+01
1.576152000000000086e+01
1.576152000000000086e+01
1.576152000000000442e+01
2.206612799999999908e+01
3.467534400000000261e+01
2.048997599999999863e+01
4.413225600000000526e+01
3.940379999999999683e+01
2.206612800000000263e+01
2.994688800000000128e+01
1.576151999999999909e+01
1.103306399999999954e+01
1.418536800000000397e+01
2.206612800000000263e+01
1.733767200000000130e+01
1.891382400000000175e+01
2.048997600000000574e+01
2.364227999999999952e+01
2.206612800000000263e+01
2.679458399999999685e+01
3.309919200000000217e+01
4.097995199999999727e+01
2.521843199999999996e+01
1.418536800000000042e+01
3.152303999999999462e+01
2.048997599999999863e+01
1.733767200000000130e+01
2.837073599999999729e+01
2.048997600000000219e+01
2.679458399999999330e+01
2.206612799999999908e+01
3.309919200000000217e+01
2.837073599999999729e+01
2.837073599999999729e+01
3.309919200000000217e+01
2.521843199999999996e+01
4.097995199999999727e+01
4.413225599999999815e+01
2.048997599999999863e+01
2.521843199999999996e+01
4.097995200000000438e+01
2.679458399999999330e+01
2.364228000000000307e+01
2.364227999999999952e+01
2.364227999999999952e+01
1.576152000000000442e+01
2.521843200000000351e+01
2.837073600000000084e+01
1.576152000000000442e+01
2.364227999999999952e+01
2.206612800000000263e+01
1.891382400000000175e+01
2.048997600000000219e+01
1.891382400000000175e+01
3.309919200000000217e+01
2.679458400000000040e+01
2.521843199999999996e+01
2.206612799999999908e+01
2.679458400000000040e+01
3.782764799999999639e+01
2.521843200000000706e+01
3.152304000000000173e+01
2.837073600000000084e+01
3.309919200000000217e+01
3.152304000000000528e+01
3.309919200000000217e+01
1.891382400000000175e+01
2.837073599999999729e+01
2.521843200000000351e+01
2.521843199999999996e+01
2.837073600000000084e+01
4.097995199999999727e+01
2.364227999999999952e+01
3.309919200000000217e+01
3.309919200000000217e+01
3.152303999999999462e+01
3.152304000000000173e+01
5.201301600000000747e+01
3.309919200000000217e+01
2.994688800000000484e+01
2.837073600000000084e+01
2.048997599999999863e+01
1.576152000000000086e+01
1.418536800000000042e+01
1.103306399999999954e+01
1.103306399999999954e+01
4.097995200000000438e+01
3.625149600000000305e+01
3.625149600000000305e+01
2.679458400000000040e+01
3.309919200000000217e+01
3.940379999999999683e+01
3.152304000000000173e+01
2.521843199999999996e+01
2.837073600000000084e+01
2.679458400000000395e+01
1.103306399999999954e+01
2.994688800000000484e+01
2.364228000000000307e+01
2.521843200000000706e+01
3.782764800000000349e+01
4.255610400000000482e+01
2.994688800000000128e+01
2.206612800000000263e+01
3.152304000000000528e+01
3.152304000000000173e+01
1.733767200000000130e+01
2.679458400000000395e+01
2.679458400000000395e+01
1.733767199999999775e+01
1.733767199999999775e+01
1.733767199999999775e+01
3.152304000000000173e+01
2.206612800000000618e+01
2.679458400000000395e+01
3.309919200000000217e+01
1.733767200000000130e+01
2.048997600000000574e+01
4.570840800000000570e+01
3.152304000000000528e+01
2.048997599999999863e+01
2.048997599999999863e+01
2.364227999999999952e+01
1.418536799999999864e+01
1.891382400000000175e+01
2.679458400000000395e+01
3.467534399999999550e+01
1.891382400000000175e+01
3.467534400000000261e+01
2.679458400000000040e+01
1.103306399999999776e+01
2.048997600000000219e+01
1.260921600000000176e+01
3.309919200000000217e+01
3.309919200000000217e+01
2.994688800000000128e+01
1.418536800000000042e+01
2.521843199999999996e+01
2.048997599999999863e+01
2.679458400000000040e+01
2.679458400000000040e+01
2.679458400000000040e+01
2.048997599999999508e+01
3.152304000000000173e+01
1.418536800000000042e+01
2.206612800000000618e+01
2.364227999999999952e+01
2.837073600000000084e+01
2.521843199999999996e+01
2.048997600000000219e+01
3.467534400000000261e+01
3.467534400000000261e+01
1.576152000000000442e+01
2.206612800000000618e+01
2.364227999999999952e+01
3.625149600000000305e+01
2.837073600000000084e+01
3.625149600000000305e+01
2.521843199999999996e+01
2.206612800000000263e+01
2.994688800000000128e+01
2.048997600000000219e+01
2.364228000000000307e+01
3.625149599999999595e+01
3.152304000000000173e+01
3.152304000000000173e+01
2.994688800000000128e+01
2.364227999999999952e+01
2.206612800000000263e+01
3.625149600000000305e+01
2.994688800000000128e+01
2.364227999999999952e+01
3.467534400000000261e+01
2.837073599999999729e+01
3.625149599999999595e+01
2.837073599999999729e+01
3.782764799999999639e+01
5.043686400000000702e+01
3.309919200000000217e+01
2.994688800000000128e+01
3.940379999999999683e+01
3.625149600000000305e+01
2.048997600000000219e+01
2.364228000000000662e+01
3.625149600000000305e+01
4.255610400000000482e+01
2.994688800000000484e+01
2.679458400000000395e+01
1.891382400000000175e+01
2.994688800000000128e+01
3.152304000000000173e+01
2.521843199999999996e+01
2.364227999999999952e+01
2.206612799999999908e+01
3.467534400000000261e+01
1.260921600000000176e+01
3.467534400000000261e+01
4.255610400000000482e+01
2.837073599999999729e+01
1.891382400000000175e+01
2.206612800000000618e+01
3.625149600000000305e+01
2.994688800000000128e+01
2.206612800000000263e+01
1.891382400000000530e+01
2.048997599999999863e+01
2.364227999999999952e+01
2.048997599999999863e+01
1.418536799999999864e+01
2.679458400000000040e+01
2.364227999999999952e+01
2.206612799999999908e+01
3.152304000000000173e+01
2.048997599999999863e+01
2.364228000000000307e+01
2.048997600000000574e+01
1.260921599999999998e+01
2.048997600000000219e+01
2.837073600000000440e+01
1.418536800000000042e+01
2.364227999999999952e+01
2.364227999999999952e+01
3.467534400000000261e+01
2.364228000000000307e+01
3.309919200000000217e+01
3.467534400000000261e+01
1.576152000000000442e+00
1.891382400000000530e+01
2.048997600000000574e+01
2.521843200000000706e+01
3.625149600000000305e+01
3.940379999999999683e+01
1.733767199999999775e+01
1.733767199999999775e+01
2.206612799999999908e+01
2.994688800000000128e+01
3.467534399999999550e+01
4.255610400000000482e+01
2.206612800000000263e+01
3.782764800000000349e+01
3.782764799999999639e+01
3.467534399999999550e+01
5.043686399999999992e+01
3.152304000000000173e+01
1.891382399999999819e+01
2.837073599999999729e+01
3.152303999999999462e+01
2.206612799999999908e+01
3.467534400000000261e+01
2.994688800000000484e+01
3.152304000000000173e+01
3.309919200000000217e+01
2.206612800000000618e+01
3.940379999999999683e+01
2.994688799999999418e+01
1.418536800000000397e+01
3.309919200000000217e+01
2.206612799999999908e+01
2.994688800000000128e+01
2.994688799999999418e+01
3.625149599999999595e+01
3.152304000000000173e+01
2.206612799999999908e+01
2.521843199999999996e+01
4.097995200000000438e+01
3.625149600000000305e+01
2.364228000000000307e+01
2.679458400000000040e+01
2.994688800000000128e+01
2.679458400000000040e+01
2.679458400000000040e+01
1.260921599999999820e+01
3.782764800000000349e+01
2.994688800000000128e+01
3.782764800000000349e+01
2.679458400000000040e+01
2.679458400000000040e+01
9.456911999999999097e+00
3.152304000000000173e+01
3.782764800000000349e+01
2.206612799999999908e+01
2.364228000000000662e+01
2.206612799999999908e+01
1.418536800000000042e+01
2.048997600000000219e+01
2.837073600000000084e+01
3.152304000000000173e+01
2.206612800000000263e+01
4.097995200000000438e+01
2.679458399999999330e+01
2.679458400000000395e+01
2.206612799999999908e+01
2.521843199999999996e+01
2.048997599999999863e+01
2.521843199999999996e+01
3.152304000000000173e+01
3.625149600000000305e+01
2.679458400000000395e+01
3.625149599999999595e+01
3.152304000000000173e+01
5.201301600000000036e+01
3.625149600000000305e+01
3.309919200000000217e+01
3.625149600000000305e+01
3.467534400000000261e+01
4.097995200000000438e+01
2.837073600000000084e+01
2.364227999999999952e+01
3.467534399999999550e+01
2.837073600000000084e+01
2.521843200000000351e+01
2.521843199999999996e+01
2.994688800000000128e+01
3.309919200000000217e+01
2.679458400000000040e+01
3.309919200000000217e+01
3.940380000000000393e+01
4.570840799999999859e+01
2.206612799999999908e+01
1.260921599999999998e+01
2.364227999999999952e+01
2.048997600000000219e+01
2.994688800000000128e+01
3.152304000000000173e+01
2.521843199999999996e+01
2.994688800000000128e+01
2.837073600000000084e+01
2.994688800000000128e+01
2.837073600000000084e+01
2.048997599999999863e+01
1.891382399999999819e+01
1.418536800000000397e+01
2.364228000000000307e+01
1.891382400000000175e+01
2.679458400000000040e+01
2.994688800000000128e+01
1.576152000000000264e+01
2.837073600000000084e+01
2.521843199999999996e+01
2.679458400000000040e+01
2.521843200000000351e+01
3.467534400000000261e+01
3.152304000000000173e+01
3.152304000000000173e+01
4.097995199999999727e+01
2.364228000000000307e+01
3.152304000000000173e+01
1.891382400000000175e+01
2.679458400000000395e+01
3.467534400000000261e+01
1.733767200000000486e+01
2.048997599999999863e+01
2.364228000000000662e+01
3.782764800000000349e+01
3.782764800000000349e+01
3.467534399999999550e+01
2.679458400000000040e+01
3.309919200000000217e+01
2.679458400000000040e+01
2.364227999999999952e+01
2.048997600000000219e+01
4.255610399999999771e+01
2.521843199999999996e+01
3.309919200000000217e+01
2.206612799999999908e+01
2.521843199999999996e+01
1.260921599999999998e+01
3.152304000000000173e+01
2.994688800000000128e+01
3.625149599999999595e+01
3.152304000000000173e+01
4.097995199999999727e+01
4.413225599999999815e+01
4.097995199999999727e+01
2.679458400000000040e+01
3.152304000000000173e+01
3.152304000000000528e+01
3.152304000000000528e+01
3.782764800000000349e+01
3.625149600000000305e+01
2.521843199999999996e+01
3.152304000000000173e+01
3.152304000000000173e+01
2.837073600000000084e+01
3.152304000000000173e+01
2.994688800000000128e+01
3.152304000000000173e+01
2.994688800000000484e+01
1.733767200000000130e+01
2.364227999999999952e+01
2.679458400000000040e+01
3.782764800000000349e+01
3.309919200000000217e+01
2.679458400000000395e+01
2.994688800000000128e+01
4.097995199999999727e+01
4.413225600000000526e+01
2.364227999999999952e+01
2.521843199999999996e+01
3.152304000000000173e+01
2.837073600000000440e+01
2.206612799999999908e+01
2.364227999999999952e+01
2.521843199999999996e+01
1.576151999999999909e+01
2.048997599999999863e+01
3.625149600000000305e+01
4.728456000000000614e+01
3.309919200000000217e+01
3.782764800000000349e+01
3.467534400000000261e+01
4.255610400000000482e+01
3.940379999999999683e+01
2.364227999999999952e+01
1.891382400000000175e+01
3.152303999999999462e+01
2.994688800000000128e+01
2.521843199999999996e+01
2.521843200000000706e+01
1.260921599999999998e+01
1.260921599999999998e+01
3.152304000000000173e+01
3.782764799999999639e+01
3.152304000000000173e+01
3.940380000000000393e+01
2.679458400000000040e+01
2.206612799999999908e+01
2.837073600000000440e+01
2.994688800000000128e+01
2.994688799999999773e+01
3.309919200000000217e+01
4.097995200000000438e+01
4.413225599999999815e+01
3.467534400000000261e+01
3.309919200000000217e+01
3.625149600000000305e+01
3.940380000000000393e+01
3.152304000000000528e+01
3.309919200000000217e+01
2.048997600000000574e+01
2.837073600000000084e+01
3.309919200000000217e+01
3.152304000000000173e+01
2.837073600000000084e+01
1.418536800000000042e+01
1.891382400000000175e+01
2.364227999999999952e+01
2.837073600000000084e+01
3.782764799999999639e+01
2.364227999999999952e+01
3.782764800000000349e+01
3.782764800000000349e+01
3.467534400000000261e+01
2.521843200000000706e+01
2.837073600000000084e+01
4.255610400000000482e+01
2.837073600000000084e+01
2.364227999999999952e+01
3.625149599999999595e+01
3.782764800000000349e+01
3.152303999999999462e+01
3.152304000000000173e+01
5.043686399999999992e+01
2.994688800000000128e+01
2.679458400000000040e+01
3.467534400000000261e+01
3.782764800000000349e+01
3.309919200000000217e+01
2.994688800000000484e+01
3.467534399999999550e+01
4.255610400000000482e+01
4.728456000000000614e+01
3.782764800000000349e+01
4.097995199999999727e+01
2.048997600000000219e+01
2.521843199999999996e+01
1.891382400000000175e+01
1.733767200000000130e+01
2.679458400000000040e+01
3.152304000000000173e+01
2.837073600000000440e+01
2.364227999999999952e+01
1.733767200000000486e+01
2.679458400000000040e+01
3.309919200000000217e+01
2.994688800000000128e+01
2.048997599999999863e+01
1.418536800000000042e+01
2.521843199999999996e+01
3.625149600000000305e+01
2.837073600000000084e+01
2.206612800000000263e+01
3.152304000000000173e+01
2.994688800000000128e+01
1.260921599999999998e+01
9.456912000000000873e+00
2.837073600000000084e+01
3.940379999999999683e+01
3.940380000000000393e+01
4.255610400000000482e+01
3.309919200000000217e+01
2.206612800000000618e+01
2.679458400000000040e+01
2.048997599999999863e+01
1.891382400000000530e+01
2.679458400000000040e+01
2.521843199999999996e+01
2.364227999999999952e+01
1.891382399999999819e+01
3.152304000000000173e+01
1.891382400000000175e+01
7.880759999999998655e+00
3.152303999999999462e+01
1.733767199999999775e+01
3.309919200000000217e+01
2.679458400000000395e+01
1.891382400000000530e+01
2.994688800000000128e+01
2.364228000000000307e+01
2.364227999999999952e+01
2.364228000000000307e+01
4.097995200000000438e+01
3.625149600000000305e+01
3.309919199999999506e+01
4.255610400000000482e+01
2.206612799999999908e+01
2.364227999999999952e+01
2.679458400000000040e+01
3.309919200000000217e+01
3.467534400000000261e+01
1.418536800000000042e+01
2.521843199999999996e+01
1.418536800000000042e+01
1.260921600000000353e+01
2.837073600000000084e+01
3.309919199999999506e+01
3.309919200000000217e+01
3.625149600000000305e+01
2.679458400000000395e+01
2.994688800000000128e+01
2.521843200000000706e+01
1.260921599999999820e+01
3.309919200000000217e+01
3.309919200000000217e+01
2.364227999999999952e+01
1.103306400000000309e+01
4.886071200000000658e+01
4.097995199999999727e+01
3.309919199999999506e+01
4.413225600000000526e+01
2.364228000000000662e+01
2.837073600000000084e+01
1.418536800000000220e+01
1.891382399999999819e+01
2.679458400000000040e+01
2.521843199999999996e+01
2.679458400000000040e+01
4.097995200000000438e+01
2.521843200000000706e+01
2.206612799999999908e+01
1.733767199999999775e+01
2.837073600000000084e+01
2.679458400000000040e+01
2.679458400000000040e+01
2.364228000000000662e+01
3.467534400000000261e+01
1.418536800000000397e+01
2.994688800000000128e+01
3.782764800000000349e+01
3.152304000000000528e+01
1.891382400000000175e+01
4.728455999999999548e+00
2.364227999999999952e+01
1.103306400000000309e+01
4.413225600000000526e+01
1.733767200000000130e+01
4.728456000000001325e+00
3.782764800000000349e+01
1.733767200000000130e+01
2.206612800000000263e+01
2.994688799999999418e+01
5.201301599999999326e+01
3.467534399999999550e+01
4.413225599999999815e+01
2.679458400000000040e+01
1.260921600000000176e+01
2.521843199999999996e+01
2.206612799999999908e+01
3.152304000000000173e+01
3.152304000000000173e+01
2.364228000000000307e+01
2.521843199999999996e+01
2.837073600000000084e+01
2.048997600000000574e+01
2.837073600000000084e+01
4.413225599999999815e+01
3.782764799999999639e+01
2.994688800000000484e+01
3.467534400000000261e+01
3.152304000000000173e+01
2.521843199999999996e+01
1.260921599999999820e+01
2.837073600000000084e+01
3.309919200000000217e+01
3.467534400000000261e+01
4.255610399999999771e+01
3.467534400000000261e+01
2.679458400000000040e+01
3.940380000000000393e+01
4.413225600000000526e+01
3.940380000000000393e+01
1.576152000000000442e+01
2.364227999999999952e+01
2.679458400000000040e+01
1.733767200000000486e+01
3.940379999999999683e+01
3.309919200000000217e+01
3.152304000000000173e+01
3.940380000000000393e+01
2.837073600000000084e+01
2.521843200000000351e+01
1.418536800000000042e+01
4.097995199999999727e+01
3.940379999999999683e+01
2.048997599999999863e+01
3.940380000000000393e+01
3.152304000000000528e+01
2.994688800000000128e+01
5.043686399999999992e+01
4.255610400000000482e+01
3.152304000000000173e+01
2.364227999999999952e+01
2.206612800000000618e+01
1.576152000000000264e+01
2.994688800000000128e+01
3.467534399999999550e+01
2.679458400000000040e+01
1.733767200000000130e+01
3.309919200000000217e+01
2.521843199999999996e+01
3.309919200000000217e+01
2.994688799999999418e+01
2.364228000000000307e+01
2.994688800000000128e+01
2.364227999999999952e+01
2.364227999999999952e+01
3.782764799999999639e+01
3.309919200000000217e+01
3.625149600000000305e+01
3.625149600000000305e+01
4.413225599999999815e+01
3.782764800000000349e+01
2.364227999999999952e+01
1.891382400000000175e+01
3.152304000000000173e+01
3.782764800000000349e+01
3.782764800000000349e+01
2.837073600000000084e+01
3.782764799999999639e+01
2.364228000000000662e+01
2.521843199999999996e+01
3.152304000000000173e+01
3.309919200000000217e+01
2.679458400000000040e+01
3.940379999999999683e+01
2.837073600000000084e+01
2.048997599999999863e+01
4.097995199999999727e+01
3.940380000000000393e+01
4.097995199999999727e+01
4.097995200000000438e+01
5.674147200000000169e+01
3.152304000000000173e+01
1.576152000000000442e+01
1.260921600000000353e+01
3.940380000000000393e+01
3.152304000000000173e+01
2.048997599999999863e+01
3.782764800000000349e+01
4.413225600000000526e+01
4.728456000000000614e+01
3.940380000000000393e+01
3.467534400000000261e+01
5.043686399999999992e+01
4.255610399999999771e+01
2.206612799999999908e+01
2.837073600000000440e+01
2.994688800000000128e+01
1.260921599999999820e+01
2.679458400000000040e+01
3.940380000000000393e+01
4.413225600000000526e+01
3.940380000000000393e+01
4.570840800000000570e+01
3.467534400000000261e+01
4.097995200000000438e+01
3.625149600000000305e+01
2.994688800000000484e+01
2.048997599999999863e+01
3.152304000000000173e+01
4.097995200000000438e+01
3.467534399999999550e+01
3.309919200000000217e+01
3.940380000000000393e+01
2.837073600000000084e+01
1.891382399999999819e+01
3.467534400000000261e+01
2.994688800000000128e+01
2.837073600000000084e+01
2.048997599999999863e+01
2.521843199999999996e+01
2.837073600000000084e+01
3.467534400000000261e+01
2.994688800000000128e+01
3.625149600000000305e+01
3.940380000000000393e+01
2.994688799999999418e+01
2.206612800000000618e+01
3.782764799999999639e+01
3.309919200000000217e+01
2.206612799999999908e+01
3.625149599999999595e+01
2.206612800000000618e+01
2.048997600000000219e+01
3.467534400000000261e+01
2.521843199999999996e+01
3.940380000000000393e+01
2.206612799999999908e+01
3.625149600000000305e+01
2.994688800000000128e+01
3.467534400000000261e+01
4.728456000000000614e+01
4.570840800000000570e+01
3.152304000000000173e+01
4.097995199999999727e+01
3.152303999999999462e+01
1.891382400000000175e+01
2.679458400000000040e+01
2.048997599999999863e+01
3.940380000000000393e+01
3.782764800000000349e+01
2.206612800000000618e+01
2.521843199999999996e+01
4.413225599999999815e+01
3.940379999999999683e+01
3.309919200000000217e+01
3.309919200000000217e+01
2.206612800000000263e+01
3.625149600000000305e+01
3.309919199999999506e+01
3.940380000000000393e+01
5.201301600000000747e+01
2.994688800000000128e+01
2.994688800000000128e+01
2.994688799999999418e+01
2.837073600000000084e+01
4.097995200000000438e+01
2.837073600000000440e+01
2.521843200000000351e+01
1.891382400000000530e+01
3.309919200000000217e+01
3.152304000000000173e+01
2.837073600000000084e+01
3.782764800000000349e+01
4.097995199999999727e+01
3.782764800000000349e+01
2.521843200000000351e+01
3.625149599999999595e+01
3.782764800000000349e+01
3.782764800000000349e+01
3.467534400000000261e+01
3.309919199999999506e+01
4.097995200000000438e+01
2.994688800000000484e+01
3.152304000000000173e+01
4.255610400000000482e+01
4.413225599999999815e+01
3.467534399999999550e+01
4.255610399999999771e+01
4.570840800000000570e+01
2.994688800000000128e+01
2.679458400000000395e+01
3.309919199999999506e+01
3.782764800000000349e+01
3.152304000000000173e+01
3.467534400000000261e+01
3.152304000000000173e+01
3.309919200000000217e+01
3.782764800000000349e+01
2.994688800000000128e+01
4.570840799999999859e+01
3.625149599999999595e+01
2.994688799999999418e+01
4.570840800000000570e+01
1.733767200000000130e+01
2.206612799999999908e+01
4.097995199999999727e+01
2.206612799999999908e+01
4.570840799999999859e+01
3.467534400000000261e+01
2.364228000000000307e+01
2.994688800000000128e+01
3.152304000000000173e+01
5.043686399999999992e+01
4.097995200000000438e+01
5.201301600000000747e+01
3.152304000000000173e+01
3.940380000000000393e+01
3.625149600000000305e+01
1.576152000000000086e+01
3.309919200000000217e+01
4.413225600000000526e+01
4.728455999999999904e+01
4.728456000000000614e+01
3.782764800000000349e+01
2.837073600000000084e+01
2.837073600000000084e+01
3.782764800000000349e+01
1.733767199999999775e+01
1.891382400000000175e+01
4.413225600000000526e+01
3.467534400000000261e+01
4.097995199999999727e+01
2.994688800000000128e+01
2.679458400000000395e+01
4.255610400000000482e+01
2.837073600000000084e+01
2.521843199999999996e+01
2.048997600000000219e+01
3.467534400000000261e+01
2.364227999999999952e+01
2.048997599999999863e+01
3.467534400000000261e+01
4.097995199999999727e+01
3.152303999999999462e+01
2.206612799999999908e+01
2.364227999999999952e+01
4.097995200000000438e+01
3.625149600000000305e+01
2.048997599999999863e+01
3.782764800000000349e+01
3.625149600000000305e+01
3.782764800000000349e+01
3.782764800000000349e+01
3.625149599999999595e+01
3.152304000000000173e+01
4.886071199999999948e+01
2.521843199999999996e+01
2.994688800000000128e+01
2.679458400000000395e+01
3.467534400000000261e+01
2.679458400000000040e+01
3.625149600000000305e+01
3.309919200000000217e+01
3.309919200000000217e+01
3.309919200000000217e+01
3.152304000000000173e+01
3.152304000000000173e+01
3.152303999999999462e+01
2.837073600000000084e+01
3.625149600000000305e+01
2.837073600000000084e+01
1.733767200000000130e+01
2.994688800000000484e+01
3.782764800000000349e+01
3.782764799999999639e+01
4.886071199999999948e+01
3.152303999999999462e+01
2.679458400000000395e+01
3.309919199999999506e+01
3.625149600000000305e+01
3.152304000000000173e+01
4.255610400000000482e+01
3.782764800000000349e+01
2.521843200000000706e+01
1.891382399999999819e+01
3.309919200000000217e+01
2.837073600000000440e+01
3.309919200000000217e+01
2.364228000000000307e+01
2.679458400000000040e+01
4.413225599999999815e+01
1.733767200000000130e+01
3.467534400000000261e+01
3.782764799999999639e+01
2.679458400000000040e+01
3.309919200000000217e+01
2.994688800000000484e+01
3.309919200000000217e+01
2.364227999999999952e+01
3.625149600000000305e+01
3.625149600000000305e+01
3.625149600000000305e+01
3.782764800000000349e+01
3.940380000000000393e+01
2.837073600000000084e+01
1.891382400000000175e+01
3.467534400000000261e+01
2.679458400000000040e+01
3.625149600000000305e+01
2.364227999999999952e+01
4.413225600000000526e+01
4.728456000000000614e+01
5.358916800000000080e+01
3.467534400000000261e+01
4.413225599999999815e+01
3.467534400000000261e+01
3.625149600000000305e+01
2.364227999999999952e+01
2.994688800000000484e+01
4.413225600000000526e+01
3.625149600000000305e+01
3.152304000000000173e+01
3.782764800000000349e+01
4.097995200000000438e+01
3.625149599999999595e+01
3.625149600000000305e+01
4.097995199999999727e+01
3.309919200000000217e+01
3.467534400000000261e+01
4.097995200000000438e+01
4.886071200000000658e+01
2.364227999999999952e+01
2.994688799999999418e+01
2.206612800000000263e+01
2.994688800000000484e+01
4.255610400000000482e+01
2.679458400000000040e+01
4.255610399999999771e+01
4.728456000000000614e+01
3.467534400000000261e+01
2.994688800000000128e+01
3.309919200000000217e+01
5.043686399999999992e+01
4.413225599999999815e+01
3.782764800000000349e+01
2.521843199999999996e+01
3.782764800000000349e+01
3.940380000000000393e+01
3.152304000000000173e+01
4.255610400000000482e+01
3.782764799999999639e+01
4.097995200000000438e+01
3.467534400000000261e+01
3.309919199999999506e+01
4.255610400000000482e+01
2.521843199999999996e+01
2.679458400000000040e+01
2.994688800000000484e+01
3.467534400000000261e+01
3.152304000000000173e+01
3.940379999999999683e+01
3.309919200000000217e+01
2.837073600000000084e+01
4.097995200000000438e+01
3.467534399999999550e+01
2.048997600000000219e+01
4.886071200000000658e+01
2.994688799999999418e+01
3.467534400000000261e+01
3.467534400000000261e+01
3.782764799999999639e+01
2.994688800000000128e+01
3.940380000000000393e+01
3.940380000000000393e+01
2.679458400000000040e+01
2.206612799999999908e+01
2.994688800000000128e+01
3.309919200000000217e+01
3.467534400000000261e+01
4.255610400000000482e+01
3.467534400000000261e+01
3.152304000000000528e+01
4.570840800000000570e+01
3.782764800000000349e+01
4.413225599999999815e+01
4.097995199999999727e+01
3.467534400000000261e+01
3.940380000000000393e+01
2.521843199999999996e+01
4.255610400000000482e+01
4.097995200000000438e+01
2.521843199999999996e+01
2.521843199999999996e+01
2.521843199999999996e+01
3.152304000000000173e+01
3.309919200000000217e+01
2.679458400000000040e+01
3.625149600000000305e+01
3.309919200000000217e+01
3.625149599999999595e+01
4.886071200000000658e+01
3.152304000000000173e+01
3.152304000000000173e+01
3.940380000000000393e+01
3.309919200000000217e+01
2.048997599999999863e+01
2.521843200000000351e+01
2.521843200000000706e+01
3.625149600000000305e+01
4.413225599999999815e+01
4.886071200000000658e+01
4.413225600000000526e+01
3.152304000000000173e+01
1.891382400000000175e+01
3.467534400000000261e+01
3.467534399999999550e+01
3.152303999999999462e+01
4.886071199999999948e+01
4.413225600000000526e+01
5.358916800000000080e+01
5.043686399999999992e+01
3.309919199999999506e+01
2.994688800000000128e+01
3.152304000000000173e+01
3.940379999999999683e+01
3.625149600000000305e+01
4.413225600000000526e+01
4.097995200000000438e+01
3.625149600000000305e+01
3.309919200000000217e+01
3.940380000000000393e+01
2.206612799999999908e+01
3.152304000000000173e+01
3.625149600000000305e+01
3.625149600000000305e+01
3.625149600000000305e+01
3.467534400000000261e+01
2.994688800000000128e+01
4.413225600000000526e+01
3.625149599999999595e+01
3.152304000000000173e+01
4.097995200000000438e+01
4.413225599999999815e+01
3.940380000000000393e+01
2.837073600000000084e+01
2.679458400000000395e+01
3.782764799999999639e+01
4.097995199999999727e+01
5.043686399999999992e+01
5.043686399999999992e+01
2.521843200000000706e+01
3.152304000000000173e+01
3.625149600000000305e+01
3.625149600000000305e+01
5.516532000000000835e+01
4.413225600000000526e+01
3.940380000000000393e+01
2.679458400000000040e+01
4.413225599999999815e+01
3.625149599999999595e+01
4.728455999999999904e+01
3.467534400000000261e+01
3.309919200000000217e+01
3.467534400000000261e+01
4.570840799999999859e+01
2.521843200000000706e+01
4.886071199999999948e+01
5.043686399999999992e+01
2.837073599999999729e+01
3.152304000000000173e+01
3.782764800000000349e+01
3.782764800000000349e+01
5.358916800000000080e+01
4.570840800000000570e+01
3.309919200000000217e+01
3.940380000000000393e+01
2.837073599999999729e+01
3.152304000000000173e+01
4.570840800000000570e+01
3.940380000000000393e+01
5.201301600000000036e+01
4.570840800000000570e+01
4.728456000000000614e+01
4.413225600000000526e+01
3.625149600000000305e+01
5.043686400000000702e+01
4.097995199999999727e+01
4.728456000000000614e+01
4.255610400000000482e+01
4.255610399999999771e+01
5.201301600000000036e+01
4.886071200000000658e+01
4.886071199999999948e+01
3.782764799999999639e+01
4.570840799999999859e+01
3.940379999999999683e+01
3.940379999999999683e+01
4.097995199999999727e+01
2.994688800000000484e+01
3.309919200000000217e+01
4.413225600000000526e+01
3.940379999999999683e+01
5.043686399999999992e+01
4.413225600000000526e+01
4.097995199999999727e+01
3.625149600000000305e+01
3.152304000000000173e+01
4.413225600000000526e+01
4.570840799999999859e+01
3.782764800000000349e+01
2.837073599999999729e+01
4.570840800000000570e+01
4.413225600000000526e+01
4.728455999999999904e+01
4.413225600000000526e+01
3.625149600000000305e+01
3.782764799999999639e+01
4.097995199999999727e+01
3.782764799999999639e+01
4.097995200000000438e+01
4.570840800000000570e+01
4.097995199999999727e+01
5.674147200000000169e+01
3.309919200000000217e+01
3.625149600000000305e+01
5.358916800000000080e+01
5.674147200000000169e+01
3.309919200000000217e+01
3.625149599999999595e+01
2.837073599999999729e+01
3.625149600000000305e+01
3.782764800000000349e+01
3.625149600000000305e+01
4.097995199999999727e+01
3.309919200000000217e+01
3.940380000000000393e+01
3.782764799999999639e+01
4.728455999999999904e+01
4.570840799999999859e+01
4.097995200000000438e+01
4.255610400000000482e+01
5.674147200000000169e+01
3.625149600000000305e+01
3.152304000000000528e+01
2.206612800000000263e+01
4.097995200000000438e+01
5.043686399999999992e+01
3.782764800000000349e+01
2.994688800000000128e+01
2.837073600000000084e+01
3.940379999999999683e+01
4.255610400000000482e+01
4.413225599999999815e+01
4.413225600000000526e+01
5.043686399999999992e+01
5.516532000000000835e+01
4.413225599999999815e+01
4.413225600000000526e+01
3.625149600000000305e+01
2.679458400000000395e+01
3.940379999999999683e+01
3.940379999999999683e+01
2.679458400000000040e+01
4.570840799999999859e+01
3.309919200000000217e+01
3.625149600000000305e+01
4.413225600000000526e+01
3.625149600000000305e+01
3.625149599999999595e+01
4.413225599999999815e+01
3.309919200000000217e+01
3.782764800000000349e+01
2.206612800000000263e+01
3.940379999999999683e+01
2.994688799999999773e+01
4.097995200000000438e+01
4.570840799999999859e+01
4.255610400000000482e+01
5.831762400000000213e+01
4.255610400000000482e+01
2.206612800000000618e+01
5.043686399999999992e+01
4.097995200000000438e+01
3.152304000000000173e+01
3.782764799999999639e+01
4.728455999999999904e+01
4.570840799999999859e+01
4.255610399999999771e+01
3.152304000000000173e+01
3.940379999999999683e+01
4.886071200000000658e+01
2.679458400000000040e+01
4.728456000000000614e+01
3.625149600000000305e+01
3.152304000000000173e+01
5.201301600000000036e+01
4.097995199999999727e+01
4.097995200000000438e+01
3.782764800000000349e+01
4.413225600000000526e+01
4.413225600000000526e+01
4.097995200000000438e+01
4.097995200000000438e+01
3.782764800000000349e+01
4.570840799999999859e+01
3.625149599999999595e+01
4.097995200000000438e+01
3.309919200000000217e+01
2.994688800000000128e+01
5.043686400000000702e+01
3.782764800000000349e+01
2.994688799999999418e+01
2.206612800000000263e+01
2.679458400000000040e+01
4.413225599999999815e+01
5.516532000000000835e+01
4.728455999999999904e+01
3.152304000000000173e+01
3.309919200000000217e+01
3.782764800000000349e+01
3.467534400000000261e+01
3.152304000000000173e+01
2.364227999999999952e+01
3.467534400000000261e+01
4.255610400000000482e+01
2.837073599999999729e+01
4.255610399999999771e+01
2.679458400000000395e+01
5.201301600000000036e+01
3.309919200000000217e+01
4.255610400000000482e+01
4.097995199999999727e+01
3.782764799999999639e+01
4.255610399999999771e+01
4.255610399999999771e+01
5.358916800000000080e+01
4.255610400000000482e+01
2.048997599999999863e+01
5.043686399999999992e+01
3.309919200000000217e+01
4.728455999999999904e+01
5.674147200000000169e+01
2.994688800000000128e+01
4.255610400000000482e+01
3.940379999999999683e+01
5.043686399999999992e+01
3.309919200000000217e+01
3.467534400000000261e+01
5.043686400000000702e+01
5.674147200000000169e+01
5.043686399999999992e+01
3.152304000000000173e+01
4.570840799999999859e+01
4.097995199999999727e+01
4.097995199999999727e+01
4.570840800000000570e+01
3.467534400000000261e+01
4.886071199999999948e+01
4.728455999999999904e+01
4.728455999999999904e+01
3.309919200000000217e+01
4.570840800000000570e+01
4.413225599999999815e+01
3.467534400000000261e+01
2.837073600000000084e+01
3.940380000000000393e+01
3.625149600000000305e+01
3.625149600000000305e+01
3.152304000000000173e+01
5.358916800000000080e+01
5.201301600000000747e+01
4.570840799999999859e+01
5.201301600000000036e+01
3.467534399999999550e+01
4.413225600000000526e+01
3.467534400000000261e+01
1.891382400000000175e+01
3.782764800000000349e+01
3.625149599999999595e+01
4.728455999999999904e+01
2.837073600000000084e+01
2.994688800000000128e+01
4.097995200000000438e+01
4.255610399999999771e+01
4.097995200000000438e+01
4.097995200000000438e+01
4.728455999999999904e+01
5.201301600000000036e+01
3.467534400000000261e+01
3.152304000000000173e+01
4.886071199999999948e+01
3.309919199999999506e+01
4.255610399999999771e+01
3.467534400000000261e+01
4.728456000000000614e+01
3.625149599999999595e+01
3.940380000000000393e+01
3.940379999999999683e+01
2.837073600000000440e+01
2.837073600000000084e+01
3.625149600000000305e+01
3.152303999999999462e+01
3.625149600000000305e+01
3.152304000000000173e+01
5.831762400000000213e+01
3.782764800000000349e+01
4.097995199999999727e+01
5.674147200000000169e+01
4.255610400000000482e+01
4.728456000000000614e+01
5.516532000000000124e+01
6.462223199999999679e+01
4.255610400000000482e+01
4.255610399999999771e+01
3.152304000000000173e+01
2.679458399999999330e+01
3.309919200000000217e+01
4.570840799999999859e+01
3.940380000000000393e+01
4.413225599999999815e+01
5.516532000000000124e+01
5.989377600000000257e+01
5.358916800000000080e+01
5.989377600000000257e+01
3.782764799999999639e+01
3.782764799999999639e+01
5.201301600000000036e+01
4.413225599999999815e+01
4.097995199999999727e+01
4.570840800000000570e+01
4.728455999999999904e+01
5.989377600000000257e+01
4.255610400000000482e+01
5.989377600000000257e+01
3.782764800000000349e+01
2.679458400000000040e+01
3.309919200000000217e+01
4.097995200000000438e+01
4.570840799999999859e+01
4.255610400000000482e+01
4.886071200000000658e+01
4.570840799999999859e+01
5.516532000000000835e+01
3.467534399999999550e+01
4.886071199999999948e+01
4.255610399999999771e+01
4.570840799999999859e+01
3.940379999999999683e+01
4.097995200000000438e+01
2.521843199999999996e+01
4.255610400000000482e+01
3.625149599999999595e+01
4.570840799999999859e+01
3.309919200000000217e+01
4.255610400000000482e+01
4.097995199999999727e+01
4.728456000000000614e+01
4.097995199999999727e+01
2.521843199999999641e+01
4.413225599999999815e+01
2.994688800000000128e+01
2.048997599999999863e+01
2.837073600000000084e+01
4.097995200000000438e+01
3.782764799999999639e+01
4.728456000000000614e+01
4.097995200000000438e+01
5.043686399999999992e+01
5.043686400000000702e+01
3.782764799999999639e+01
2.364227999999999952e+01
3.782764799999999639e+01
4.413225600000000526e+01
2.994688800000000128e+01
4.886071199999999948e+01
3.782764800000000349e+01
3.940380000000000393e+01
4.886071200000000658e+01
2.994688800000000128e+01
3.625149600000000305e+01
3.467534400000000261e+01
4.570840800000000570e+01
4.728456000000000614e+01
3.782764800000000349e+01
4.255610400000000482e+01
5.043686399999999992e+01
5.201301600000000036e+01
5.201301600000000747e+01
4.570840799999999859e+01
3.625149599999999595e+01
3.940380000000000393e+01
5.201301600000000036e+01
4.255610400000000482e+01
3.782764800000000349e+01
4.886071199999999948e+01
3.625149600000000305e+01
2.837073600000000440e+01
5.201301599999999326e+01
4.413225599999999815e+01
3.782764800000000349e+01
5.674147200000000169e+01
5.358916800000000080e+01
3.782764800000000349e+01
3.152304000000000528e+01
5.358916800000000080e+01
4.728456000000000614e+01
3.467534400000000261e+01
4.413225599999999815e+01
3.309919200000000217e+01
5.358916800000000080e+01
6.777453599999999767e+01
5.516532000000000124e+01
6.462223199999999679e+01
4.728455999999999904e+01
4.886071199999999948e+01
3.940380000000000393e+01
3.152304000000000173e+01
4.097995200000000438e+01
5.043686400000000702e+01
4.255610400000000482e+01
5.674147200000000169e+01
5.989377600000000257e+01
3.625149600000000305e+01
5.989377600000000257e+01
3.152303999999999462e+01
4.570840799999999859e+01
4.413225600000000526e+01
3.309919200000000217e+01
5.201301600000000036e+01
5.358916800000000080e+01
5.674147200000000169e+01
5.043686399999999992e+01
7.092683999999999855e+01
6.304608000000000345e+01
3.940380000000000393e+01
2.994688800000000128e+01
4.728455999999999904e+01
4.570840800000000570e+01
3.940379999999999683e+01
4.728455999999999904e+01
4.728456000000000614e+01
6.304608000000000345e+01
6.304608000000000345e+01
3.625149600000000305e+01
3.467534400000000971e+01
3.940380000000000393e+01
3.467534400000000971e+01
5.201301600000000036e+01
5.201301600000000036e+01
3.625149599999999595e+01
3.940379999999999683e+01
5.358916800000000791e+01
5.358916800000000080e+01
4.886071200000000658e+01
5.201301600000000036e+01
4.570840799999999859e+01
4.413225600000000526e+01
5.358916800000000080e+01
5.674147200000000879e+01
3.782764799999999639e+01
5.358916800000000791e+01
4.570840799999999859e+01
4.097995200000000438e+01
4.097995200000000438e+01
4.728455999999999904e+01
3.940380000000000393e+01
4.570840799999999859e+01
5.043686399999999992e+01
4.886071199999999948e+01
4.570840799999999859e+01
5.358916800000000080e+01
5.201301599999999326e+01
3.467534400000000261e+01
5.043686399999999992e+01
5.358916800000000791e+01
4.886071199999999948e+01
5.989377600000000257e+01
5.516531999999999414e+01
5.516532000000000124e+01
4.728455999999999904e+01
4.570840799999999859e+01
5.674147200000000169e+01
3.940379999999999683e+01
6.304608000000000345e+01
4.886071199999999948e+01
5.201301600000000036e+01
5.674147200000000169e+01
6.146992800000000301e+01
4.255610400000000482e+01
3.782764800000000349e+01
6.304607999999999635e+01
7.250299200000000610e+01
6.304608000000000345e+01
5.516532000000000124e+01
5.516532000000000124e+01
3.940380000000000393e+01
5.043686399999999992e+01
5.358916800000000080e+01
5.831762400000000213e+01
5.516532000000000124e+01
4.570840799999999859e+01
4.570840800000000570e+01
6.619838400000000433e+01
4.728455999999999904e+01
4.097995199999999727e+01
5.516532000000000124e+01
5.516532000000000124e+01
5.043686399999999992e+01
5.516532000000000124e+01
4.413225599999999815e+01
5.358916800000000080e+01
4.413225599999999815e+01
5.358916800000000080e+01
6.619838399999999012e+01
5.831762400000000923e+01
6.304607999999999635e+01
6.462223199999999679e+01
4.255610400000000482e+01
5.201301600000000036e+01
5.516531999999999414e+01
5.674147200000000169e+01
7.250299200000000610e+01
5.831762400000000213e+01
5.989377600000000257e+01
5.516532000000000124e+01
6.146992800000000301e+01
5.201301600000000747e+01
5.674147200000000169e+01
5.674147200000000169e+01
4.413225599999999815e+01
5.989377600000000257e+01
5.831762400000000213e+01
5.358916800000000791e+01
5.989377600000000257e+01
5.043686399999999992e+01
6.304607999999999635e+01
4.097995199999999727e+01
5.674147200000000169e+01
6.146992800000001012e+01
6.304608000000000345e+01
5.989377600000000257e+01
5.674147199999999458e+01
5.831762400000000213e+01
5.831762399999999502e+01
5.831762400000000213e+01
5.674147200000000169e+01
6.304608000000000345e+01
4.570840799999999859e+01
5.516532000000000124e+01
4.886071200000000658e+01
4.255610400000000482e+01
5.043686399999999992e+01
5.516532000000000124e+01
6.462223200000001100e+01
6.619838400000000433e+01
5.516532000000000124e+01
5.358916800000000080e+01
5.989377599999999546e+01
5.516532000000000124e+01
5.516532000000000124e+01
5.201301600000000036e+01
6.935068800000000522e+01
6.935068800000000522e+01
5.358916800000000791e+01
7.407914399999999944e+01
5.201301600000000036e+01
4.255610399999999771e+01
5.201301600000000036e+01
5.989377600000000257e+01
7.250299200000000610e+01
4.255610399999999771e+01
5.989377600000000257e+01
5.989377599999999546e+01
5.831762400000000213e+01
5.674147200000000169e+01
5.674147200000000169e+01
7.565529600000000698e+01
5.516532000000000124e+01
5.831762400000000923e+01
5.831762399999999502e+01
4.413225599999999815e+01
5.831762400000000923e+01
5.831762400000000213e+01
5.516532000000000124e+01
5.516532000000000124e+01
6.462223199999999679e+01
5.989377600000000967e+01
5.516532000000000124e+01
5.831762399999999502e+01
5.516531999999999414e+01
6.619838399999999012e+01
7.092683999999999855e+01
6.619838400000000433e+01
4.728455999999999904e+01
4.570840799999999859e+01
5.989377599999999546e+01
5.674147200000000169e+01
6.619838400000000433e+01
6.619838400000000433e+01
6.146992800000000301e+01
4.255610399999999771e+01
4.570840799999999859e+01
7.565529599999999277e+01
5.358916800000000080e+01
6.462223199999999679e+01
7.407914400000001365e+01
5.043686399999999992e+01
5.201301600000000036e+01
4.413225599999999815e+01
6.304608000000001056e+01
5.831762400000000923e+01
6.146992799999999590e+01
4.570840799999999149e+01
5.043686399999999992e+01
5.831762400000000213e+01
5.674147200000000169e+01
5.989377599999999546e+01
5.201301600000000036e+01
4.570840800000000570e+01
5.674147200000000169e+01
5.989377600000000257e+01
5.516532000000000124e+01
5.989377600000000257e+01
6.462223199999999679e+01
5.674147200000000169e+01
6.935068800000000522e+01
5.831762400000000213e+01
3.467534400000000971e+01
4.570840800000000570e+01
5.201301600000000036e+01
4.097995200000000438e+01
5.831762400000000923e+01
6.146992800000000301e+01
5.201301600000000036e+01
6.462223199999999679e+01
5.201301600000000036e+01
5.358916800000000080e+01
5.516532000000000835e+01
5.358916800000000791e+01
5.516532000000000124e+01
6.462223199999999679e+01
6.304608000000000345e+01
5.043686399999999992e+01
5.674147200000000169e+01
5.043686399999999992e+01
4.728455999999999904e+01
4.728456000000000614e+01
4.570840800000000570e+01
6.462223200000001100e+01
5.989377600000000257e+01
6.619838400000000433e+01
4.570840799999999859e+01
4.255610399999999771e+01
5.989377600000000967e+01
4.728455999999999904e+01
4.097995200000000438e+01
5.043686399999999992e+01
4.097995200000000438e+01
5.674147200000000169e+01
5.358916800000000791e+01
4.255610399999999771e+01
5.989377600000000257e+01
6.777453599999999767e+01
4.728455999999999904e+01
4.728456000000000614e+01
4.097995200000000438e+01
6.146992799999999590e+01
4.886071199999999948e+01
4.570840800000000570e+01
4.097995200000000438e+01
6.146992799999999590e+01
5.674147200000000169e+01
5.674147200000000169e+01
4.886071199999999948e+01
5.674147200000000169e+01
4.570840800000000570e+01
5.989377599999999546e+01
6.146992800000000301e+01
5.989377600000000257e+01
6.146992800000000301e+01
7.565529600000000698e+01
5.674147200000000169e+01
6.935068800000000522e+01
6.462223199999999679e+01
5.831762400000000213e+01
7.723144800000000032e+01
5.516532000000000124e+01
6.304608000000000345e+01
4.728455999999999904e+01
5.831762400000000213e+01
6.935068800000000522e+01
5.674147199999999458e+01
6.146992800000000301e+01
5.831762400000000213e+01
7.565529599999999277e+01
6.304608000000000345e+01
7.565529600000000698e+01
5.201301600000000036e+01
5.989377600000000257e+01
5.201301600000000747e+01
5.989377600000000257e+01
4.886071199999999948e+01
5.043686399999999992e+01
6.935068799999999101e+01
6.304608000000000345e+01
7.092683999999999855e+01
6.935068799999999101e+01
5.516532000000000124e+01
4.886071199999999948e+01
6.935068800000000522e+01
7.565529600000000698e+01
7.880760000000000787e+01
5.674147200000000169e+01
5.831762400000000213e+01
6.462223199999999679e+01
5.516532000000000124e+01
5.989377600000000257e+01
5.674147200000000169e+01
4.413225600000000526e+01
5.358916800000000080e+01
5.989377600000000257e+01
5.358916800000000080e+01
5.831762400000000213e+01
5.201301600000000036e+01
5.516532000000000124e+01
6.462223199999999679e+01
5.674147200000000879e+01
5.989377600000000257e+01
5.674147200000000169e+01
4.097995200000000438e+01
3.625149599999999595e+01
6.146992800000000301e+01
5.201301600000000036e+01
6.777453599999999767e+01
6.146992800000000301e+01
6.146992800000000301e+01
5.989377600000000257e+01
6.304608000000001056e+01
6.304607999999999635e+01
7.250299200000000610e+01
4.886071199999999948e+01
5.516531999999999414e+01
7.723144800000000032e+01
5.831762400000000213e+01
5.516532000000000124e+01
4.886071200000000658e+01
5.043686399999999992e+01
5.674147200000000169e+01
6.462223199999999679e+01
6.146992800000001012e+01
7.407914399999999944e+01
5.516531999999999414e+01
6.304608000000000345e+01
5.674147200000000169e+01
5.043686399999999992e+01
5.201301600000000747e+01
7.723144800000001453e+01
5.989377600000000257e+01
6.462223200000001100e+01
6.462223199999999679e+01
6.777453599999999767e+01
7.250299200000000610e+01
5.989377600000000257e+01
5.201301600000000036e+01
5.674147200000000169e+01
6.146992800000000301e+01
4.886071200000000658e+01
4.413225599999999815e+01
6.462223199999999679e+01
7.407914399999999944e+01
7.092683999999999855e+01
5.674147200000000169e+01
6.146992800000000301e+01
4.886071199999999948e+01
5.358916800000000080e+01
5.831762400000000213e+01
5.516532000000000124e+01
5.989377600000000257e+01
7.565529600000000698e+01
7.565529600000000698e+01
5.674147200000000169e+01
5.831762400000000213e+01
6.304608000000000345e+01
5.989377600000000257e+01
5.201301600000000036e+01
5.516532000000000124e+01
8.195990400000000875e+01
7.407914399999999944e+01
6.146992800000000301e+01
6.777453599999999767e+01
4.886071199999999948e+01
6.777453599999999767e+01
7.092683999999999855e+01
6.619838400000000433e+01
7.407914399999999944e+01
7.565529600000000698e+01
7.092683999999999855e+01
5.989377600000000257e+01
5.201301599999999326e+01
5.674147200000000169e+01
5.358916800000000080e+01
5.201301600000000036e+01
7.565529600000000698e+01
5.358916800000000791e+01
5.989377600000000257e+01
5.516532000000000124e+01
6.462223199999999679e+01
7.407914399999999944e+01
7.250299200000000610e+01
5.043686399999999992e+01
5.516532000000000124e+01
7.565529599999999277e+01
5.043686400000001413e+01
5.201301600000000036e+01
4.570840799999999859e+01
5.674147199999999458e+01
8.668836000000000297e+01
7.250299200000000610e+01
5.831762400000000213e+01
5.989377600000000257e+01
6.304608000000000345e+01
5.674147200000000879e+01
5.043686400000000702e+01
5.201301599999999326e+01
5.516532000000000835e+01
6.777453600000001188e+01
6.619838400000000433e+01
5.043686399999999992e+01
7.250299200000000610e+01
7.565529599999999277e+01
5.674147200000000879e+01
5.043686399999999992e+01
5.831762400000000213e+01
6.777453599999999767e+01
5.674147200000000169e+01
5.358916799999999370e+01
5.043686400000000702e+01
6.146992800000000301e+01
5.989377600000000257e+01
7.250299200000000610e+01
6.777453600000001188e+01
6.462223199999999679e+01
4.255610399999999771e+01
4.886071199999999948e+01
5.516532000000000124e+01
5.516532000000000835e+01
7.407914399999999944e+01
4.886071200000000658e+01
6.619838400000000433e+01
6.146992800000000301e+01
4.570840799999999859e+01
6.146992799999999590e+01
6.777453599999999767e+01
6.146992800000000301e+01
6.462223199999999679e+01
6.619838400000000433e+01
5.516532000000000124e+01
5.674147200000000169e+01
7.092683999999999855e+01
6.777453599999999767e+01
5.674147200000000169e+01
6.146992800000000301e+01
5.989377600000000257e+01
6.619838400000000433e+01
6.304607999999999635e+01
5.831762400000000213e+01
6.146992800000001012e+01
6.304608000000001056e+01
7.723144800000000032e+01
6.935068800000000522e+01
6.619838400000000433e+01
5.201301600000000036e+01
5.674147200000000879e+01
7.723144800000000032e+01
8.195990399999999454e+01
7.092683999999999855e+01
7.092683999999999855e+01
7.880760000000000787e+01
7.407914399999999944e+01
6.935068800000000522e+01
5.831762400000000923e+01
7.250299199999999189e+01
5.043686399999999992e+01
5.516532000000000124e+01
7.092683999999999855e+01
7.407914399999999944e+01
6.146992800000000301e+01
5.831762399999999502e+01
5.831762399999999502e+01
7.250299199999999189e+01
6.146992799999999590e+01
7.723144800000000032e+01
7.250299200000000610e+01
7.250299199999999189e+01
7.723144800000000032e+01
7.880760000000000787e+01
8.511220800000000963e+01
6.777453599999999767e+01
6.462223199999999679e+01
5.989377600000000257e+01
7.250299200000000610e+01
7.092683999999999855e+01
6.462223199999999679e+01
6.146992800000000301e+01
6.304607999999999635e+01
7.092683999999999855e+01
6.146992800000000301e+01
5.989377600000000257e+01
6.462223200000001100e+01
6.777453599999999767e+01
6.777453600000001188e+01
7.250299200000000610e+01
7.880760000000000787e+01
6.935068799999999101e+01
6.935068800000000522e+01
6.146992800000000301e+01
7.092683999999999855e+01
7.723144800000000032e+01
7.250299199999999189e+01
6.777453599999999767e+01
6.777453599999999767e+01
8.511220800000000963e+01
6.935068800000000522e+01
7.407914399999999944e+01
6.304607999999999635e+01
6.935068800000000522e+01
6.935068800000000522e+01
8.668835999999998876e+01
7.407914399999999944e+01
5.831762400000000213e+01
7.250299200000000610e+01
6.777453599999999767e+01
5.674147200000000169e+01
5.989377599999999546e+01
6.462223199999999679e+01
8.826451200000001052e+01
6.619838400000000433e+01
6.304608000000000345e+01
6.777453600000001188e+01
6.462223199999999679e+01
6.304608000000001056e+01
5.989377600000000257e+01
6.304608000000000345e+01
9.614527200000000562e+01
9.141681600000001140e+01
8.038375200000000120e+01
5.358916800000000791e+01
6.777453599999999767e+01
6.304607999999999635e+01
5.831762400000000213e+01
7.565529599999999277e+01
8.195990399999999454e+01
7.250299200000000610e+01
6.935068799999999101e+01
8.668835999999998876e+01
7.250299200000000610e+01
7.092684000000001276e+01
7.407914399999999944e+01
5.516532000000000124e+01
6.462223199999999679e+01
6.304608000000000345e+01
5.674147200000000169e+01
6.146992800000000301e+01
7.723144800000000032e+01
6.146992799999999590e+01
6.619838400000000433e+01
6.935068800000000522e+01
6.304608000000000345e+01
5.989377600000000257e+01
5.516532000000000124e+01
6.146992800000000301e+01
7.250299199999999189e+01
5.674147200000000169e+01
5.831762400000000923e+01
7.407914399999999944e+01
7.250299199999999189e+01
7.407914399999999944e+01
6.304608000000000345e+01
7.250299199999999189e+01
6.619838400000000433e+01
6.935068800000000522e+01
7.565529600000000698e+01
6.146992800000000301e+01
5.201301600000000036e+01
5.989377600000000257e+01
8.195990400000000875e+01
6.935068800000000522e+01
6.619838400000000433e+01
5.989377600000000257e+01
6.777453599999999767e+01
7.250299200000000610e+01
6.935068800000000522e+01
6.462223200000001100e+01
7.723144800000000032e+01
7.565529600000000698e+01
6.619838400000000433e+01
6.619838400000000433e+01
7.565529600000000698e+01
6.777453599999999767e+01
7.565529600000000698e+01
8.038375200000000120e+01
7.723144800000000032e+01
7.723144800000000032e+01
7.407914399999999944e+01
8.668836000000000297e+01
6.462223200000001100e+01
7.723144800000000032e+01
8.511220800000000963e+01
6.462223199999999679e+01
6.462223199999999679e+01
5.358916800000000080e+01
8.984066400000000385e+01
7.092683999999999855e+01
5.674147200000000169e+01
7.565529600000000698e+01
8.511220799999999542e+01
8.668835999999998876e+01
8.984066400000000385e+01
8.353605600000000209e+01
6.462223199999999679e+01
7.092683999999999855e+01
8.668836000000000297e+01
7.092683999999999855e+01
7.723144800000000032e+01
7.723144800000000032e+01
8.668836000000000297e+01
8.353605600000000209e+01
8.038375200000000120e+01
6.935068800000000522e+01
7.565529599999999277e+01
6.146992799999999590e+01
7.407914399999999944e+01
6.777453599999999767e+01
7.407914399999999944e+01
8.668836000000000297e+01
6.304608000000000345e+01
7.723144800000000032e+01
7.723144800000000032e+01
8.353605600000000209e+01
8.195990399999999454e+01
6.619838400000000433e+01
6.935068800000000522e+01
7.092683999999999855e+01
6.619838400000000433e+01
8.826451200000001052e+01
5.043686399999999281e+01
7.092683999999999855e+01
8.195990399999999454e+01
6.619838400000000433e+01
6.935068800000000522e+01
6.462223200000001100e+01
7.723144800000000032e+01
6.146992799999999590e+01
6.777453599999999767e+01
5.831762400000000213e+01
8.826451199999999631e+01
7.250299200000000610e+01
6.304608000000000345e+01
6.462223199999999679e+01
9.141681600000001140e+01
7.092683999999999855e+01
7.880760000000000787e+01
6.304608000000000345e+01
7.565529599999999277e+01
8.511220799999999542e+01
8.668836000000000297e+01
7.880759999999999366e+01
8.195990400000000875e+01
6.935068799999999101e+01
8.668836000000000297e+01
6.304607999999999635e+01
6.935068800000000522e+01
6.146992800000000301e+01
8.668835999999998876e+01
8.195990399999999454e+01
8.195990400000000875e+01
7.092683999999999855e+01
7.092683999999999855e+01
9.141681600000001140e+01
8.038375200000000120e+01
8.511220800000000963e+01
8.195990399999999454e+01
7.092683999999999855e+01
8.353605600000000209e+01
6.146992800000000301e+01
6.619838400000000433e+01
8.511220800000000963e+01
8.038375200000000120e+01
6.777453599999999767e+01
8.353605600000000209e+01
7.880760000000000787e+01
8.038375200000000120e+01
7.880760000000000787e+01
7.407914399999999944e+01
7.880760000000000787e+01
8.511220800000000963e+01
8.511220799999999542e+01
7.250299200000000610e+01
6.462223200000001100e+01
8.038375200000000120e+01
8.038375200000000120e+01
6.619838400000000433e+01
8.826451200000001052e+01
7.407914399999999944e+01
7.723144800000000032e+01
8.353605600000000209e+01
6.304608000000000345e+01
8.038375200000000120e+01
7.723144800000000032e+01
8.353605600000000209e+01
6.935068799999999101e+01
8.984066400000000385e+01
8.826451199999999631e+01
6.304607999999999635e+01
6.935068800000000522e+01
7.880759999999999366e+01
7.723144800000000032e+01
7.723144800000000032e+01
7.250299199999999189e+01
7.092683999999999855e+01
6.777453599999999767e+01
7.565529599999999277e+01
7.723144800000000032e+01
8.038375200000000120e+01
7.880760000000000787e+01
8.038375200000000120e+01
6.619838400000000433e+01
7.723144800000000032e+01
7.880759999999999366e+01
8.668836000000000297e+01
6.304608000000000345e+01
6.777453599999999767e+01
7.565529599999999277e+01
6.619838400000000433e+01
8.038375200000000120e+01
8.668836000000000297e+01
6.935068799999999101e+01
7.723144800000000032e+01
6.777453599999999767e+01
6.935068800000000522e+01
6.462223199999999679e+01
7.723144800000000032e+01
8.511220800000000963e+01
7.565529600000000698e+01
8.826451199999999631e+01
8.038375200000001541e+01
6.619838400000000433e+01
7.565529600000000698e+01
6.304608000000000345e+01
6.304608000000001056e+01
8.038375200000000120e+01
8.668836000000000297e+01
6.619838400000000433e+01
8.038375200000000120e+01
8.038375200000000120e+01
6.619838400000000433e+01
7.407914399999999944e+01
7.250299200000000610e+01
8.511220799999999542e+01
7.880759999999999366e+01
7.250299199999999189e+01
7.565529600000000698e+01
6.777453599999999767e+01
6.619838400000000433e+01
7.092683999999999855e+01
7.250299199999999189e+01
8.195990399999999454e+01
7.723144800000001453e+01
7.092683999999999855e+01
6.619838400000000433e+01
6.619838399999999012e+01
7.723144800000000032e+01
7.407914399999999944e+01
5.516532000000000124e+01
6.304608000000000345e+01
7.407914400000001365e+01
6.462223199999999679e+01
6.462223199999999679e+01
5.674147200000000169e+01
6.777453599999999767e+01
6.935068800000000522e+01
8.668836000000000297e+01
7.250299200000000610e+01
7.250299200000000610e+01
7.723144800000000032e+01
6.619838400000000433e+01
7.407914400000001365e+01
6.146992799999999590e+01
6.619838400000000433e+01
8.038375200000000120e+01
5.674147200000000169e+01
7.407914399999999944e+01
9.614527200000000562e+01
7.723144800000001453e+01
6.935068800000000522e+01
7.565529600000000698e+01
8.668835999999998876e+01
7.407914399999999944e+01
7.565529600000000698e+01
5.989377600000000257e+01
5.989377600000000257e+01
6.935068800000000522e+01
6.935068799999999101e+01
7.880760000000000787e+01
5.989377600000000257e+01
7.250299199999999189e+01
7.250299200000000610e+01
7.092683999999999855e+01
5.043686399999999992e+01
5.989377600000000257e+01
7.723144800000000032e+01
9.299296800000000474e+01
6.146992799999999590e+01
7.250299200000000610e+01
7.092683999999999855e+01
8.511220799999999542e+01
7.407914399999999944e+01
7.092683999999999855e+01
7.407914399999999944e+01
6.304608000000000345e+01
6.777453599999999767e+01
8.668836000000001718e+01
8.668835999999998876e+01
7.723144800000001453e+01
7.250299200000000610e+01
8.195990400000000875e+01
7.723144800000000032e+01
7.565529599999999277e+01
7.092683999999999855e+01
7.565529600000000698e+01
7.092683999999999855e+01
7.880759999999999366e+01
7.407914399999999944e+01
7.250299200000000610e+01
6.935068800000000522e+01
7.250299200000000610e+01
6.619838400000000433e+01
8.038375200000000120e+01
5.201301600000000036e+01
6.777453599999999767e+01
8.195990399999999454e+01
6.619838400000000433e+01
6.462223199999999679e+01
7.250299200000000610e+01
6.935068799999999101e+01
7.250299200000000610e+01
8.038375200000000120e+01
7.723144800000000032e+01
6.304608000000000345e+01
7.565529599999999277e+01
8.195990400000000875e+01
7.407914399999999944e+01
4.728455999999999904e+01
5.831762400000000923e+01
8.353605600000000209e+01
7.250299200000000610e+01
6.304608000000000345e+01
7.092683999999999855e+01
7.723144800000000032e+01
6.619838400000000433e+01
6.304608000000000345e+01
6.462223200000001100e+01
6.619838400000000433e+01
5.989377600000000257e+01
6.619838400000000433e+01
7.565529600000000698e+01
6.777453599999999767e+01
5.358916800000000080e+01
7.092683999999999855e+01
6.935068800000000522e+01
8.668836000000000297e+01
8.195990399999999454e+01
7.092683999999999855e+01
6.146992800000000301e+01
5.989377600000000257e+01
8.038375200000000120e+01
5.358916800000000080e+01
4.570840799999999859e+01
5.674147199999999458e+01
5.674147200000000169e+01
7.880759999999999366e+01
7.880760000000000787e+01
7.723144800000000032e+01
6.935068800000000522e+01
5.358916800000000080e+01
5.831762399999999502e+01
6.462223199999999679e+01
5.358916800000000080e+01
6.462223199999999679e+01
6.777453599999999767e+01
7.092683999999999855e+01
7.407914400000001365e+01
7.092683999999999855e+01
7.092683999999999855e+01
6.935068800000000522e+01
6.619838400000000433e+01
6.777453599999999767e+01
7.565529600000000698e+01
5.516532000000000124e+01
7.565529600000000698e+01
6.777453599999999767e+01
7.723144800000000032e+01
5.989377600000000967e+01
5.989377600000000257e+01
7.250299200000000610e+01
6.935068800000000522e+01
7.407914399999999944e+01
7.407914399999999944e+01
7.407914399999999944e+01
6.935068800000000522e+01
7.407914400000001365e+01
7.407914399999999944e+01
6.462223200000001100e+01
6.777453599999999767e+01
5.831762400000000213e+01
5.516532000000000124e+01
6.146992800000000301e+01
6.462223199999999679e+01
6.619838400000000433e+01
7.407914399999999944e+01
5.989377600000000967e+01
7.092683999999999855e+01
5.831762400000000213e+01
5.674147200000000169e+01
6.777453599999999767e+01
6.619838400000000433e+01
7.092683999999999855e+01
7.565529600000000698e+01
7.250299200000000610e+01
7.880759999999999366e+01
6.777453599999999767e+01
5.674147200000000169e+01
6.146992800000000301e+01
6.619838400000000433e+01
5.674147200000000169e+01
4.886071199999999948e+01
6.146992800000001012e+01
5.989377600000000257e+01
6.462223199999999679e+01
6.462223199999999679e+01
7.565529600000000698e+01
6.777453599999999767e+01
5.674147200000000169e+01
5.201301599999999326e+01
6.304608000000000345e+01
6.777453599999999767e+01
5.358916800000000080e+01
5.201301600000000747e+01
6.146992800000000301e+01
6.146992800000000301e+01
6.935068800000000522e+01
7.250299200000000610e+01
6.935068800000000522e+01
7.092683999999999855e+01
5.358916800000000080e+01
6.146992800000000301e+01
6.146992800000000301e+01
7.250299200000000610e+01
5.358916800000000080e+01
5.516532000000000835e+01
5.989377600000000257e+01
7.407914399999999944e+01
6.462223200000001100e+01
7.407914399999999944e+01
6.777453599999999767e+01
6.462223200000001100e+01
6.935068800000000522e+01
7.407914399999999944e+01
7.092683999999999855e+01
5.674147200000000169e+01
4.413225599999999815e+01
6.619838400000000433e+01
5.674147200000000879e+01
6.462223199999999679e+01
7.092683999999999855e+01
4.886071200000000658e+01
4.886071199999999948e+01
5.358916800000000791e+01
6.777453599999999767e+01
5.989377600000000257e+01
6.619838400000000433e+01
4.413225600000000526e+01
3.940379999999999683e+01
7.723144800000000032e+01
5.989377600000000257e+01
7.250299200000000610e+01
6.146992799999999590e+01
5.201301600000000036e+01
6.619838399999999012e+01
8.038375200000001541e+01
6.304608000000000345e+01
6.619838400000000433e+01
6.146992799999999590e+01
6.462223199999999679e+01
5.516531999999999414e+01
5.516532000000000835e+01
5.201301600000000036e+01
5.516532000000000835e+01
5.516532000000000124e+01
6.146992800000000301e+01
6.304608000000000345e+01
7.407914399999999944e+01
6.462223200000001100e+01
5.989377600000000257e+01
6.935068799999999101e+01
6.777453599999999767e+01
4.728455999999999904e+01
5.831762400000000213e+01
6.777453599999999767e+01
7.092684000000001276e+01
5.201301600000000747e+01
5.831762400000000213e+01
6.777453599999999767e+01
6.462223199999999679e+01
7.092683999999999855e+01
6.146992800000001012e+01
5.674147200000000169e+01
5.516531999999999414e+01
7.250299200000000610e+01
6.462223199999999679e+01
6.777453599999999767e+01
5.674147200000000169e+01
5.989377600000000257e+01
7.407914399999999944e+01
7.407914399999999944e+01
5.358916800000000080e+01
5.674147200000000879e+01
5.358916800000000080e+01
5.201301600000000747e+01
4.570840800000000570e+01
6.304608000000000345e+01
5.043686400000000702e+01
5.043686399999999992e+01
5.516532000000000124e+01
6.619838400000000433e+01
5.516531999999999414e+01
6.777453599999999767e+01
5.674147200000000169e+01
4.255610400000000482e+01
5.043686399999999992e+01
6.146992799999999590e+01
4.413225599999999815e+01
6.619838400000000433e+01
6.146992799999999590e+01
4.413225600000000526e+01
5.201301600000000747e+01
5.674147200000000169e+01
6.146992799999999590e+01
4.886071200000000658e+01
4.570840800000000570e+01
4.886071200000000658e+01
6.146992799999999590e+01
4.255610399999999771e+01
5.043686400000000702e+01
5.831762400000000923e+01
6.146992800000001012e+01
5.831762400000000923e+01
5.201301600000000747e+01
4.728455999999999904e+01
4.570840800000000570e+01
4.255610400000000482e+01
5.201301600000000747e+01
6.935068800000000522e+01
5.831762400000000213e+01
6.619838400000000433e+01
6.146992800000001012e+01
4.413225600000000526e+01
4.886071200000000658e+01
5.989377600000000257e+01
4.570840800000000570e+01
4.255610400000000482e+01
4.728455999999999904e+01
5.043686399999999992e+01
4.097995200000000438e+01
4.097995200000000438e+01
4.728456000000000614e+01
5.516532000000000835e+01
6.304608000000000345e+01
5.674147200000000169e+01
4.097995199999999727e+01
5.043686399999999992e+01
4.886071200000000658e+01
6.304608000000000345e+01
4.886071200000000658e+01
4.728456000000000614e+01
4.097995200000000438e+01
4.255610400000000482e+01
3.309919200000000217e+01
4.728455999999999904e+01
3.467534399999999550e+01
5.201301600000000747e+01
4.886071199999999948e+01
5.516531999999999414e+01
5.516531999999999414e+01
5.989377600000000257e+01
3.625149600000000305e+01
4.097995199999999727e+01
3.940380000000000393e+01
5.358916800000000080e+01
4.255610400000000482e+01
4.728455999999999904e+01
4.413225599999999815e+01
5.516532000000000835e+01
3.467534400000000261e+01
4.728456000000000614e+01
5.358916800000000080e+01
4.728455999999999904e+01
4.886071200000000658e+01
5.358916800000000080e+01
5.516532000000000835e+01
5.674147200000000169e+01
4.413225599999999815e+01
5.201301599999999326e+01
3.782764800000000349e+01
4.570840800000000570e+01
5.516532000000000124e+01
3.940380000000000393e+01
3.782764800000000349e+01
6.462223199999999679e+01
3.309919200000000217e+01
4.255610400000000482e+01
4.570840800000000570e+01
5.358916800000000080e+01
2.048997599999999863e+01
3.940380000000000393e+01
4.255610400000000482e+01
5.043686399999999992e+01
3.782764800000000349e+01
4.413225599999999815e+01
5.516531999999999414e+01
6.462223199999999679e+01
4.886071200000000658e+01
3.467534400000000261e+01
3.152304000000000173e+01
5.674147200000000169e+01
4.097995200000000438e+01
4.255610400000000482e+01
5.043686399999999992e+01
4.255610400000000482e+01
3.309919200000000217e+01
3.152303999999999817e+01
5.516532000000000835e+01
5.674147200000000169e+01
5.674147200000000169e+01
4.097995199999999727e+01
3.782764799999999639e+01
4.097995200000000438e+01
4.097995199999999727e+01
5.358916800000000080e+01
3.152304000000000173e+01
3.309919200000000217e+01
4.728455999999999904e+01
3.940380000000000393e+01
2.206612799999999908e+01
4.886071200000000658e+01
5.043686400000000702e+01
4.570840799999999859e+01
4.413225599999999815e+01
4.097995199999999727e+01
5.516532000000000124e+01
5.043686399999999992e+01
5.043686399999999992e+01
3.940380000000000393e+01
3.467534400000000261e+01
4.097995199999999727e+01
2.521843199999999996e+01
4.097995199999999727e+01
3.152304000000000173e+01
2.837073600000000084e+01
4.097995199999999727e+01
4.097995199999999727e+01
4.570840799999999859e+01
3.625149600000000305e+01
2.679458400000000040e+01
3.940380000000000393e+01
5.358916800000000080e+01
3.309919200000000217e+01
3.625149600000000305e+01
2.994688800000000128e+01
3.940380000000000393e+01
4.097995199999999727e+01
4.255610400000000482e+01
1.891382400000000175e+01
4.255610400000000482e+01
3.309919200000000217e+01
4.255610400000000482e+01
3.152304000000000173e+01
4.097995199999999727e+01
2.364227999999999952e+01
4.097995200000000438e+01
3.467534400000000261e+01
4.570840800000000570e+01
2.837073600000000084e+01
2.206612799999999908e+01
2.521843199999999996e+01
3.782764800000000349e+01
4.413225600000000526e+01
4.097995199999999727e+01
5.201301600000000747e+01
3.467534400000000261e+01
2.048997600000000219e+01
2.206612799999999908e+01
6.304608000000000345e+01
3.940380000000000393e+01
4.097995199999999727e+01
3.309919200000000217e+01
3.625149600000000305e+01
3.309919200000000217e+01
1.733767200000000130e+01
2.679458400000000040e+01
4.413225599999999815e+01
4.255610400000000482e+01
2.679458400000000040e+01
4.097995200000000438e+01
3.467534400000000261e+01
3.152304000000000173e+01
4.255610400000000482e+01
3.467534400000000261e+01
2.521843199999999996e+01
2.679458400000000040e+01
4.728456000000000614e+01
4.097995199999999727e+01
4.570840800000000570e+01
2.048997600000000219e+01
3.625149600000000305e+01
3.625149600000000305e+01
4.097995200000000438e+01
4.255610400000000482e+01
3.467534400000000261e+01
2.994688800000000484e+01
2.679458400000000040e+01
1.891382399999999819e+01
2.364227999999999952e+01
2.837073600000000084e+01
2.679458400000000040e+01
2.837073599999999729e+01
4.413225600000000526e+01
3.940380000000000393e+01
4.570840800000000570e+01
3.467534400000000261e+01
3.152303999999999817e+01
2.048997599999999863e+01
4.097995200000000438e+01
3.625149600000000305e+01
2.994688800000000484e+01
4.886071200000000658e+01
3.625149600000000305e+01
4.886071200000000658e+01
2.994688800000000484e+01
3.467534400000000261e+01
4.886071200000000658e+01
2.994688800000000128e+01
3.940380000000000393e+01
2.679458400000000040e+01
3.625149600000000305e+01
4.728456000000000614e+01
4.413225599999999815e+01
2.521843199999999996e+01
3.152304000000000173e+01
3.467534400000000261e+01
4.728455999999999904e+01
4.255610400000000482e+01
3.309919200000000217e+01
4.255610400000000482e+01
3.309919200000000217e+01
3.309919200000000217e+01
2.364227999999999952e+01
2.048997599999999863e+01
4.886071200000000658e+01
5.201301600000000747e+01
2.837073600000000084e+01
3.782764799999999639e+01
3.940380000000000393e+01
3.467534400000000261e+01
3.152304000000000173e+01
2.679458400000000040e+01
3.782764800000000349e+01
4.097995200000000438e+01
2.206612799999999908e+01
4.097995199999999727e+01
4.097995199999999727e+01
3.467534400000000261e+01
2.837073600000000084e+01
3.309919200000000217e+01
3.152304000000000173e+01
2.994688800000000128e+01
3.152304000000000173e+01
3.625149600000000305e+01
3.625149600000000305e+01
2.837073600000000084e+01
2.837073600000000084e+01
3.309919200000000217e+01
3.152304000000000173e+01
3.782764799999999639e+01
3.467534400000000261e+01
4.413225600000000526e+01
4.728455999999999904e+01
4.255610400000000482e+01
3.309919200000000217e+01
3.309919200000000217e+01
2.048997599999999863e+01
2.521843199999999996e+01
2.994688800000000128e+01
3.625149600000000305e+01
2.837073600000000084e+01
3.467534400000000261e+01
4.570840800000000570e+01
3.940380000000000393e+01
4.413225600000000526e+01
4.097995199999999727e+01
4.570840800000000570e+01
3.782764800000000349e+01
2.994688800000000128e+01
2.994688800000000128e+01
2.994688800000000128e+01
2.364228000000000307e+01
3.782764800000000349e+01
4.413225599999999815e+01
1.733767200000000130e+01
4.413225600000000526e+01
3.309919200000000217e+01
4.886071199999999948e+01
4.413225599999999815e+01
4.570840800000000570e+01
4.570840800000000570e+01
5.516531999999999414e+01
2.994688800000000128e+01
3.152303999999999817e+01
1.576152000000002218e+00
2.206612800000000263e+01
4.097995200000000438e+01
3.467534400000000261e+01
3.467534400000000261e+01
3.309919200000000217e+01
3.625149600000000305e+01
4.097995200000000438e+01
2.837073600000000084e+01
2.206612799999999908e+01
2.679458400000000040e+01
4.255610400000000482e+01
2.206612799999999908e+01
3.152304000000000173e+01
3.782764800000000349e+01
3.782764799999999639e+01
3.625149600000000305e+01
3.782764800000000349e+01
2.837073600000000084e+01
3.467534400000000261e+01
2.364228000000000307e+01
3.940380000000000393e+01
2.364228000000000662e+01
3.152304000000000173e+01
3.782764799999999639e+01
4.097995200000000438e+01
3.940380000000000393e+01
3.467534400000000261e+01
3.467534400000000261e+01
2.521843199999999996e+01
2.521843200000000351e+01
3.152304000000000173e+01
3.152304000000000173e+01
5.043686399999999992e+01
3.467534400000000261e+01
4.570840800000000570e+01
3.782764799999999639e+01
4.413225599999999815e+01
3.782764799999999639e+01
1.891382399999999819e+01
2.837073600000000084e+01
4.255610400000000482e+01
4.097995199999999727e+01
2.837073600000000084e+01
1.260921599999999820e+01
3.625149600000000305e+01
3.625149600000000305e+01
5.201301599999999326e+01
4.413225600000000526e+01
3.152304000000000173e+01
2.679458400000000040e+01
3.625149600000000305e+01
3.940380000000000393e+01
4.570840800000000570e+01
3.940380000000000393e+01
3.309919200000000217e+01
4.413225599999999815e+01
2.048997599999999863e+01
2.206612799999999908e+01
4.413225599999999815e+01
3.625149600000000305e+01
4.097995200000000438e+01
3.782764799999999639e+01
2.521843199999999996e+01
3.940380000000000393e+01
4.097995200000000438e+01
3.625149600000000305e+01
3.940380000000000393e+01
3.940380000000000393e+01
4.097995199999999727e+01
4.570840800000000570e+01
3.467534400000000261e+01
2.206612799999999908e+01
2.521843199999999996e+01
3.782764799999999639e+01
3.782764799999999639e+01
3.467534400000000261e+01
2.994688800000000128e+01
4.570840800000000570e+01
3.625149600000000305e+01
2.364227999999999952e+01
3.152304000000000173e+01
2.679458400000000040e+01
4.097995200000000438e+01
3.782764799999999639e+01
2.837073600000000084e+01
3.940380000000000393e+01
4.570840800000000570e+01
4.255610400000000482e+01
3.625149600000000305e+01
2.837073600000000084e+01
3.467534400000000261e+01
2.679458400000000040e+01
2.521843199999999996e+01
2.994688800000000128e+01
2.994688800000000128e+01
2.206612800000000263e+01
5.043686399999999992e+01
2.994688800000000128e+01
3.467534400000000261e+01
3.309919200000000217e+01
2.521843199999999996e+01
2.521843199999999996e+01
3.782764799999999639e+01
4.570840800000000570e+01
2.994688800000000128e+01
1.891382399999999819e+01
2.837073600000000084e+01
3.467534400000000261e+01
2.521843199999999996e+01
2.679458400000000040e+01
3.625149600000000305e+01
2.837073600000000084e+01
4.097995200000000438e+01
3.940380000000000393e+01
4.728455999999999904e+01
3.467534400000000261e+01
3.625149600000000305e+01
3.152304000000000173e+01
2.364227999999999952e+01
5.201301600000000747e+01
3.309919200000000217e+01
2.679458400000000040e+01
3.309919200000000217e+01
4.728455999999999904e+01
5.043686399999999992e+01
4.097995199999999727e+01
4.097995199999999727e+01
3.782764799999999639e+01
3.625149600000000305e+01
5.201301600000000747e+01
3.940380000000000393e+01
3.625149600000000305e+01
2.679458400000000040e+01
4.413225599999999815e+01
3.940380000000000393e+01
3.309919200000000217e+01
3.625149600000000305e+01
4.728456000000000614e+01
3.782764800000000349e+01
3.782764800000000349e+01
3.467534400000000261e+01
4.097995200000000438e+01
2.206612799999999908e+01
3.625149600000000305e+01
3.467534400000000261e+01
2.994688800000000128e+01
3.625149600000000305e+01
4.886071200000000658e+01
4.413225599999999815e+01
4.886071200000000658e+01
3.467534400000000261e+01
2.837073600000000084e+01
4.097995199999999727e+01
4.097995199999999727e+01
3.467534400000000261e+01
3.309919200000000217e+01
2.837073599999999729e+01
1.260921600000000176e+01
3.940380000000000393e+01
2.679458400000000040e+01
3.940380000000000393e+01
3.782764800000000349e+01
3.152304000000000173e+01
5.201301600000000036e+01
5.043686399999999992e+01
3.467534400000000261e+01
3.309919200000000217e+01
4.570840800000000570e+01
2.521843199999999996e+01
4.097995199999999727e+01
4.097995199999999727e+01
2.521843199999999996e+01
2.679458400000000040e+01
4.097995200000000438e+01
2.994688800000000128e+01
0.000000000000000000e+00
3.152303999999999995e+00
3.152304000000000173e+01
3.467534400000000261e+01
4.097995199999999727e+01
2.679458400000000040e+01
4.413225599999999815e+01
3.625149600000000305e+01
2.521843199999999996e+01
2.206612799999999908e+01
3.309919200000000217e+01
2.206612800000000263e+01
2.521843199999999996e+01
3.467534400000000261e+01
4.570840800000000570e+01
3.940380000000000393e+01
1.576152000000000086e+01
1.260921600000000176e+01
3.467534400000000261e+01
2.521843199999999996e+01
3.152304000000000173e+01
3.152304000000000173e+01
2.994688800000000128e+01
2.048997599999999863e+01
2.521843199999999996e+01
5.043686399999999992e+01
4.570840800000000570e+01
2.364227999999999952e+01
3.467534400000000261e+01
3.940380000000000393e+01
2.837073600000000440e+01
2.679458400000000040e+01
2.364227999999999952e+01
1.733767200000000130e+01
3.625149600000000305e+01
3.467534400000000261e+01
2.206612799999999908e+01
3.782764799999999639e+01
3.940380000000000393e+01
4.097995200000000438e+01
1.733767200000000130e+01
4.728455999999999904e+01
4.097995200000000438e+01
3.309919200000000217e+01
3.782764800000000349e+01
2.679458400000000040e+01
3.782764800000000349e+01
4.570840800000000570e+01
2.364227999999999952e+01
4.570840800000000570e+01
4.413225599999999815e+01
4.255610400000000482e+01
1.733767200000000130e+01
2.837073600000000084e+01
3.625149600000000305e+01
4.255610400000000482e+01
3.152303999999999817e+01
1.418536800000000042e+01
2.206612799999999908e+01
3.152304000000000173e+01
2.521843199999999996e+01
3.309919200000000217e+01
2.837073600000000084e+01
3.309919200000000217e+01
2.206612799999999908e+01
1.891382400000000175e+01
3.625149600000000305e+01
4.570840800000000570e+01
3.782764799999999639e+01
3.625149600000000305e+01
4.097995200000000438e+01
3.152304000000000173e+01
3.309919200000000217e+01
2.521843199999999996e+01
2.206612799999999908e+01
4.413225599999999815e+01
2.048997599999999863e+01
2.837073600000000084e+01
2.521843199999999996e+01
2.837073600000000084e+01
3.782764800000000349e+01
4.413225599999999815e+01
2.364227999999999952e+01
2.206612799999999908e+01
4.570840800000000570e+01
2.837073600000000440e+01
4.728455999999999904e+01
3.782764799999999639e+01
3.309919200000000217e+01
1.891382399999999819e+01
2.994688800000000128e+01
4.255610399999999771e+01
2.679458400000000040e+01
4.886071200000000658e+01
2.679458400000000040e+01
3.467534399999999550e+01
3.625149600000000305e+01
3.467534400000000261e+01
1.891382399999999819e+01
2.679458400000000040e+01
2.521843199999999996e+01
3.625149600000000305e+01
4.255610400000000482e+01
4.728456000000000614e+01
2.364227999999999952e+01
3.152304000000000173e+01
2.364227999999999952e+01
2.521843199999999996e+01
3.467534399999999550e+01
3.467534400000000261e+01
4.255610400000000482e+01
3.625149600000000305e+01
3.940380000000000393e+01
3.152304000000000173e+01
3.625149600000000305e+01
4.886071200000000658e+01
3.309919200000000217e+01
3.467534400000000261e+01
4.255610400000000482e+01
1.418536800000000042e+01
2.364228000000000307e+01
2.837073600000000084e+01
2.679458400000000040e+01
1.733767200000000130e+01
3.309919200000000217e+01
2.521843199999999996e+01
2.206612799999999908e+01
2.679458400000000040e+01
4.255610400000000482e+01
3.625149600000000305e+01
2.521843199999999996e+01
2.994688800000000128e+01
3.467534400000000261e+01
3.467534400000000261e+01
2.206612799999999908e+01
3.152304000000000173e+01
3.940380000000000393e+01
3.467534399999999550e+01
3.782764800000000349e+01
2.837073600000000084e+01
2.521843200000000351e+01
2.679458400000000040e+01
2.994688800000000128e+01
2.837073600000000084e+01
2.206612799999999908e+01
2.521843199999999996e+01
3.309919200000000217e+01
4.413225599999999815e+01
3.782764800000000349e+01
2.521843199999999996e+01
1.576152000000000086e+01
2.837073600000000084e+01
2.837073600000000084e+01
1.891382399999999819e+01
1.891382399999999819e+01
3.625149600000000305e+01
3.467534400000000261e+01
2.994688800000000128e+01
3.782764799999999639e+01
4.728456000000000614e+01
3.152304000000000173e+01
2.521843199999999996e+01
3.940380000000000393e+01
4.255610400000000482e+01
3.782764800000000349e+01
4.728455999999999904e+01
2.521843199999999996e+01
4.097995199999999727e+01
3.940380000000000393e+01
2.521843199999999996e+01
3.152304000000000173e+01
3.309919200000000217e+01
2.679458400000000040e+01
2.364228000000000307e+01
3.152304000000000173e+01
2.206612799999999908e+01
2.837073599999999729e+01
5.043686399999999992e+01
4.570840800000000570e+01
4.413225599999999815e+01
2.364227999999999952e+01
4.255610400000000482e+01
3.625149600000000305e+01
2.679458400000000040e+01
1.260921599999999820e+01
3.152304000000000173e+01
5.043686399999999992e+01
2.206612800000000263e+01
4.097995199999999727e+01
1.733767200000000486e+01
3.152304000000000173e+01
3.467534400000000261e+01
2.994688800000000128e+01
2.521843199999999996e+01
2.994688800000000128e+01
3.940380000000000393e+01
3.152304000000000173e+01
3.467534399999999550e+01
4.097995199999999727e+01
3.940380000000000393e+01
2.364228000000000307e+01
3.467534400000000261e+01
2.994688800000000128e+01
3.467534399999999550e+01
2.364227999999999952e+01
3.152304000000000173e+01
3.625149600000000305e+01
3.467534400000000261e+01
2.206612799999999908e+01
3.625149600000000305e+01
4.255610400000000482e+01
2.837073600000000084e+01
4.097995199999999727e+01
3.309919200000000217e+01
1.576152000000000086e+01
2.206612799999999908e+01
3.467534400000000261e+01
4.255610400000000482e+01
4.097995199999999727e+01
1.418536800000000042e+01
2.521843199999999996e+01
4.413225599999999815e+01
2.994688800000000128e+01
3.782764800000000349e+01
2.837073600000000084e+01
2.837073600000000084e+01
3.625149600000000305e+01
2.521843200000000351e+01
2.206612799999999908e+01
1.733767200000000130e+01
2.679458400000000040e+01
2.679458400000000040e+01
2.994688800000000128e+01
2.837073600000000084e+01
2.521843199999999996e+01
2.206612799999999908e+01
3.152304000000000173e+01
2.206612800000000263e+01
3.782764800000000349e+01
4.413225599999999815e+01
2.679458400000000040e+01
3.625149600000000305e+01
1.260921599999999998e+01
2.679458400000000040e+01
4.413225599999999815e+01
4.413225600000000526e+01
2.679458400000000040e+01
2.521843200000000351e+01
2.837073600000000440e+01
3.309919200000000217e+01
2.364228000000000307e+01
2.679458400000000040e+01
1.418536800000000042e+01
2.521843199999999996e+01
3.782764799999999639e+01
1.891382400000000175e+01
2.837073600000000084e+01
2.048997599999999863e+01
3.152304000000000173e+01
2.679458400000000040e+01
3.940380000000000393e+01
2.048997599999999863e+01
2.837073599999999729e+01
3.467534399999999550e+01
3.782764800000000349e+01
2.364227999999999952e+01
3.625149600000000305e+01
3.152304000000000173e+01
5.201301600000000747e+01
2.679458400000000040e+01
4.097995199999999727e+01
3.782764800000000349e+01
3.152304000000000173e+01
2.521843199999999996e+01
2.679458400000000040e+01
2.679458400000000040e+01
4.413225599999999815e+01
2.206612799999999908e+01
1.733767200000000130e+01
2.994688800000000128e+01
3.152304000000000173e+01
3.467534399999999550e+01
3.152303999999999817e+01
3.625149600000000305e+01
3.782764800000000349e+01
1.733767200000000130e+01
2.206612799999999908e+01
2.679458400000000040e+01
3.467534400000000261e+01
4.728455999999999904e+01
2.206612800000000263e+01
3.782764799999999639e+01
3.309919200000000217e+01
2.364227999999999952e+01
2.048997599999999863e+01
2.837073600000000084e+01
2.521843199999999996e+01
2.679458400000000040e+01
2.206612799999999908e+01
3.309919200000000217e+01
3.940380000000000393e+01
3.152304000000000173e+01
4.886071200000000658e+01
3.152304000000000173e+01
2.364227999999999952e+01
2.837073599999999729e+01
3.152303999999999817e+01
2.837073599999999729e+01
1.733767200000000130e+01
3.152304000000000528e+01
2.521843199999999996e+01
3.782764799999999639e+01
3.152304000000000173e+01
3.309919200000000217e+01
2.837073600000000084e+01
3.152304000000000173e+01
2.048997599999999863e+01
4.728455999999999904e+01
2.837073600000000084e+01
1.576152000000000086e+01
2.679458400000000040e+01
4.255610400000000482e+01
3.782764799999999639e+01
2.837073600000000084e+01
2.679458400000000040e+01
3.467534399999999550e+01
3.467534399999999550e+01
2.679458400000000040e+01
3.940380000000000393e+01
2.679458400000000040e+01
3.309919200000000217e+01
3.152304000000000173e+01
1.891382400000000175e+01
1.891382399999999819e+01
3.467534400000000261e+01
2.994688800000000128e+01
2.679458400000000040e+01
3.782764800000000349e+01
1.733767200000000130e+01
2.994688800000000128e+01
2.837073600000000084e+01
4.255610400000000482e+01
3.309919200000000217e+01
2.364227999999999952e+01
3.625149600000000305e+01
4.413225599999999815e+01
2.521843200000000351e+01
3.625149600000000305e+01
4.097995199999999727e+01
1.103306399999999954e+01
2.364227999999999952e+01
2.994688800000000128e+01
3.467534400000000261e+01
2.994688800000000128e+01
7.880759999999998655e+00
1.891382400000000175e+01
3.309919200000000217e+01
2.679458400000000040e+01
2.521843199999999996e+01
2.994688800000000128e+01
2.521843199999999996e+01
3.625149600000000305e+01
4.097995199999999727e+01
3.940380000000000393e+01
2.679458400000000040e+01
1.260921599999999998e+01
1.733767199999999775e+01
2.679458400000000040e+01
3.782764799999999639e+01
1.891382399999999819e+01
2.679458400000000040e+01
3.940380000000000393e+01
3.152304000000000173e+01
3.309919200000000217e+01
3.152304000000000173e+01
3.782764799999999639e+01
2.048997599999999863e+01
3.152304000000000173e+01
3.152304000000000173e+01
4.097995200000000438e+01
2.679458400000000040e+01
2.521843199999999996e+01
2.679458400000000040e+01
3.152304000000000173e+01
3.625149600000000305e+01
2.364227999999999952e+01
3.940380000000000393e+01
2.994688800000000128e+01
3.782764799999999639e+01
4.097995200000000438e+01
2.994688800000000128e+01
2.994688800000000128e+01
2.994688800000000128e+01
3.782764800000000349e+01
3.467534400000000261e+01
4.728455999999999904e+01
2.679458400000000040e+01
2.679458400000000040e+01
4.413225599999999815e+01
3.782764800000000349e+01
2.364227999999999952e+01
2.679458400000000040e+01
2.048997600000000219e+01
2.048997599999999863e+01
2.206612799999999908e+01
1.576152000000000264e+01
3.940380000000000393e+01
3.467534400000000261e+01
3.625149600000000305e+01
4.255610400000000482e+01
1.891382400000000175e+01
2.521843199999999996e+01
2.837073600000000440e+01
7.880760000000000431e+00
9.456912000000000873e+00
4.886071199999999948e+01
2.521843199999999996e+01
2.206612799999999908e+01
2.679458400000000040e+01
2.679458400000000040e+01
1.733767199999999775e+01
3.309919200000000217e+01
3.309919200000000217e+01
2.048997599999999863e+01
3.940380000000000393e+01
3.782764799999999639e+01
2.048997600000000219e+01
2.994688800000000128e+01
2.206612799999999908e+01
2.364228000000000307e+01
4.413225599999999815e+01
4.097995199999999727e+01
3.782764800000000349e+01
3.940380000000000393e+01
2.837073599999999729e+01
2.837073599999999729e+01
2.679458400000000040e+01
3.625149600000000305e+01
3.309919200000000217e+01
2.679458400000000040e+01
4.097995200000000438e+01
3.152304000000000528e+01
3.467534400000000261e+01
2.994688800000000128e+01
1.260921599999999998e+01
3.782764800000000349e+01
2.994688800000000128e+01
3.309919200000000217e+01
3.309919200000000217e+01
4.097995199999999727e+01
3.467534400000000261e+01
3.309919200000000217e+01
2.994688800000000128e+01
1.733767199999999775e+01
1.576152000000000086e+01
3.309919200000000217e+01
3.467534399999999550e+01
1.260921599999999998e+01
3.309919200000000217e+01
3.940380000000000393e+01
2.994688800000000128e+01
3.152304000000000528e+01
1.891382400000000175e+01
3.625149600000000305e+01
3.152304000000000173e+01
2.521843199999999996e+01
3.782764799999999639e+01
6.304607999999999102e+00
3.152303999999999817e+01
3.625149600000000305e+01
2.048997600000000219e+01
3.625149600000000305e+01
2.206612800000000263e+01
3.467534400000000261e+01
2.364228000000000307e+01
2.521843200000000351e+01
3.152304000000000173e+01
4.570840800000000570e+01
2.994688800000000128e+01
1.733767200000000130e+01
4.255610399999999771e+01
2.994688800000000128e+01
3.467534399999999550e+01
3.309919200000000217e+01
5.201301600000000747e+01
2.364228000000000307e+01
2.994688800000000128e+01
2.521843199999999996e+01
3.782764800000000349e+01
3.625149600000000305e+01
2.364227999999999952e+01
3.152304000000000173e+01
4.255610400000000482e+01
1.733767200000000130e+01
3.625149600000000305e+01
3.152304000000000173e+01
2.364227999999999952e+01
1.103306399999999954e+01
2.994688800000000128e+01
4.886071200000000658e+01
2.521843199999999996e+01
3.625149600000000305e+01
2.521843199999999996e+01
2.364227999999999952e+01
3.467534400000000261e+01
1.733767200000000130e+01
1.576152000000000086e+01
2.048997599999999863e+01
3.467534400000000261e+01
1.733767200000000130e+01
2.994688800000000484e+01
3.309919200000000217e+01
1.418536799999999864e+01
2.521843199999999996e+01
3.152304000000000173e+01
2.048997600000000219e+01
1.891382399999999819e+01
3.625149600000000305e+01
2.679458400000000040e+01
4.097995200000000438e+01
3.309919200000000217e+01
2.521843199999999996e+01
1.891382399999999819e+01
4.413225599999999815e+01
2.837073600000000084e+01
1.576152000000000264e+01
1.260921599999999820e+01
2.837073600000000084e+01
2.521843199999999996e+01
1.891382399999999819e+01
2.994688800000000128e+01
2.837073600000000084e+01
2.837073600000000084e+01
2.837073599999999729e+01
4.255610399999999771e+01
3.940380000000000393e+01
2.048997599999999863e+01
2.679458400000000040e+01
1.260921600000000176e+01
3.940380000000000393e+01
1.103306399999999954e+01
2.837073600000000084e+01
3.782764799999999639e+01
2.994688800000000128e+01
3.309919200000000217e+01
2.206612800000000263e+01
1.418536800000000042e+01
2.994688800000000128e+01
3.625149600000000305e+01
3.625149600000000305e+01
2.048997599999999863e+01
2.048997599999999863e+01
2.364227999999999952e+01
3.309919200000000217e+01
1.103306399999999954e+01
1.260921600000000176e+01
2.364228000000000307e+01
2.994688800000000128e+01
3.625149600000000305e+01
3.467534400000000261e+01
2.994688800000000128e+01
1.891382400000000175e+01
3.152303999999999817e+01
3.940380000000000393e+01
3.625149600000000305e+01
3.782764799999999639e+01
1.576151999999999731e+01
1.733767199999999775e+01
9.456912000000000873e+00
2.679458400000000040e+01
3.467534400000000261e+01
1.733767200000000130e+01
1.891382400000000175e+01
2.521843199999999996e+01
3.940380000000000393e+01
3.625149600000000305e+01
3.467534400000000261e+01
2.994688800000000128e+01
7.880760000000000431e+00
2.206612799999999908e+01
3.309919200000000217e+01
2.994688800000000128e+01
2.994688800000000128e+01
1.418536800000000042e+01
2.837073600000000084e+01
4.255610400000000482e+01
4.570840800000000570e+01
3.152303999999999817e+01
2.364227999999999952e+01
2.206612799999999908e+01
3.152304000000000173e+01
2.364227999999999952e+01
1.733767200000000130e+01
2.521843199999999996e+01
2.837073600000000084e+01
1.891382400000000175e+01
2.364227999999999952e+01
2.679458400000000040e+01
3.467534400000000261e+01
2.837073600000000084e+01
1.576152000000000264e+01
7.880760000000001320e+00
2.364227999999999952e+01
3.152304000000000173e+01
2.521843199999999996e+01
2.206612799999999908e+01
4.097995200000000438e+01
4.413225599999999815e+01
2.679458400000000040e+01
2.206612799999999908e+01
2.364227999999999952e+01
9.456911999999999097e+00
1.891382399999999819e+01
2.048997600000000219e+01
1.891382400000000175e+01
2.364227999999999952e+01
3.782764800000000349e+01
3.940380000000000393e+01
3.309919200000000217e+01
2.206612799999999908e+01
3.467534400000000261e+01
2.994688800000000128e+01
3.309919200000000217e+01
2.206612799999999908e+01
2.837073600000000084e+01
2.679458400000000040e+01
3.782764800000000349e+01
2.994688800000000128e+01
2.521843199999999996e+01
2.837073599999999729e+01
1.576152000000000086e+01
1.103306399999999776e+01
1.891382400000000175e+01
2.048997599999999863e+01
1.260921599999999820e+01
7.880760000000002208e+00
1.103306400000000131e+01
1.891382399999999819e+01
1.891382400000000175e+01
2.364228000000000307e+01
2.679458400000000040e+01
2.364227999999999952e+01
3.467534400000000261e+01
2.364227999999999952e+01
3.309919200000000217e+01
3.309919200000000217e+01
2.206612800000000263e+01
2.837073600000000084e+01
3.467534399999999550e+01
1.260921599999999998e+01
2.206612800000000263e+01
3.625149600000000305e+01
3.309919200000000217e+01
2.521843199999999996e+01
2.048997600000000219e+01
1.260921599999999998e+01
3.152304000000000173e+01
3.152304000000000173e+01
3.940380000000000393e+01
3.625149600000000305e+01
2.048997600000000219e+01
2.364227999999999952e+01
3.152304000000000173e+01
1.733767200000000130e+01
2.837073600000000084e+01
2.206612800000000263e+01
2.837073600000000084e+01
2.048997600000000219e+01
2.837073600000000084e+01
2.837073600000000084e+01
3.152304000000000173e+01
2.837073600000000084e+01
2.206612799999999908e+01
2.206612799999999908e+01
2.994688800000000128e+01
2.048997599999999863e+01
2.679458400000000040e+01
2.206612800000000263e+01
2.679458400000000040e+01
1.891382399999999819e+01
4.097995199999999727e+01
2.206612799999999908e+01
1.891382400000000175e+01
2.837073600000000084e+01
3.309919200000000217e+01
2.521843199999999996e+01
1.576152000000000086e+01
2.364227999999999952e+01
3.309919200000000217e+01
1.260921599999999998e+01
3.625149600000000305e+01
1.733767200000000130e+01
3.940380000000000393e+01
2.994688800000000128e+01
2.837073599999999729e+01
1.891382399999999819e+01
2.521843200000000351e+01
3.152304000000000173e+01
4.255610400000000482e+01
3.625149600000000305e+01
3.309919200000000217e+01
2.679458400000000040e+01
2.837073600000000084e+01
2.837073599999999729e+01
4.255610400000000482e+01
2.048997599999999863e+01
1.576152000000000086e+01
2.206612799999999908e+01
2.994688800000000128e+01
3.467534400000000261e+01
3.467534399999999550e+01
2.206612799999999908e+01
2.206612799999999908e+01
2.521843199999999996e+01
1.891382400000000175e+01
2.679458400000000040e+01
2.837073599999999729e+01
3.467534400000000261e+01
1.418536800000000042e+01
2.206612800000000263e+01
3.625149600000000305e+01
3.467534400000000261e+01
2.206612799999999908e+01
2.679458400000000040e+01
3.467534400000000261e+01
2.364227999999999952e+01
4.570840800000000570e+01
2.521843199999999996e+01
2.679458400000000040e+01
2.521843199999999996e+01
3.467534400000000261e+01
2.206612799999999908e+01
2.364228000000000307e+01
2.521843199999999996e+01
2.364228000000000307e+01
2.364227999999999952e+01
2.994688800000000128e+01
2.521843199999999996e+01
2.048997600000000219e+01
2.206612799999999908e+01
2.994688800000000128e+01
3.625149600000000305e+01
4.097995200000000438e+01
3.625149600000000305e+01
2.994688800000000128e+01
3.152304000000000173e+01
2.837073600000000084e+01
3.152304000000000173e+01
3.152304000000000173e+01
2.206612800000000263e+01
2.679458400000000040e+01
2.994688800000000128e+01
2.994688800000000128e+01
1.733767200000000130e+01
4.097995200000000438e+01
3.782764800000000349e+01
3.782764800000000349e+01
2.364227999999999952e+01
1.733767200000000130e+01
2.521843199999999996e+01
2.206612799999999908e+01
2.679458400000000040e+01
2.994688800000000128e+01
2.837073600000000084e+01
2.364227999999999952e+01
2.206612799999999908e+01
2.048997600000000219e+01
2.048997599999999863e+01
2.206612800000000263e+01
2.679458400000000040e+01
1.733767200000000130e+01
3.309919200000000217e+01
2.994688800000000128e+01
3.625149600000000305e+01
3.152304000000000173e+01
3.782764799999999639e+01
3.309919200000000217e+01
1.103306399999999954e+01
1.733767200000000130e+01
2.364227999999999952e+01
1.891382400000000175e+01
2.521843199999999996e+01
2.521843199999999996e+01
3.940380000000000393e+01
3.152304000000000173e+01
3.782764800000000349e+01
2.521843199999999996e+01
3.309919200000000217e+01
2.521843199999999996e+01
3.625149600000000305e+01
1.891382400000000175e+01
2.679458400000000040e+01
3.782764800000000349e+01
4.097995199999999727e+01
2.679458400000000040e+01
2.206612799999999908e+01
1.576152000000000086e+01
2.364227999999999952e+01
3.467534399999999550e+01
4.255610400000000482e+01
1.260921600000000176e+01
2.048997599999999863e+01
3.625149600000000305e+01
2.837073600000000084e+01
2.521843199999999996e+01
2.521843199999999996e+01
3.467534400000000261e+01
3.152304000000000173e+01
2.837073600000000084e+01
2.364227999999999952e+01
2.837073600000000084e+01
2.364227999999999952e+01
2.206612799999999908e+01
3.309919200000000217e+01
2.837073600000000084e+01
3.152303999999999817e+01
2.364228000000000307e+01
2.364227999999999952e+01
3.152304000000000173e+01
1.891382399999999819e+01
1.418536799999999864e+01
2.048997600000000219e+01
6.304607999999999102e+00
1.891382400000000175e+01
1.733767200000000130e+01
2.994688800000000128e+01
2.521843200000000351e+01
1.733767200000000130e+01
1.733767200000000486e+01
3.782764800000000349e+01
2.679458400000000040e+01
3.625149600000000305e+01
2.048997599999999863e+01
1.891382400000000175e+01
2.837073600000000084e+01
3.152304000000000173e+01
3.309919200000000217e+01
2.521843199999999996e+01
4.413225600000000526e+01
2.837073600000000084e+01
2.679458400000000040e+01
3.467534399999999550e+01
3.152304000000000173e+01
2.679458400000000040e+01
4.255610400000000482e+01
3.309919200000000217e+01
2.994688800000000128e+01
2.994688800000000128e+01
2.837073600000000084e+01
2.679458400000000040e+01
2.206612799999999908e+01
2.679458400000000040e+01
4.728455999999999904e+01
2.837073600000000084e+01
4.413225599999999815e+01
3.152304000000000173e+01
2.364227999999999952e+01
2.364227999999999952e+01
2.364227999999999952e+01
3.152304000000000173e+01
3.782764799999999639e+01
2.679458400000000040e+01
2.679458400000000040e+01
3.467534400000000261e+01
2.837073600000000084e+01
3.940380000000000393e+01
3.782764799999999639e+01
2.206612800000000263e+01
3.152303999999999817e+01
2.521843199999999996e+01
4.097995199999999727e+01
2.521843200000000351e+01
3.309919200000000217e+01
2.521843200000000351e+01
2.994688800000000128e+01
3.152304000000000173e+01
2.679458400000000040e+01
1.891382400000000175e+01
2.048997599999999863e+01
2.364228000000000307e+01
2.206612799999999908e+01
2.679458400000000040e+01
3.782764799999999639e+01
2.679458400000000040e+01
2.679458400000000040e+01
3.152304000000000173e+01
1.103306399999999954e+01
1.733767200000000130e+01
3.782764799999999639e+01
2.679458400000000040e+01
1.576152000000000086e+01
2.679458400000000040e+01
3.625149600000000305e+01
3.940380000000000393e+01
2.048997599999999863e+01
2.048997600000000219e+01
4.413225599999999815e+01
2.521843199999999996e+01
2.048997600000000219e+01
2.521843199999999996e+01
2.994688800000000128e+01
3.940380000000000393e+01
2.679458400000000040e+01
3.625149600000000305e+01
3.309919200000000217e+01
2.521843199999999996e+01
3.309919200000000217e+01
3.309919200000000217e+01
2.048997599999999863e+01
3.625149600000000305e+01
3.152304000000000173e+01
2.521843199999999996e+01
1.733767199999999775e+01
1.418536799999999864e+01
2.364227999999999952e+01
3.467534400000000261e+01
2.364227999999999952e+01
1.576152000000000086e+01
2.837073600000000084e+01
2.994688800000000128e+01
2.521843199999999996e+01
2.837073600000000084e+01
1.891382399999999819e+01
1.891382399999999819e+01
1.891382399999999819e+01
2.679458400000000040e+01
3.625149600000000305e+01
3.467534400000000261e+01
1.418536800000000042e+01
1.891382400000000175e+01
2.837073600000000084e+01
3.467534400000000261e+01
3.940380000000000393e+01
1.418536800000000042e+01
1.260921599999999998e+01
2.206612799999999908e+01
1.260921599999999998e+01
1.733767199999999775e+01
1.576152000000000086e+01
2.994688800000000128e+01
2.837073600000000084e+01
2.206612799999999908e+01
2.364227999999999952e+01
3.782764800000000349e+01
3.782764800000000349e+01
1.260921600000000176e+01
1.103306400000000131e+01
3.467534400000000261e+01
3.309919200000000217e+01
1.103306399999999954e+01
2.837073600000000084e+01
2.206612799999999908e+01
4.255610400000000482e+01
3.152304000000000173e+01
3.309919200000000217e+01
3.940380000000000393e+01
3.782764799999999639e+01
3.940380000000000393e+01
2.048997599999999863e+01
3.309919200000000217e+01
2.521843199999999996e+01
4.097995199999999727e+01
1.418536800000000042e+01
1.260921599999999998e+01
2.837073600000000084e+01
2.994688800000000128e+01
3.309919200000000217e+01
2.994688800000000484e+01
2.048997599999999863e+01
3.309919200000000217e+01
2.048997599999999863e+01
3.152304000000000173e+01
2.837073600000000084e+01
2.206612799999999908e+01
2.048997599999999863e+01
1.103306399999999954e+01
9.456912000000000873e+00
1.733767199999999775e+01
2.837073600000000084e+01
2.521843199999999996e+01
3.625149600000000305e+01
1.733767200000000130e+01
2.521843199999999996e+01
2.837073600000000084e+01
1.733767200000000130e+01
3.152304000000000173e+01
2.521843199999999996e+01
2.994688800000000128e+01
2.364227999999999952e+01
2.364227999999999952e+01
2.521843199999999996e+01
2.364227999999999952e+01
2.837073599999999729e+01
3.782764800000000349e+01
2.837073600000000084e+01
2.364227999999999952e+01
2.837073599999999729e+01
2.364227999999999952e+01
3.782764799999999639e+01
2.521843199999999996e+01
1.733767199999999775e+01
2.206612799999999908e+01
2.837073600000000084e+01
2.521843199999999996e+01
3.152303999999999817e+01
3.152304000000000173e+01
2.206612799999999908e+01
2.679458400000000040e+01
7.880760000000000431e+00
1.733767199999999775e+01
3.309919200000000217e+01
2.679458400000000040e+01
2.679458400000000040e+01
3.625149600000000305e+01
2.048997599999999863e+01
2.048997600000000219e+01
2.206612799999999908e+01
2.048997599999999863e+01
2.837073600000000084e+01
3.152304000000000173e+01
7.880760000000000431e+00
6.304607999999999990e+00
1.576152000000000264e+01
2.521843199999999996e+01
3.152303999999999817e+01
3.152304000000000173e+01
2.048997599999999863e+01
2.364227999999999952e+01
7.880760000000000431e+00
2.364227999999999952e+01
2.837073600000000084e+01
1.733767199999999775e+01
2.679458400000000040e+01
1.733767199999999775e+01
2.837073600000000084e+01
1.260921599999999998e+01
2.679458400000000040e+01
2.994688800000000128e+01
2.679458400000000040e+01
2.837073600000000084e+01
2.521843199999999996e+01
1.891382400000000175e+01
1.891382400000000175e+01
1.733767199999999775e+01
3.309919200000000217e+01
2.364227999999999952e+01
1.103306399999999954e+01
1.733767200000000130e+01
3.152303999999999107e+00
1.576151999999999909e+01
3.309919200000000217e+01
2.521843199999999996e+01
1.891382399999999819e+01
7.880760000000001320e+00
3.152304000000000173e+01
3.467534399999999550e+01
2.837073600000000084e+01
1.576152000000000264e+01
2.679458400000000040e+01
1.733767200000000130e+01
1.733767200000000130e+01
6.304607999999999990e+00
3.309919200000000217e+01
2.994688800000000128e+01
2.206612800000000263e+01
3.152304000000000173e+01
3.782764800000000349e+01
3.467534400000000261e+01
1.891382399999999819e+01
9.456911999999999097e+00
2.206612799999999908e+01
1.733767200000000130e+01
1.891382400000000175e+01
2.206612800000000263e+01
3.309919200000000217e+01
3.467534400000000261e+01
1.733767200000000130e+01
3.467534400000000261e+01
2.679458400000000040e+01
2.364227999999999952e+01
2.206612799999999908e+01
3.782764799999999639e+01
2.679458400000000040e+01
9.456911999999999097e+00
3.152304000000000173e+01
7.880759999999998655e+00
9.456911999999999097e+00
2.206612800000000263e+01
3.152304000000000173e+01
2.521843199999999996e+01
3.152304000000000173e+01
2.206612800000000263e+01
1.891382400000000175e+01
2.679458400000000040e+01
2.206612800000000263e+01
3.625149600000000305e+01
1.576151999999999731e+01
2.364227999999999952e+01
3.467534400000000261e+01
2.837073600000000440e+01
3.782764800000000349e+01
3.625149600000000305e+01
2.206612799999999908e+01
2.837073600000000084e+01
2.206612800000000263e+01
1.576152000000000086e+01
1.891382400000000175e+01
2.364227999999999952e+01
2.364228000000000307e+01
2.364227999999999952e+01
2.837073600000000084e+01
1.418536800000000042e+01
2.206612799999999908e+01
1.576152000000000086e+01
4.570840800000000570e+01
4.886071200000000658e+01
3.152304000000000173e+01
1.576152000000000086e+01
2.994688800000000128e+01
2.048997599999999863e+01
2.048997599999999863e+01
1.418536800000000042e+01
2.048997599999999863e+01
1.418536800000000220e+01
1.418536800000000042e+01
1.891382400000000175e+01
2.994688800000000128e+01
2.994688800000000128e+01
2.679458400000000040e+01
1.891382400000000175e+01
2.048997599999999863e+01
2.364227999999999952e+01
2.521843199999999996e+01
2.521843199999999996e+01
2.837073600000000084e+01
9.456911999999999097e+00
1.418536800000000042e+01
3.309919200000000217e+01
2.048997600000000219e+01
2.837073600000000084e+01
3.625149600000000305e+01
3.152303999999999107e+00
1.891382399999999819e+01
4.097995199999999727e+01
2.048997599999999863e+01
1.891382400000000175e+01
1.733767199999999775e+01
2.521843199999999996e+01
2.837073600000000084e+01
2.206612799999999908e+01
2.521843200000000351e+01
2.994688800000000128e+01
4.413225600000000526e+01
1.418536800000000042e+01
2.048997599999999863e+01
3.467534400000000261e+01
2.679458400000000040e+01
2.837073600000000084e+01
-1.576151999999998665e+00
1.891382400000000175e+01
1.103306399999999954e+01
6.304608000000001766e+00
2.679458400000000040e+01
2.837073599999999729e+01
2.206612799999999908e+01
2.206612799999999908e+01
2.521843199999999996e+01
1.576152000000000086e+01
1.733767200000000130e+01
1.260921599999999998e+01
2.837073600000000084e+01
2.364227999999999952e+01
1.733767200000000130e+01
2.048997599999999863e+01
2.994688800000000128e+01
2.994688800000000128e+01
1.576152000000000086e+01
2.837073600000000084e+01
3.309919200000000217e+01
3.625149600000000305e+01
2.679458400000000040e+01
1.103306399999999954e+01
2.048997600000000219e+01
2.521843199999999996e+01
1.891382399999999819e+01
2.837073600000000084e+01
3.782764799999999639e+01
1.576152000000000086e+01
4.097995199999999727e+01
1.891382399999999819e+01
2.364227999999999952e+01
2.048997600000000219e+01
2.994688800000000128e+01
2.837073600000000084e+01
1.733767199999999775e+01
2.048997599999999863e+01
3.152303999999999817e+01
2.837073599999999729e+01
2.364227999999999952e+01
2.837073600000000084e+01
3.152304000000000173e+01
2.364227999999999952e+01
1.733767199999999775e+01
3.782764799999999639e+01
1.576152000000000086e+01
2.206612799999999908e+01
6.304608000000001766e+00
2.679458400000000040e+01
2.521843199999999996e+01
1.103306399999999954e+01
2.521843199999999996e+01
2.364227999999999952e+01
2.206612800000000263e+01
1.576152000000000086e+01
2.521843199999999996e+01
1.891382400000000175e+01
1.260921599999999998e+01
2.679458400000000040e+01
2.837073600000000084e+01
2.994688800000000128e+01
2.679458400000000040e+01
2.364228000000000307e+01
3.467534399999999550e+01
3.467534399999999550e+01
2.048997599999999863e+01
2.521843199999999996e+01
1.418536800000000042e+01
1.891382399999999819e+01
1.891382400000000175e+01
3.467534400000000261e+01
3.467534399999999550e+01
2.048997599999999863e+01
2.048997599999999863e+01
1.103306400000000131e+01
2.048997599999999863e+01
2.206612800000000263e+01
3.467534400000000261e+01
2.206612799999999908e+01
2.679458400000000040e+01
2.679458400000000040e+01
1.733767200000000130e+01
3.467534399999999550e+01
2.994688800000000128e+01
5.043686399999999992e+01
5.201301600000000036e+01
1.276683120000000002e+02
2.096282160000000090e+02
2.695219920000000116e+02
3.798526320000000283e+02
3.120780960000000164e+02
2.679458400000000324e+02
2.679458399999999756e+02
2.632173840000000382e+02
2.521843200000000422e+02
2.506081679999999778e+02
2.537604719999999645e+02
2.506081680000000063e+02
2.269658879999999783e+02
2.238135840000000201e+02
2.285420400000000143e+02
2.190851279999999974e+02
2.127805200000000241e+02
2.159328239999999823e+02
2.064759119999999939e+02
1.985951520000000130e+02
1.796813280000000077e+02
1.796813280000000077e+02
1.749528719999999851e+02
1.749528720000000135e+02
1.781051760000000002e+02
1.513105919999999855e+02
1.591913519999999949e+02
1.497344400000000064e+02
1.355490719999999953e+02
1.497344400000000064e+02
1.402775279999999896e+02
1.402775279999999896e+02
1.418536799999999971e+02
1.292444640000000220e+02
1.260921599999999785e+02
1.276683120000000145e+02
1.260921600000000069e+02
1.308206160000000011e+02
1.119067919999999958e+02
1.087544880000000092e+02
1.229398560000000060e+02
9.456912000000001228e+01
1.103306400000000167e+02
9.614527199999999141e+01
9.772142400000001317e+01
1.040260320000000007e+02
8.511220800000000963e+01
1.087544880000000092e+02
8.353605600000000209e+01
7.092683999999999855e+01
9.299296800000000474e+01
8.195990399999999454e+01
8.195990400000000875e+01
8.668835999999998876e+01
8.038375199999998699e+01
7.250299200000000610e+01
8.353605600000000209e+01
8.353605600000000209e+01
7.092683999999999855e+01
8.195990399999999454e+01
5.674147199999999458e+01
6.777453599999999767e+01
6.619838400000000433e+01
5.516531999999999414e+01
6.619838400000000433e+01
4.886071199999999948e+01
6.935068800000001943e+01
5.674147200000000169e+01
5.043686399999999992e+01
5.516532000000000835e+01
6.462223199999999679e+01
6.462223200000001100e+01
5.201301599999999326e+01
7.250299199999999189e+01
6.304608000000000345e+01
5.989377600000000257e+01
7.407914399999999944e+01
6.146992800000001012e+01
5.043686399999999992e+01
4.886071200000000658e+01
4.570840799999999859e+01
4.413225599999999815e+01
5.358916800000000791e+01
5.043686399999999992e+01
5.201301599999999326e+01
5.674147200000000169e+01
4.255610400000000482e+01
6.304608000000000345e+01
4.886071199999999237e+01
3.625149600000000305e+01
3.782764800000000349e+01
3.940380000000000393e+01
5.358916800000000080e+01
3.940380000000000393e+01
3.152304000000000883e+01
5.201301600000000747e+01
3.940380000000000393e+01
5.043686399999999992e+01
4.413225600000000526e+01
5.989377599999999546e+01
3.625149600000000305e+01
5.358916800000000080e+01
4.255610400000000482e+01
2.837073600000000795e+01
3.309919200000000217e+01
3.152303999999999462e+01
3.782764799999999639e+01
3.782764800000001060e+01
3.467534399999999550e+01
4.886071200000000658e+01
4.255610400000000482e+01
3.940380000000000393e+01
4.728455999999999904e+01
4.570840800000000570e+01
3.782764800000000349e+01
3.467534399999999550e+01
4.886071200000000658e+01
4.413225599999999815e+01
3.625149600000000305e+01
4.570840800000000570e+01
4.413225600000001236e+01
3.152303999999999817e+01
3.782764799999999639e+01
4.886071199999999237e+01
3.940380000000000393e+01
3.940380000000000393e+01
3.940380000000000393e+01
3.467534399999999550e+01
4.570840799999999149e+01
4.570840799999999859e+01
5.674147200000000169e+01
3.309919200000000217e+01
1.891382399999999819e+01
4.097995199999999727e+01
3.152303999999999817e+01
3.152304000000000528e+01
3.625149600000000305e+01
4.728455999999999904e+01
3.625149600000000305e+01
3.467534399999999550e+01
2.837073600000000084e+01
5.674147200000000169e+01
3.782764799999999639e+01
4.097995199999999727e+01
3.467534399999999550e+01
4.413225599999999815e+01
4.413225599999999815e+01
2.994688799999999418e+01
3.940380000000000393e+01
2.994688799999999773e+01
4.413225600000001236e+01
4.097995199999999727e+01
2.994688799999999773e+01
2.994688799999999773e+01
4.728456000000001325e+01
4.886071199999999237e+01
3.309919200000000217e+01
2.994688799999999773e+01
2.521843199999999641e+01
3.467534399999999550e+01
3.467534399999999550e+01
2.679458400000000395e+01
2.837073600000000084e+01
2.206612799999999552e+01
2.364227999999999597e+01
2.837073599999999729e+01
3.940380000000000393e+01
3.625149600000000305e+01
3.152303999999999817e+01
2.679458400000000395e+01
3.467534400000000261e+01
3.467534399999999550e+01
3.152304000000000528e+01
2.048997599999999863e+01
2.837073600000000084e+01
5.043686399999999992e+01
3.782764800000000349e+01
3.467534399999999550e+01
3.782764800000000349e+01
2.679458399999999330e+01
3.152303999999999817e+01
3.940379999999999683e+01
3.467534399999999550e+01
2.679458400000000040e+01
2.679458400000000395e+01
4.255610399999999771e+01
3.782764799999999639e+01
1.733767200000000486e+01
1.576152000000000442e+01
3.152303999999999817e+01
1.733767200000000486e+01
3.152304000000000528e+01
2.837073600000000084e+01
2.364227999999999952e+01
3.625149600000000305e+01
2.994688800000000839e+01
2.048997600000000219e+01
3.782764799999999639e+01
2.994688800000000839e+01
2.679458400000000040e+01
3.152304000000000528e+01
2.994688800000000839e+01
3.940380000000000393e+01
1.576152000000000442e+01
1.891382400000000175e+01
3.309919199999999506e+01
4.570840799999999859e+01
4.886071199999999948e+01
2.994688799999999773e+01
1.891382400000000530e+01
3.467534399999999550e+01
3.309919200000000217e+01
1.103306399999999599e+01
1.891382399999999819e+01
3.309919200000000217e+01
2.364228000000000307e+01
2.837073600000000084e+01
2.679458399999999685e+01
1.418536800000000397e+01
2.521843199999999641e+01
3.152303999999999817e+01
4.413225599999999815e+01
2.364228000000000307e+01
2.994688800000000128e+01
3.625149600000000305e+01
4.413225599999999815e+01
3.152303999999999817e+01
3.467534400000000261e+01
3.782764799999999639e+01
2.994688799999999773e+01
2.994688800000000128e+01
3.940379999999999683e+01
4.413225599999999815e+01
2.679458399999999685e+01
1.418536799999999687e+01
1.418536799999999687e+01
1.733767200000000486e+01
2.994688799999999773e+01
2.837073599999999729e+01
4.097995200000000438e+01
2.521843200000000706e+01
2.364227999999999952e+01
4.097995199999999727e+01
3.152303999999999817e+01
4.728455999999999904e+01
3.309919200000000217e+01
3.625149600000000305e+01
3.467534400000000971e+01
3.782764799999999639e+01
4.570840800000000570e+01
3.309919200000000217e+01
3.309919200000000217e+01
2.206612799999999908e+01
1.576152000000000442e+01
2.206612799999999908e+01
2.994688799999999773e+01
2.521843200000000706e+01
4.097995199999999727e+01
2.994688799999999773e+01
2.837073599999999729e+01
3.782764799999999639e+01
2.994688800000000484e+01
3.940379999999999683e+01
3.940380000000000393e+01
2.837073600000000440e+01
2.679458400000000040e+01
2.521843199999999285e+01
2.364228000000000307e+01
3.152304000000000528e+01
4.097995199999999727e+01
3.152304000000000528e+01
2.364228000000000307e+01
3.467534399999999550e+01
2.048997600000000574e+01
2.206612799999999908e+01
3.782764800000000349e+01
3.309919200000000217e+01
4.886071199999999948e+01
4.097995199999999727e+01
3.152304000000000528e+01
2.048997599999999863e+01
2.364227999999999952e+01
2.521843199999999641e+01
2.679458400000000040e+01
4.255610399999999771e+01
2.994688799999999773e+01
4.413225599999999815e+01
2.994688800000000484e+01
3.467534400000000971e+01
2.521843199999999641e+01
4.570840799999999859e+01
3.940380000000000393e+01
2.837073600000000440e+01
2.364227999999999597e+01
2.521843199999999641e+01
2.364228000000000307e+01
3.467534399999999550e+01
2.837073600000000440e+01
2.364228000000000307e+01
1.733767199999999420e+01
2.994688799999999773e+01
1.733767200000000486e+01
3.467534400000000971e+01
2.048997600000000574e+01
4.097995199999999727e+01
4.570840799999999859e+01
2.994688800000000128e+01
2.837073599999999729e+01
2.837073600000000440e+01
1.260921599999999643e+01
2.364227999999999952e+01
4.413225599999999815e+01
2.994688800000000128e+01
3.309919200000000217e+01
2.679458400000000395e+01
1.103306399999999954e+01
3.309919200000000217e+01
1.103306399999999599e+01
2.837073599999999729e+01
2.679458399999999685e+01
2.837073599999999729e+01
2.206612799999999908e+01
2.048997600000000219e+01
2.364227999999999952e+01
1.103306399999999599e+01
3.309919200000000217e+01
2.994688799999999773e+01
2.994688800000000128e+01
2.048997600000000574e+01
3.309919200000000217e+01
3.152303999999999817e+01
2.679458400000000395e+01
2.048997599999999863e+01
3.152304000000000528e+01
4.097995199999999727e+01
4.728455999999999193e+01
3.467534399999999550e+01
3.467534399999999550e+01
2.994688799999999773e+01
2.048997599999999508e+01
2.994688800000000484e+01
1.891382400000000175e+01
6.304607999999998214e+00
1.418536800000000042e+01
4.097995199999999727e+01
2.206612799999999908e+01
2.521843200000000351e+01
1.576152000000000086e+01
2.364227999999999597e+01
2.364228000000000307e+01
2.679458399999999685e+01
4.097995199999999727e+01
3.467534399999999550e+01
2.994688799999999773e+01
2.837073600000000084e+01
3.152303999999999817e+01
4.413225599999999815e+01
1.733767200000000486e+01
1.733767200000000486e+01
2.994688799999999773e+01
1.576152000000000086e+01
2.364228000000000307e+01
1.103306400000000309e+01
2.048997600000000219e+01
2.679458400000000395e+01
1.103306400000000309e+01
3.152303999999999462e+01
3.782764800000000349e+01
2.521843200000000351e+01
1.733767200000000486e+01
1.733767200000000486e+01
2.994688800000000484e+01
1.891382400000000175e+01
1.576152000000000086e+01
1.733767200000000130e+01
1.733767200000000486e+01
1.891382400000000175e+01
2.837073599999999729e+01
2.364227999999999952e+01
2.837073600000000440e+01
2.994688799999999773e+01
1.733767200000000486e+01
3.625149600000000305e+01
2.994688799999999773e+01
2.048997600000000219e+01
3.309919200000000217e+01
1.418536800000000397e+01
2.521843199999999641e+01
2.521843199999999641e+01
3.152304000000000528e+01
1.103306399999999954e+01
1.103306399999999954e+01
4.728455999999999904e+01
2.837073599999999729e+01
2.679458400000000395e+01
2.679458400000000040e+01
2.679458400000000395e+01
2.048997599999999508e+01
2.364228000000000307e+01
1.418536800000000042e+01
9.456912000000002649e+00
2.679458400000000395e+01
3.625149600000000305e+01
3.309919200000000217e+01
1.260921600000000353e+01
2.679458400000000395e+01
2.679458399999999685e+01
2.994688799999999773e+01
2.994688800000000128e+01
1.103306400000000664e+01
3.309919200000000217e+01
1.733767200000000486e+01
2.679458399999999330e+01
2.521843199999999641e+01
3.152303999999999817e+01
3.625149600000000305e+01
2.837073600000000440e+01
2.206612800000000263e+01
3.152303999999999462e+01
2.048997599999999863e+01
2.837073600000000084e+01
2.206612799999999552e+01
1.103306399999999954e+01
3.152304000000000173e+01
2.994688800000000128e+01
3.940380000000000393e+01
3.625149600000000305e+01
2.837073599999999729e+01
2.679458400000000395e+01
2.521843199999999641e+01
3.309919200000000217e+01
1.891382399999999819e+01
2.679458399999999685e+01
2.521843200000000351e+01
3.309919200000000217e+01
9.456911999999995544e+00
1.576152000000000086e+01
2.364227999999999597e+01
4.886071200000000658e+01
2.206612800000000618e+01
2.048997600000000219e+01
2.994688799999999773e+01
3.625149600000000305e+01
3.940379999999999683e+01
2.521843199999999641e+01
2.206612800000000263e+01
2.994688800000000128e+01
3.152304000000000528e+01
4.886071199999999948e+01
3.467534400000000261e+01
3.309919200000000217e+01
2.364228000000000662e+01
1.260921599999999998e+01
2.364228000000000307e+01
2.994688799999999773e+01
3.782764800000000349e+01
3.152304000000000528e+01
2.837073600000000084e+01
1.733767199999999775e+01
3.940380000000000393e+01
2.679458400000000040e+01
1.891382399999999819e+01
2.364228000000000307e+01
2.679458400000000395e+01
2.364228000000000307e+01
3.625149600000000305e+01
2.206612800000000263e+01
3.309919200000000217e+01
2.048997599999999863e+01
3.467534399999999550e+01
3.467534400000000261e+01
3.152304000000000173e+01
2.837073600000000440e+01
3.467534400000000971e+01
2.994688800000000839e+01
2.837073599999999729e+01
2.521843199999999996e+01
2.679458400000000040e+01
1.733767199999999775e+01
2.206612799999999908e+01
2.994688800000000484e+01
1.418536800000000042e+01
2.048997599999999863e+01
1.576152000000000442e+01
2.679458400000000040e+01
2.206612799999999552e+01
5.516532000000000124e+01
2.364227999999999597e+01
3.309919200000000217e+01
4.728456000000001325e+00
1.576151999999999376e+01
2.206612800000000263e+01
2.206612800000000618e+01
2.837073600000000440e+01
2.048997600000000219e+01
1.103306400000000309e+01
2.994688800000000128e+01
1.260921599999999998e+01
3.782764800000000349e+01
1.418536800000000397e+01
2.679458400000000395e+01
3.625149600000000305e+01
2.364228000000000307e+01
2.048997599999999863e+01
3.940380000000000393e+01
2.837073600000000440e+01
2.837073600000000084e+01
3.309919200000000217e+01
2.364228000000000307e+01
2.521843200000000351e+01
3.467534399999999550e+01
2.521843200000000351e+01
2.837073600000000440e+01
2.679458399999999330e+01
2.364228000000000307e+01
1.891382399999999819e+01
2.837073600000000440e+01
4.255610399999999771e+01
2.837073600000000084e+01
3.782764799999999639e+01
2.364227999999999952e+01
3.309919200000000217e+01
2.206612799999999552e+01
1.418536800000000397e+01
2.679458400000000040e+01
1.260921599999999998e+01
2.837073600000000084e+01
1.260921600000000353e+01
2.679458400000000395e+01
2.206612800000000618e+01
1.891382400000000175e+01
3.309919200000000217e+01
3.152304000000000173e+01
1.260921600000000353e+01
2.679458399999999330e+01
2.994688799999999773e+01
2.206612800000000263e+01
3.152304000000000173e+01
1.418536800000000042e+01
4.413225600000000526e+01
4.097995199999999727e+01
4.097995200000000438e+01
3.152304000000000528e+01
3.309919200000000217e+01
2.048997600000000574e+01
2.364228000000000307e+01
2.206612799999999908e+01
3.309919200000000217e+01
3.152303999999999817e+01
3.625149600000000305e+01
2.994688800000000484e+01
2.521843199999999996e+01
1.418536800000000397e+01
1.576152000000000086e+01
1.733767200000000130e+01
2.679458400000000395e+01
2.994688800000000128e+01
2.364227999999999952e+01
3.309919200000000217e+01
3.782764800000000349e+01
2.364228000000000307e+01
2.206612799999999908e+01
2.679458400000000395e+01
2.837073600000000440e+01
4.570840799999999859e+01
2.837073600000000084e+01
2.364228000000000307e+01
1.891382399999999819e+01
3.467534400000000261e+01
2.521843199999999641e+01
2.206612800000000263e+01
2.679458400000000395e+01
4.097995200000000438e+01
2.837073600000000440e+01
3.152304000000000173e+01
2.837073600000000084e+01
2.994688799999999418e+01
2.679458399999999330e+01
3.467534399999999550e+01
1.891382400000000175e+01
2.837073600000000084e+01
2.206612800000000263e+01
2.206612800000000618e+01
2.364227999999999597e+01
1.576152000000000442e+01
1.576152000000000086e+01
2.679458400000000040e+01
2.994688800000000484e+01
4.255610399999999771e+01
4.097995200000000438e+01
2.679458400000000395e+01
1.891382400000000175e+01
1.891382400000000175e+01
2.364228000000000662e+01
2.206612800000000263e+01
3.625149599999999595e+01
9.456912000000002649e+00
1.891382400000000175e+01
2.364228000000000307e+01
3.467534399999999550e+01
3.152303999999999462e+01
2.679458399999999685e+01
2.994688800000000484e+01
3.625149599999999595e+01
3.467534400000000261e+01
1.891382400000000175e+01
1.103306399999999954e+01
2.837073600000000440e+01
1.733767199999999420e+01
2.364227999999999952e+01
2.048997600000000574e+01
1.418536800000000397e+01
2.206612799999999908e+01
3.940379999999999683e+01
2.679458400000000040e+01
3.152303999999999817e+01
3.309919200000000217e+01
1.733767200000000486e+01
9.456912000000002649e+00
2.364228000000000307e+01
2.521843199999999996e+01
2.364227999999999952e+01
2.679458399999999330e+01
3.152304000000000173e+01
2.364228000000000307e+01
2.994688800000000128e+01
3.309919200000000217e+01
1.103306400000000309e+01
2.994688800000000128e+01
2.048997599999999863e+01
2.679458400000000040e+01
1.418536800000000397e+01
2.679458400000000395e+01
3.625149600000000305e+01
1.418536800000000042e+01
7.880760000000002208e+00
9.456911999999999097e+00
1.260921599999999998e+01
1.891382400000000175e+01
4.413225600000000526e+01
2.048997600000000219e+01
2.521843200000000706e+01
2.994688800000000128e+01
4.570840800000000570e+01
2.679458400000000395e+01
7.880759999999998655e+00
1.103306400000000664e+01
3.467534399999999550e+01
3.152304000000000173e+01
2.679458400000000395e+01
2.048997599999999863e+01
1.733767200000000486e+01
2.837073599999999729e+01
3.309919199999999506e+01
3.309919200000000217e+01
1.576152000000000442e+01
3.152304000000000528e+01
1.576151999999999909e+01
1.103306399999999954e+01
2.994688799999999418e+01
2.994688799999999418e+01
3.467534400000000971e+01
2.521843199999999996e+01
1.418536800000000397e+01
2.837073600000000440e+01
2.521843200000000351e+01
3.309919200000000217e+01
3.152304000000000173e+01
1.891382400000000175e+01
4.097995200000000438e+01
3.782764799999999639e+01
3.309919200000000217e+01
2.679458400000000395e+01
3.625149600000000305e+01
3.152304000000000528e+01
2.679458400000000040e+01
3.309919200000000217e+01
2.837073600000000084e+01
2.206612800000000618e+01
2.206612799999999552e+01
2.837073600000000084e+01
3.309919200000000217e+01
2.994688799999999773e+01
2.994688800000000484e+01
1.733767200000000130e+01
2.994688800000000128e+01
4.255610399999999771e+01
4.413225600000000526e+01
1.260921600000000353e+01
2.521843200000000351e+01
2.837073600000000084e+01
2.994688800000000128e+01
4.097995200000000438e+01
3.625149600000000305e+01
2.048997600000000219e+01
1.576152000000000442e+01
2.521843199999999641e+01
4.097995199999999727e+01
2.837073599999999729e+01
2.206612799999999908e+01
2.364227999999999952e+01
3.309919200000000217e+01
2.521843199999999641e+01
4.097995200000000438e+01
1.733767200000000486e+01
2.679458399999999330e+01
3.625149600000000305e+01
2.206612799999999552e+01
2.364227999999999952e+01
3.467534400000000261e+01
2.837073600000000084e+01
3.625149599999999595e+01
2.521843200000000351e+01
1.418536800000000042e+01
1.418536800000000042e+01
3.625149600000000305e+01
1.418536800000000042e+01
1.891382400000000175e+01
3.782764799999999639e+01
2.837073599999999729e+01
2.364227999999999952e+01
2.837073600000000084e+01
1.576152000000000086e+01
3.625149600000000305e+01
3.309919200000000217e+01
1.418536800000000397e+01
1.733767200000000130e+01
2.364228000000000307e+01
2.679458400000000040e+01
2.837073600000000084e+01
1.733767200000000130e+01
2.679458400000000040e+01
3.782764799999999639e+01
1.260921599999999998e+01
1.733767199999999775e+01
2.206612800000000263e+01
2.837073600000000440e+01
2.679458400000000040e+01
2.364227999999999952e+01
3.625149600000000305e+01
2.837073599999999729e+01
4.097995200000000438e+01
2.521843200000000706e+01
2.679458400000000040e+01
2.679458400000000040e+01
1.576152000000000086e+01
3.467534400000000261e+01
3.152304000000000173e+01
2.048997599999999863e+01
3.625149600000000305e+01
3.309919199999999506e+01
2.837073600000000084e+01
1.891382400000000175e+01
2.364228000000000307e+01
1.103306399999999954e+01
3.152304000000000173e+01
2.521843199999999996e+01
3.152303999999999462e+01
2.679458400000000395e+01
2.206612799999999552e+01
1.418536800000000042e+01
1.891382400000000175e+01
3.940379999999999683e+01
2.679458400000000040e+01
2.206612800000000263e+01
2.521843199999999996e+01
2.837073600000000084e+01
3.309919200000000217e+01
2.521843200000000351e+01
1.891382400000000175e+01
2.364227999999999952e+01
3.309919200000000217e+01
3.152304000000000173e+01
2.048997599999999863e+01
3.940380000000000393e+01
5.358916800000000080e+01
2.521843200000000706e+01
1.891382400000000175e+01
2.521843199999999641e+01
4.097995199999999727e+01
3.625149599999999595e+01
2.521843199999999996e+01
4.570840799999999859e+01
2.048997599999999863e+01
2.837073600000000084e+01
1.891382400000000175e+01
3.625149600000000305e+01
4.886071199999999948e+01
2.679458400000000040e+01
3.625149600000000305e+01
2.994688800000000128e+01
2.994688800000000128e+01
4.255610399999999771e+01
2.837073600000000084e+01
3.152303999999999462e+01
4.413225599999999815e+01
3.940379999999999683e+01
1.891382399999999819e+01
1.576152000000000086e+01
1.103306399999999954e+01
3.152303999999999462e+01
2.521843200000000351e+01
2.679458400000000395e+01
2.048997599999999863e+01
1.576152000000000086e+01
2.837073599999999729e+01
3.467534399999999550e+01
2.364228000000000662e+01
1.891382400000000175e+01
2.521843199999999996e+01
3.152304000000000528e+01
2.364227999999999952e+01
2.679458400000000040e+01
3.309919200000000217e+01
2.679458400000000040e+01
3.782764799999999639e+01
2.364227999999999952e+01
2.837073600000000084e+01
2.048997600000000574e+01
2.994688800000000128e+01
2.837073599999999729e+01
2.364227999999999952e+01
3.152304000000000173e+01
2.364228000000000307e+01
3.625149600000000305e+01
2.521843200000000351e+01
1.733767199999999775e+01
2.364227999999999952e+01
2.521843199999999996e+01
3.625149600000000305e+01
4.097995200000000438e+01
1.260921599999999998e+01
1.576152000000000086e+01
2.364228000000000662e+01
3.152304000000000173e+01
2.837073599999999729e+01
3.309919200000000217e+01
2.994688799999999773e+01
2.679458400000000395e+01
2.521843200000000351e+01
1.418536800000000042e+01
2.837073600000000084e+01
1.733767199999999420e+01
3.467534399999999550e+01
3.625149600000000305e+01
2.837073600000000084e+01
6.304607999999998214e+00
1.733767200000000486e+01
1.891382400000000175e+01
1.733767200000000130e+01
1.891382400000000175e+01
2.521843200000000351e+01
3.625149600000000305e+01
2.679458400000000395e+01
2.837073600000000084e+01
2.521843199999999996e+01
3.467534399999999550e+01
3.309919199999999506e+01
3.152304000000000173e+01
2.837073600000000084e+01
3.152304000000000173e+01
3.467534400000000261e+01
2.994688799999999773e+01
3.309919200000000217e+01
3.625149599999999595e+01
2.679458400000000395e+01
2.994688799999999773e+01
3.152303999999999462e+01
2.364228000000000307e+01
1.891382399999999819e+01
3.309919200000000217e+01
2.679458400000000040e+01
3.309919199999999506e+01
2.994688800000000128e+01
3.940380000000000393e+01
2.364228000000000307e+01
1.418536800000000220e+01
3.152303999999999462e+01
3.152304000000000528e+01
3.782764800000000349e+01
3.625149600000000305e+01
2.994688800000000128e+01
3.309919200000000217e+01
1.576151999999999909e+01
2.837073600000000084e+01
3.782764800000000349e+01
2.364228000000000307e+01
3.782764800000000349e+01
2.837073599999999729e+01
2.048997600000000219e+01
2.206612800000000263e+01
2.048997599999999863e+01
1.576152000000000264e+01
2.521843199999999996e+01
2.364227999999999952e+01
3.309919200000000217e+01
2.837073600000000084e+01
3.467534400000000261e+01
3.625149600000000305e+01
2.206612800000000263e+01
2.521843199999999996e+01
3.309919200000000217e+01
2.521843199999999996e+01
2.837073600000000440e+01
3.309919200000000217e+01
2.837073600000000084e+01
3.625149600000000305e+01
2.521843199999999641e+01
2.679458399999999330e+01
2.364228000000000307e+01
1.260921599999999820e+01
1.891382400000000175e+01
2.679458400000000040e+01
1.891382400000000175e+01
2.206612799999999908e+01
1.576152000000000086e+01
2.679458400000000040e+01
2.521843199999999641e+01
2.679458400000000395e+01
2.837073600000000084e+01
4.097995199999999727e+01
1.891382400000000530e+01
2.521843199999999996e+01
2.679458400000000040e+01
3.625149600000000305e+01
3.782764799999999639e+01
3.309919200000000217e+01
3.152304000000000173e+01
2.521843200000000706e+01
2.679458400000000040e+01
2.521843199999999996e+01
2.206612799999999908e+01
4.413225600000000526e+01
2.994688800000000484e+01
2.994688800000000128e+01
3.152303999999999462e+01
2.364227999999999952e+01
3.309919199999999506e+01
3.152303999999999462e+01
1.733767200000000130e+01
2.679458400000000395e+01
2.521843200000000351e+01
3.625149600000000305e+01
3.940380000000000393e+01
2.994688800000000484e+01
5.201301600000000036e+01
3.152303999999999462e+01
2.521843199999999996e+01
1.260921599999999998e+01
2.206612800000000263e+01
0.000000000000000000e+00
1.733767199999999420e+01
2.679458399999999330e+01
1.733767199999999775e+01
2.994688800000000128e+01
3.152304000000000173e+01
2.048997600000000219e+01
1.733767200000000130e+01
1.733767200000000486e+01
3.625149600000000305e+01
4.097995200000000438e+01
2.048997599999999863e+01
2.364227999999999952e+01
3.782764800000000349e+01
1.733767200000000130e+01
3.467534399999999550e+01
3.625149600000000305e+01
2.521843199999999641e+01
2.679458400000000040e+01
3.467534399999999550e+01
2.521843199999999996e+01
2.679458400000000040e+01
2.837073600000000084e+01
3.309919200000000217e+01
2.521843199999999641e+01
2.048997600000000219e+01
3.309919200000000217e+01
2.521843200000000706e+01
2.364228000000000662e+01
1.260921599999999998e+01
3.152304000000000528e+01
3.152304000000000173e+01
2.679458400000000395e+01
3.467534399999999550e+01
3.152303999999999462e+01
2.048997600000000219e+01
2.206612800000000263e+01
2.837073600000000084e+01
3.309919200000000217e+01
2.994688800000000128e+01
2.206612799999999908e+01
1.733767200000000486e+01
3.625149600000000305e+01
3.309919200000000217e+01
3.309919200000000217e+01
4.255610400000000482e+01
3.625149600000000305e+01
2.837073599999999729e+01
2.048997599999999863e+01
2.679458400000000395e+01
2.206612800000000263e+01
2.994688800000000128e+01
2.679458400000000395e+01
3.152304000000000173e+01
2.994688799999999418e+01
3.152303999999999462e+01
1.576152000000000086e+01
3.782764800000000349e+01
2.837073599999999729e+01
3.940379999999999683e+01
3.940380000000000393e+01
3.152303999999999462e+01
4.255610399999999771e+01
4.255610399999999771e+01
2.679458400000000040e+01
2.521843199999999996e+01
4.570840800000000570e+01
4.570840800000000570e+01
9.456911999999999097e+00
2.364227999999999952e+01
2.994688800000000128e+01
2.837073600000000084e+01
1.891382400000000175e+01
1.733767200000000130e+01
2.048997599999999863e+01
2.837073599999999729e+01
2.994688799999999418e+01
2.837073599999999729e+01
2.679458400000000395e+01
3.940380000000000393e+01
2.206612799999999908e+01
4.097995200000000438e+01
2.679458400000000040e+01
2.521843200000000351e+01
3.152304000000000173e+01
2.048997599999999863e+01
3.152304000000000528e+01
3.782764799999999639e+01
2.206612800000000263e+01
1.733767200000000486e+01
2.679458400000000040e+01
3.625149600000000305e+01
3.467534399999999550e+01
3.309919200000000217e+01
2.048997599999999863e+01
2.679458400000000040e+01
3.152304000000000173e+01
2.364228000000000307e+01
2.837073600000000440e+01
2.679458400000000395e+01
2.364227999999999952e+01
2.206612799999999908e+01
3.309919200000000217e+01
3.309919200000000217e+01
1.418536800000000220e+01
2.679458400000000040e+01
2.206612800000000263e+01
3.467534400000000261e+01
4.097995199999999727e+01
2.206612800000000263e+01
3.309919200000000217e+01
2.837073600000000084e+01
2.521843200000000706e+01
2.206612800000000263e+01
2.837073600000000084e+01
3.152304000000000173e+01
2.837073600000000440e+01
1.891382400000000530e+01
3.467534400000000261e+01
3.625149599999999595e+01
3.152304000000000173e+01
2.679458400000000395e+01
2.837073600000000084e+01
2.679458400000000395e+01
2.206612800000000618e+01
2.837073600000000084e+01
2.206612799999999908e+01
4.413225599999999815e+01
3.152304000000000173e+01
2.679458400000000395e+01
2.994688799999999418e+01
3.940380000000000393e+01
2.994688799999999418e+01
2.679458400000000040e+01
1.576151999999999909e+01
2.206612799999999908e+01
2.679458400000000040e+01
3.152304000000000883e+00
2.837073600000000084e+01
3.152304000000000173e+01
1.891382400000000530e+01
2.521843199999999996e+01
2.206612799999999908e+01
2.994688800000000128e+01
2.206612800000000263e+01
3.152304000000000173e+01
3.309919200000000217e+01
2.206612800000000263e+01
2.521843199999999996e+01
1.103306399999999776e+01
2.206612799999999908e+01
3.152304000000000173e+01
2.679458400000000395e+01
2.994688799999999418e+01
3.309919200000000217e+01
2.679458400000000040e+01
3.309919200000000217e+01
3.309919199999999506e+01
2.994688800000000128e+01
2.837073600000000440e+01
3.309919200000000217e+01
2.521843199999999641e+01
2.206612800000000263e+01
3.467534400000000261e+01
1.891382400000000175e+01
2.679458400000000040e+01
2.521843199999999996e+01
3.152304000000000173e+01
3.467534400000000261e+01
2.679458400000000395e+01
1.418536800000000397e+01
2.837073600000000440e+01
2.048997600000000219e+01
4.255610400000000482e+01
2.679458400000000040e+01
2.994688800000000128e+01
3.940380000000000393e+01
2.679458400000000040e+01
2.994688800000000128e+01
2.364228000000000307e+01
2.521843199999999996e+01
3.152304000000000173e+01
3.309919200000000217e+01
2.206612800000000263e+01
2.206612800000000263e+01
3.467534400000000261e+01
2.364227999999999952e+01
3.152304000000000173e+01
2.206612799999999908e+01
2.994688799999999418e+01
2.048997599999999863e+01
2.679458400000000395e+01
3.782764799999999639e+01
3.782764800000000349e+01
2.679458399999999330e+01
3.152304000000000173e+01
2.364227999999999952e+01
7.880759999999996879e+00
2.206612799999999908e+01
3.940380000000000393e+01
1.103306400000000309e+01
2.521843200000000351e+01
2.837073600000000440e+01
3.782764800000000349e+01
1.891382400000000175e+01
2.994688800000000128e+01
3.782764799999999639e+01
4.255610400000000482e+01
2.364227999999999952e+01
3.152304000000000528e+01
2.837073600000000084e+01
3.625149600000000305e+01
4.097995200000000438e+01
3.940380000000000393e+01
3.782764799999999639e+01
3.152303999999999462e+01
3.467534400000000261e+01
2.206612800000000263e+01
3.152304000000000173e+01
4.255610399999999771e+01
5.201301600000000036e+01
5.201301600000000036e+01
2.048997600000000574e+01
4.255610400000000482e+01
2.364228000000000307e+01
2.364227999999999597e+01
1.576152000000000086e+01
2.994688800000000128e+01
3.782764799999999639e+01
3.309919200000000217e+01
3.625149600000000305e+01
2.206612799999999908e+01
4.255610400000000482e+01
3.467534400000000261e+01
2.206612800000000618e+01
2.679458400000000040e+01
2.679458399999999330e+01
3.309919200000000217e+01
4.097995200000000438e+01
3.152303999999999462e+01
2.206612800000000263e+01
2.837073599999999729e+01
1.260921600000000353e+01
2.048997599999999863e+01
2.364227999999999952e+01
2.521843199999999996e+01
3.152304000000000173e+01
1.418536800000000042e+01
2.679458400000000040e+01
2.364227999999999952e+01
1.733767200000000486e+01
2.364228000000000662e+01
2.679458400000000395e+01
2.048997600000000219e+01
2.679458400000000040e+01
3.625149599999999595e+01
3.625149600000000305e+01
2.994688800000000128e+01
2.837073600000000084e+01
2.994688800000000128e+01
3.309919200000000217e+01
3.625149600000000305e+01
4.255610400000000482e+01
2.521843200000000706e+01
3.467534400000000261e+01
3.309919200000000217e+01
3.467534400000000261e+01
3.152304000000000173e+01
3.782764799999999639e+01
2.521843199999999996e+01
2.837073600000000084e+01
5.201301600000000747e+01
2.994688800000000128e+01
3.625149599999999595e+01
2.837073600000000084e+01
3.309919200000000217e+01
3.152304000000000173e+01
3.940380000000000393e+01
3.467534400000000261e+01
3.467534399999999550e+01
2.206612800000000618e+01
3.467534399999999550e+01
3.782764800000000349e+01
3.940380000000000393e+01
2.679458400000000040e+01
2.679458400000000040e+01
3.467534399999999550e+01
4.413225599999999815e+01
2.837073599999999729e+01
2.679458400000000395e+01
2.994688800000000128e+01
2.679458400000000395e+01
4.255610399999999771e+01
2.837073600000000440e+01
1.418536800000000042e+01
3.625149599999999595e+01
3.467534399999999550e+01
2.994688800000000128e+01
2.679458399999999330e+01
3.625149600000000305e+01
2.837073600000000084e+01
2.206612800000000263e+01
2.837073600000000084e+01
3.152304000000000173e+01
4.255610399999999771e+01
3.467534399999999550e+01
3.309919200000000217e+01
3.625149600000000305e+01
2.048997599999999863e+01
2.364227999999999597e+01
3.309919200000000217e+01
3.467534400000000261e+01
3.152304000000000173e+01
2.048997599999999508e+01
1.733767200000000130e+01
1.418536800000000042e+01
3.467534400000000261e+01
3.625149599999999595e+01
4.097995199999999727e+01
3.940379999999999683e+01
2.364228000000000307e+01
2.364227999999999952e+01
3.940380000000000393e+01
4.097995200000000438e+01
1.418536800000000042e+01
2.679458400000000040e+01
4.413225600000000526e+01
2.206612799999999908e+01
4.570840800000000570e+01
4.097995199999999727e+01
3.782764799999999639e+01
3.152303999999999462e+01
3.152303999999999462e+01
4.413225599999999815e+01
3.782764800000000349e+01
4.255610400000000482e+01
2.994688800000000128e+01
2.837073600000000084e+01
6.304608000000001766e+00
3.152304000000000173e+01
2.837073600000000440e+01
4.413225600000000526e+01
7.880759999999996879e+00
2.206612799999999908e+01
3.940379999999999683e+01
2.837073600000000084e+01
3.467534400000000261e+01
3.467534400000000261e+01
2.364227999999999952e+01
3.782764799999999639e+01
2.994688800000000128e+01
4.255610399999999771e+01
2.994688800000000128e+01
5.043686399999999992e+01
2.679458400000000040e+01
3.467534400000000971e+01
3.782764799999999639e+01
2.837073600000000084e+01
3.467534399999999550e+01
3.152304000000000173e+01
3.467534399999999550e+01
4.255610400000000482e+01
2.994688800000000128e+01
2.837073600000000084e+01
2.837073600000000084e+01
2.679458400000000040e+01
4.097995199999999727e+01
3.309919200000000217e+01
3.309919200000000217e+01
3.940380000000000393e+01
2.837073600000000440e+01
5.043686399999999992e+01
3.309919200000000217e+01
3.782764799999999639e+01
4.097995199999999727e+01
4.886071199999999948e+01
3.309919200000000217e+01
2.679458400000000040e+01
1.891382400000000175e+01
2.837073599999999729e+01
2.521843199999999996e+01
3.467534400000000261e+01
3.467534400000000261e+01
3.782764800000000349e+01
2.994688800000000128e+01
3.309919200000000217e+01
2.679458400000000395e+01
2.679458400000000040e+01
4.886071199999999948e+01
4.413225600000000526e+01
2.837073600000000084e+01
3.467534400000000261e+01
4.570840800000000570e+01
2.521843199999999996e+01
2.206612799999999552e+01
3.940379999999999683e+01
4.097995199999999727e+01
3.309919200000000217e+01
3.467534400000000261e+01
3.782764799999999639e+01
3.467534400000000261e+01
2.364227999999999952e+01
3.625149600000000305e+01
4.413225599999999815e+01
4.255610399999999771e+01
2.994688799999999418e+01
4.413225599999999815e+01
5.043686399999999992e+01
3.940380000000000393e+01
3.467534400000000971e+01
1.260921600000000353e+01
3.152304000000000173e+01
4.886071200000000658e+01
3.152304000000000173e+01
4.255610400000000482e+01
4.413225600000000526e+01
3.782764800000000349e+01
5.043686399999999992e+01
3.467534400000000261e+01
3.625149599999999595e+01
3.152304000000000528e+01
3.309919200000000217e+01
3.309919200000000217e+01
3.625149600000000305e+01
3.940379999999999683e+01
3.940380000000000393e+01
3.940379999999999683e+01
4.255610399999999771e+01
2.679458400000000040e+01
3.940380000000000393e+01
3.309919199999999506e+01
3.309919200000000217e+01
3.152304000000000173e+01
4.570840800000000570e+01
2.364227999999999952e+01
3.467534400000000261e+01
2.679458400000000395e+01
2.364227999999999952e+01
3.782764799999999639e+01
5.674147200000000879e+01
4.413225599999999815e+01
4.097995199999999727e+01
5.043686399999999992e+01
4.097995200000000438e+01
4.097995200000000438e+01
2.521843199999999996e+01
3.940380000000000393e+01
4.413225599999999815e+01
2.206612799999999908e+01
3.782764800000000349e+01
4.097995199999999727e+01
1.891382400000000175e+01
1.103306400000000131e+01
3.940380000000000393e+01
2.364228000000000307e+01
4.413225600000000526e+01
4.413225599999999815e+01
2.364227999999999952e+01
3.782764799999999639e+01
3.467534400000000261e+01
5.358916800000000080e+01
2.994688800000000128e+01
4.728456000000000614e+01
3.625149600000000305e+01
3.152303999999999817e+01
2.521843199999999996e+01
4.413225600000000526e+01
3.152304000000000528e+01
2.521843199999999996e+01
2.837073599999999729e+01
2.837073600000000084e+01
3.152304000000000173e+01
3.467534399999999550e+01
4.570840800000000570e+01
3.940380000000000393e+01
1.418536800000000042e+01
4.097995199999999727e+01
2.679458400000000040e+01
3.309919200000000217e+01
2.206612799999999908e+01
1.733767199999999775e+01
3.152304000000000173e+01
2.521843199999999996e+01
5.043686399999999992e+01
3.152304000000000173e+01
3.152304000000000173e+01
3.782764800000000349e+01
2.679458400000000395e+01
2.679458400000000395e+01
2.994688800000000128e+01
3.625149600000000305e+01
4.728456000000000614e+01
3.625149600000000305e+01
2.521843199999999996e+01
4.255610400000000482e+01
2.206612799999999908e+01
2.837073600000000084e+01
4.570840799999999859e+01
3.467534400000000261e+01
2.994688800000000128e+01
2.837073600000000084e+01
2.521843199999999996e+01
3.940379999999999683e+01
3.467534400000000261e+01
3.782764800000000349e+01
3.782764800000000349e+01
4.255610400000000482e+01
3.467534400000000261e+01
4.255610400000000482e+01
2.521843200000000351e+01
3.309919200000000217e+01
2.679458400000000040e+01
3.467534399999999550e+01
2.364228000000000662e+01
2.837073600000000084e+01
3.625149600000000305e+01
3.625149599999999595e+01
2.837073600000000084e+01
2.679458400000000395e+01
2.521843200000000351e+01
2.206612799999999908e+01
2.994688799999999773e+01
3.940380000000000393e+01
3.309919200000000217e+01
3.309919200000000217e+01
3.782764800000000349e+01
4.413225600000000526e+01
3.309919200000000217e+01
3.152304000000000173e+01
1.733767200000000130e+01
3.467534400000000261e+01
2.837073600000000440e+01
3.782764799999999639e+01
3.625149600000000305e+01
4.255610400000000482e+01
4.255610399999999771e+01
2.994688800000000128e+01
2.364228000000000662e+01
2.206612799999999908e+01
4.097995199999999727e+01
2.837073600000000440e+01
3.467534399999999550e+01
2.994688800000000128e+01
4.413225599999999815e+01
3.152304000000000173e+01
2.679458400000000040e+01
2.837073600000000084e+01
2.837073600000000084e+01
2.206612799999999908e+01
3.467534399999999550e+01
1.418536800000000042e+01
2.679458400000000040e+01
3.152304000000000528e+01
3.625149600000000305e+01
2.837073600000000084e+01
2.994688800000000128e+01
4.255610400000000482e+01
4.097995199999999727e+01
3.467534400000000261e+01
2.837073600000000084e+01
2.048997600000000219e+01
2.994688800000000484e+01
2.994688800000000128e+01
4.255610400000000482e+01
2.837073600000000084e+01
1.418536800000000042e+01
2.521843200000000706e+01
3.467534400000000261e+01
3.625149600000000305e+01
3.152304000000000173e+01
4.413225600000000526e+01
3.467534400000000261e+01
2.206612800000000618e+01
4.570840800000000570e+01
2.206612799999999908e+01
2.048997599999999863e+01
1.733767200000000130e+01
2.364227999999999952e+01
2.837073600000000440e+01
3.309919200000000217e+01
3.152304000000000528e+01
2.364227999999999952e+01
3.625149600000000305e+01
3.467534400000000261e+01
2.837073600000000084e+01
3.152304000000000528e+01
3.467534399999999550e+01
4.886071200000000658e+01
3.309919200000000217e+01
2.521843199999999996e+01
3.152304000000000173e+01
3.309919200000000217e+01
2.994688800000000128e+01
3.309919200000000217e+01
2.679458400000000395e+01
1.260921599999999998e+01
2.994688800000000128e+01
2.837073600000000084e+01
2.994688800000000128e+01
3.309919200000000217e+01
3.309919200000000217e+01
4.570840799999999859e+01
2.837073600000000084e+01
4.570840799999999859e+01
4.255610400000000482e+01
4.255610399999999771e+01
3.467534400000000261e+01
2.364228000000000307e+01
1.891382399999999819e+01
3.309919200000000217e+01
3.782764800000000349e+01
3.309919200000000217e+01
3.152304000000000173e+01
4.570840800000000570e+01
5.201301600000000747e+01
2.364227999999999952e+01
2.206612800000000618e+01
3.152304000000000173e+01
4.097995200000000438e+01
2.521843199999999996e+01
2.048997600000000219e+01
4.413225600000000526e+01
5.201301599999999326e+01
3.782764800000000349e+01
4.255610400000000482e+01
5.516532000000000124e+01
3.152304000000000173e+01
3.467534400000000261e+01
3.782764800000000349e+01
3.152304000000000528e+01
3.940380000000000393e+01
3.940380000000000393e+01
4.413225599999999815e+01
4.097995200000000438e+01
2.837073600000000084e+01
2.994688800000000128e+01
4.413225600000000526e+01
2.994688800000000128e+01
4.413225600000000526e+01
5.516532000000000124e+01
4.413225600000000526e+01
3.940380000000000393e+01
3.625149600000000305e+01
3.782764799999999639e+01
2.994688800000000128e+01
3.625149600000000305e+01
2.994688800000000128e+01
2.994688800000000128e+01
3.940380000000000393e+01
4.097995200000000438e+01
3.625149600000000305e+01
3.625149600000000305e+01
3.940380000000000393e+01
3.152303999999999462e+01
3.309919200000000217e+01
3.782764800000000349e+01
2.521843200000000706e+01
4.255610400000000482e+01
3.625149600000000305e+01
2.994688800000000128e+01
3.152303999999999462e+01
3.467534400000000261e+01
4.097995199999999727e+01
4.886071199999999948e+01
3.467534399999999550e+01
3.782764800000000349e+01
3.309919200000000217e+01
2.521843200000000351e+01
3.625149600000000305e+01
3.309919200000000217e+01
3.467534399999999550e+01
4.728456000000000614e+01
3.940380000000000393e+01
4.413225599999999815e+01
3.152303999999999462e+01
2.206612799999999908e+01
2.837073600000000084e+01
2.837073600000000084e+01
4.413225599999999815e+01
3.940380000000000393e+01
4.097995199999999727e+01
2.994688800000000128e+01
2.679458400000000040e+01
3.940380000000000393e+01
3.940380000000000393e+01
4.728455999999999904e+01
3.152304000000000528e+01
4.097995199999999727e+01
4.413225600000000526e+01
3.782764800000000349e+01
2.364228000000000307e+01
2.206612799999999552e+01
4.413225599999999815e+01
3.152304000000000173e+01
3.152304000000000173e+01
3.940379999999999683e+01
3.782764800000000349e+01
3.625149599999999595e+01
3.152304000000000528e+01
2.048997599999999863e+01
3.782764800000000349e+01
5.674147200000000169e+01
3.625149599999999595e+01
3.625149600000000305e+01
5.516532000000000835e+01
4.255610399999999771e+01
2.206612799999999908e+01
3.467534400000000261e+01
2.994688800000000128e+01
2.837073600000000440e+01
3.625149600000000305e+01
1.576152000000000086e+01
3.152303999999999462e+01
3.940379999999999683e+01
4.570840799999999859e+01
3.152304000000000173e+01
4.255610400000000482e+01
4.097995200000000438e+01
2.679458400000000395e+01
2.994688800000000484e+01
2.837073600000000084e+01
3.309919200000000217e+01
3.467534400000000261e+01
2.048997600000000219e+01
4.255610400000000482e+01
3.309919199999999506e+01
3.309919199999999506e+01
2.048997600000000219e+01
2.048997599999999863e+01
3.467534400000000261e+01
3.152303999999999462e+01
5.201301600000000036e+01
3.467534400000000261e+01
4.886071199999999948e+01
3.782764799999999639e+01
2.837073600000000084e+01
3.940379999999999683e+01
4.097995199999999727e+01
5.201301600000000036e+01
3.309919200000000217e+01
4.728456000000000614e+01
4.255610400000000482e+01
3.782764800000000349e+01
4.413225600000000526e+01
4.255610400000000482e+01
3.467534399999999550e+01
3.309919200000000217e+01
4.097995199999999727e+01
3.625149599999999595e+01
3.625149600000000305e+01
3.940380000000000393e+01
3.940379999999999683e+01
5.043686399999999992e+01
3.467534400000000261e+01
4.255610400000000482e+01
4.097995200000000438e+01
3.782764800000000349e+01
4.886071199999999948e+01
2.521843199999999996e+01
4.255610399999999771e+01
4.255610400000000482e+01
3.625149600000000305e+01
3.309919199999999506e+01
3.309919200000000217e+01
3.940380000000000393e+01
2.994688800000000128e+01
4.728455999999999904e+01
4.570840800000000570e+01
4.728456000000000614e+01
3.782764800000000349e+01
3.625149600000000305e+01
2.994688799999999418e+01
4.255610400000000482e+01
4.570840800000000570e+01
3.940379999999999683e+01
4.097995200000000438e+01
2.679458400000000040e+01
3.625149600000000305e+01
3.782764800000000349e+01
4.255610400000000482e+01
3.940380000000000393e+01
2.994688799999999418e+01
5.043686400000000702e+01
3.782764800000000349e+01
3.152303999999999462e+01
4.255610399999999771e+01
4.570840799999999859e+01
3.625149600000000305e+01
4.255610399999999771e+01
4.728456000000000614e+01
4.413225600000000526e+01
5.358916800000000080e+01
4.728455999999999904e+01
4.255610399999999771e+01
3.782764799999999639e+01
2.364227999999999952e+01
2.837073600000000084e+01
2.679458400000000040e+01
2.994688800000000128e+01
2.679458400000000395e+01
3.152304000000000173e+01
5.674147200000000879e+01
4.570840799999999859e+01
5.989377600000000257e+01
3.152304000000000173e+01
3.782764800000000349e+01
3.152303999999999462e+01
2.994688800000000128e+01
3.467534400000000261e+01
3.467534400000000261e+01
3.152304000000000173e+01
3.152304000000000173e+01
3.940380000000000393e+01
3.309919200000000217e+01
2.206612800000000263e+01
3.782764799999999639e+01
3.467534400000000261e+01
5.516532000000000835e+01
3.309919199999999506e+01
2.837073600000000084e+01
2.679458400000000040e+01
2.994688800000000484e+01
2.837073599999999729e+01
2.837073600000000440e+01
3.940380000000000393e+01
4.255610399999999771e+01
2.994688800000000128e+01
4.570840799999999859e+01
5.043686400000000702e+01
3.940380000000000393e+01
4.255610400000000482e+01
5.831762400000000213e+01
4.097995199999999727e+01
3.940379999999999683e+01
2.837073600000000084e+01
2.837073600000000084e+01
4.886071199999999948e+01
4.255610399999999771e+01
3.940379999999999683e+01
2.837073600000000440e+01
3.152304000000000528e+01
5.989377600000000967e+01
5.043686400000000702e+01
4.570840799999999859e+01
2.994688800000000128e+01
3.309919200000000217e+01
2.521843200000000706e+01
2.837073600000000084e+01
3.625149599999999595e+01
3.782764799999999639e+01
3.940380000000000393e+01
4.255610399999999771e+01
4.255610400000000482e+01
3.309919200000000217e+01
4.570840799999999859e+01
3.152303999999999817e+01
3.782764800000000349e+01
3.625149599999999595e+01
3.782764800000000349e+01
4.728456000000000614e+01
3.782764800000000349e+01
5.201301600000000036e+01
4.413225599999999815e+01
4.255610400000000482e+01
3.467534399999999550e+01
3.940380000000000393e+01
3.309919200000000217e+01
2.521843200000000706e+01
3.309919199999999506e+01
3.782764800000000349e+01
3.309919200000000217e+01
3.625149600000000305e+01
4.255610400000000482e+01
4.413225600000000526e+01
4.886071199999999948e+01
4.097995199999999727e+01
2.206612799999999908e+01
3.625149600000000305e+01
4.728455999999999904e+01
4.570840800000000570e+01
5.201301600000000747e+01
1.260921599999999998e+01
2.206612800000000263e+01
4.570840800000000570e+01
4.097995200000000438e+01
4.413225599999999815e+01
4.255610400000000482e+01
5.516531999999999414e+01
5.831762400000000213e+01
4.728456000000000614e+01
4.413225599999999815e+01
4.886071199999999948e+01
3.782764800000000349e+01
2.994688800000000128e+01
2.994688799999999418e+01
3.309919200000000217e+01
5.831762400000000213e+01
4.886071199999999948e+01
4.255610400000000482e+01
4.886071199999999948e+01
4.097995200000000438e+01
3.782764800000000349e+01
5.043686399999999992e+01
5.201301600000000036e+01
3.467534399999999550e+01
5.831762400000000213e+01
4.413225600000000526e+01
3.467534400000000261e+01
4.255610400000000482e+01
4.886071199999999948e+01
5.831762400000000213e+01
4.728455999999999904e+01
4.097995199999999727e+01
5.516531999999999414e+01
5.516532000000000124e+01
4.255610399999999771e+01
4.728455999999999904e+01
4.570840799999999859e+01
4.097995200000000438e+01
4.570840799999999859e+01
5.043686400000000702e+01
5.043686399999999992e+01
5.043686399999999992e+01
5.989377600000000257e+01
3.309919199999999506e+01
5.516532000000000124e+01
5.043686399999999992e+01
3.152304000000000173e+01
1.733767200000000486e+01
3.309919200000000217e+01
4.570840800000000570e+01
5.201301599999999326e+01
3.625149600000000305e+01
3.467534399999999550e+01
5.674147200000000169e+01
5.831762399999999502e+01
4.255610400000000482e+01
3.309919200000000217e+01
3.940379999999999683e+01
5.358916800000000080e+01
4.728455999999999904e+01
3.625149600000000305e+01
5.358916800000000080e+01
5.831762400000000213e+01
6.146992800000001012e+01
2.679458400000000040e+01
2.994688800000000128e+01
3.782764800000000349e+01
5.358916800000000080e+01
3.940379999999999683e+01
3.467534400000000971e+01
3.940380000000000393e+01
5.043686400000000702e+01
4.728456000000000614e+01
3.940380000000000393e+01
4.886071199999999948e+01
4.886071200000000658e+01
4.413225600000000526e+01
5.043686399999999992e+01
4.570840799999999859e+01
5.989377600000000257e+01
4.570840800000000570e+01
4.097995200000000438e+01
2.364227999999999952e+01
3.152303999999999462e+01
5.516532000000000124e+01
4.728455999999999904e+01
4.728455999999999904e+01
5.674147200000000169e+01
5.358916800000000080e+01
5.043686399999999992e+01
4.097995199999999727e+01
4.413225600000000526e+01
4.570840799999999859e+01
4.413225600000000526e+01
4.255610400000000482e+01
3.152304000000000528e+01
5.516532000000000835e+01
4.570840800000000570e+01
6.462223199999999679e+01
4.886071199999999948e+01
3.152304000000000173e+01
4.886071199999999948e+01
5.358916800000000791e+01
3.467534399999999550e+01
5.043686399999999992e+01
3.782764799999999639e+01
4.570840800000000570e+01
3.467534399999999550e+01
5.516531999999999414e+01
5.043686399999999992e+01
3.467534399999999550e+01
4.413225599999999815e+01
4.097995199999999727e+01
4.886071199999999948e+01
4.886071199999999948e+01
3.467534399999999550e+01
5.516532000000000124e+01
6.462223199999999679e+01
4.728456000000000614e+01
3.940380000000000393e+01
3.625149600000000305e+01
2.521843200000000351e+01
3.467534399999999550e+01
4.097995199999999727e+01
4.886071199999999948e+01
3.940379999999999683e+01
5.989377600000000257e+01
5.516532000000000835e+01
4.728455999999999904e+01
5.516532000000000124e+01
3.940379999999999683e+01
6.304608000000000345e+01
5.674147200000000169e+01
5.674147200000000879e+01
4.255610400000000482e+01
3.625149600000000305e+01
2.521843199999999641e+01
3.309919200000000217e+01
4.255610400000000482e+01
4.255610400000000482e+01
2.364227999999999952e+01
4.570840799999999859e+01
4.886071199999999948e+01
4.886071199999999948e+01
4.570840799999999859e+01
4.570840799999999859e+01
3.625149600000000305e+01
4.413225599999999815e+01
4.570840799999999859e+01
4.255610400000000482e+01
4.255610399999999771e+01
4.728455999999999904e+01
4.413225600000000526e+01
4.570840800000000570e+01
3.940379999999999683e+01
4.413225599999999815e+01
4.570840799999999859e+01
3.940379999999999683e+01
5.358916800000000080e+01
5.358916800000000080e+01
4.255610400000000482e+01
3.309919200000000217e+01
4.886071199999999948e+01
5.358916800000000791e+01
4.728456000000000614e+01
4.728455999999999904e+01
4.255610399999999771e+01
3.782764799999999639e+01
3.467534400000000261e+01
4.255610400000000482e+01
3.782764799999999639e+01
3.940379999999999683e+01
4.886071199999999948e+01
5.358916800000000080e+01
5.043686400000000702e+01
3.467534400000000261e+01
4.728455999999999904e+01
2.994688800000000128e+01
5.358916800000000080e+01
5.043686400000000702e+01
4.255610400000000482e+01
3.782764799999999639e+01
5.201301600000000036e+01
5.043686399999999992e+01
4.255610400000000482e+01
4.255610399999999771e+01
2.679458400000000040e+01
3.625149600000000305e+01
4.413225599999999815e+01
4.413225599999999815e+01
4.570840799999999859e+01
3.782764799999999639e+01
5.043686400000000702e+01
3.625149600000000305e+01
3.309919200000000217e+01
3.467534400000000971e+01
4.570840800000000570e+01
4.255610400000000482e+01
5.201301600000000747e+01
5.358916800000000080e+01
5.358916800000000791e+01
2.994688799999999418e+01
4.097995200000000438e+01
3.940380000000000393e+01
5.043686399999999992e+01
4.097995199999999727e+01
4.255610400000000482e+01
3.625149600000000305e+01
5.201301600000000036e+01
5.831762400000000213e+01
5.831762400000000923e+01
4.886071199999999948e+01
4.570840800000000570e+01
5.516531999999999414e+01
5.516532000000000835e+01
2.994688800000000128e+01
3.467534399999999550e+01
2.837073600000000440e+01
4.255610400000000482e+01
4.570840799999999859e+01
5.358916800000000080e+01
5.831762400000000213e+01
4.728456000000000614e+01
4.570840800000000570e+01
5.043686399999999992e+01
4.413225600000000526e+01
3.782764799999999639e+01
3.625149600000000305e+01
4.413225599999999815e+01
4.097995199999999727e+01
4.255610399999999771e+01
3.940379999999999683e+01
3.467534399999999550e+01
4.097995200000000438e+01
4.886071199999999948e+01
6.304608000000000345e+01
5.674147200000000169e+01
6.146992800000000301e+01
4.886071200000000658e+01
4.570840799999999859e+01
4.413225600000000526e+01
3.625149600000000305e+01
5.043686400000000702e+01
4.413225600000000526e+01
4.097995199999999727e+01
5.674147200000000169e+01
4.886071199999999948e+01
4.255610399999999771e+01
5.043686399999999992e+01
5.674147200000000169e+01
3.782764799999999639e+01
4.097995200000000438e+01
3.940380000000000393e+01
5.201301600000000036e+01
6.146992799999999590e+01
4.413225599999999815e+01
2.521843200000000351e+01
4.570840799999999859e+01
5.358916800000000080e+01
4.728456000000000614e+01
4.886071200000000658e+01
3.782764799999999639e+01
5.201301600000000036e+01
5.516532000000000835e+01
3.625149600000000305e+01
5.831762400000000213e+01
4.728456000000000614e+01
3.782764800000000349e+01
3.467534400000000261e+01
4.886071200000000658e+01
5.043686399999999992e+01
3.940380000000000393e+01
4.570840800000000570e+01
4.413225599999999815e+01
4.413225600000000526e+01
5.201301600000000036e+01
5.201301600000000036e+01
4.728455999999999904e+01
5.043686399999999992e+01
6.304608000000000345e+01
5.043686400000000702e+01
6.462223199999999679e+01
4.570840799999999859e+01
5.516531999999999414e+01
5.358916800000000080e+01
3.940380000000000393e+01
4.255610399999999771e+01
4.413225599999999815e+01
4.728455999999999904e+01
3.625149599999999595e+01
4.570840799999999859e+01
4.255610399999999771e+01
5.201301600000000747e+01
4.570840799999999859e+01
4.728455999999999904e+01
2.837073600000000084e+01
4.570840799999999859e+01
4.886071200000000658e+01
5.043686399999999992e+01
5.201301599999999326e+01
5.201301600000000036e+01
4.255610399999999771e+01
3.940380000000000393e+01
3.467534399999999550e+01
5.043686399999999992e+01
5.989377600000000257e+01
4.097995199999999727e+01
4.570840800000000570e+01
6.304607999999999635e+01
5.358916800000000080e+01
5.043686399999999992e+01
3.940380000000000393e+01
5.516532000000000124e+01
4.886071200000000658e+01
4.413225599999999815e+01
3.782764799999999639e+01
4.570840800000000570e+01
5.201301600000000036e+01
5.201301600000000747e+01
3.309919200000000217e+01
4.570840799999999859e+01
5.043686399999999992e+01
5.043686399999999992e+01
4.886071200000000658e+01
4.097995200000000438e+01
3.152304000000000173e+01
5.358916800000000080e+01
5.989377600000000257e+01
5.989377600000000257e+01
5.043686400000000702e+01
5.516532000000000835e+01
5.201301600000000036e+01
4.570840800000000570e+01
5.358916800000000080e+01
4.097995199999999727e+01
4.886071199999999948e+01
4.728455999999999904e+01
4.413225599999999815e+01
3.467534400000000261e+01
4.886071199999999948e+01
6.146992800000000301e+01
6.146992800000001012e+01
5.516532000000000124e+01
5.516532000000000835e+01
3.940379999999999683e+01
5.358916800000000080e+01
5.674147200000000169e+01
4.570840799999999859e+01
4.413225599999999815e+01
7.407914399999999944e+01
5.674147200000000879e+01
5.358916800000000080e+01
5.043686399999999992e+01
3.940380000000000393e+01
4.413225600000000526e+01
5.989377600000000257e+01
5.358916800000000080e+01
5.043686399999999992e+01
4.255610400000000482e+01
5.831762399999999502e+01
5.358916800000000080e+01
6.304608000000000345e+01
6.304608000000000345e+01
5.831762400000000213e+01
5.043686399999999992e+01
5.516532000000000124e+01
5.674147200000000169e+01
4.413225599999999815e+01
4.413225600000000526e+01
5.674147200000000169e+01
5.043686400000000702e+01
5.043686399999999992e+01
5.043686399999999992e+01
5.831762400000000213e+01
4.413225599999999815e+01
5.674147200000000169e+01
4.728455999999999904e+01
3.940379999999999683e+01
5.201301600000000036e+01
5.831762400000000213e+01
5.516532000000000835e+01
5.358916800000000791e+01
4.413225599999999815e+01
3.625149599999999595e+01
4.097995199999999727e+01
4.413225599999999815e+01
3.940380000000000393e+01
4.255610400000000482e+01
4.570840800000000570e+01
4.728455999999999904e+01
4.255610400000000482e+01
4.255610399999999771e+01
3.940380000000000393e+01
5.516532000000000835e+01
4.097995199999999727e+01
4.570840799999999859e+01
4.413225599999999815e+01
4.570840799999999859e+01
4.886071200000000658e+01
4.728455999999999904e+01
5.043686399999999992e+01
3.625149599999999595e+01
5.043686399999999992e+01
5.674147200000000169e+01
4.413225599999999815e+01
5.043686399999999992e+01
5.674147200000000169e+01
4.097995199999999727e+01
5.674147200000000169e+01
5.201301600000000036e+01
4.570840799999999859e+01
5.516532000000000124e+01
3.625149599999999595e+01
4.413225600000000526e+01
5.831762400000000213e+01
6.304608000000001056e+01
5.831762400000000213e+01
3.309919200000000217e+01
3.625149599999999595e+01
5.358916800000000080e+01
5.831762400000000923e+01
5.201301600000000036e+01
5.043686399999999992e+01
5.516532000000000835e+01
5.043686399999999992e+01
5.516532000000000835e+01
5.358916800000000080e+01
6.619838400000000433e+01
5.516532000000000124e+01
5.831762400000000213e+01
6.462223199999999679e+01
6.777453599999999767e+01
5.043686400000000702e+01
4.570840799999999859e+01
4.255610400000000482e+01
4.413225600000000526e+01
5.674147200000000169e+01
4.728455999999999904e+01
3.467534400000000261e+01
4.570840799999999859e+01
5.989377600000000967e+01
4.728455999999999904e+01
4.886071200000000658e+01
5.043686399999999992e+01
5.358916800000000080e+01
5.989377600000000257e+01
4.728456000000000614e+01
5.043686399999999992e+01
4.570840800000000570e+01
3.625149599999999595e+01
5.358916800000000080e+01
7.092683999999999855e+01
4.097995200000000438e+01
5.043686399999999992e+01
4.886071199999999948e+01
4.728456000000000614e+01
4.413225599999999815e+01
6.462223199999999679e+01
5.989377600000000257e+01
5.831762400000000213e+01
6.304608000000000345e+01
6.304608000000000345e+01
6.304608000000000345e+01
4.255610399999999771e+01
5.831762400000000213e+01
4.570840799999999859e+01
5.989377600000000257e+01
5.358916800000000791e+01
4.886071199999999948e+01
5.516531999999999414e+01
5.358916800000000080e+01
8.038375200000000120e+01
5.043686400000000702e+01
5.516532000000000124e+01
5.358916800000000791e+01
3.625149599999999595e+01
4.413225599999999815e+01
2.994688800000000128e+01
4.886071199999999948e+01
4.886071200000000658e+01
5.516532000000000124e+01
3.940380000000000393e+01
5.831762400000000213e+01
4.886071199999999948e+01
6.777453599999999767e+01
5.674147200000000169e+01
3.625149599999999595e+01
3.625149600000000305e+01
5.201301600000000036e+01
5.358916800000000791e+01
5.831762400000000213e+01
5.201301600000000747e+01
6.462223199999999679e+01
5.831762400000000213e+01
5.358916800000000080e+01
5.201301599999999326e+01
5.831762400000000213e+01
3.625149599999999595e+01
4.886071199999999948e+01
5.989377600000000257e+01
5.358916800000000080e+01
5.674147200000000169e+01
5.989377600000000967e+01
5.989377599999999546e+01
5.989377600000000257e+01
5.989377600000000257e+01
4.728455999999999904e+01
5.358916800000000080e+01
5.516532000000000124e+01
6.146992799999999590e+01
4.097995199999999727e+01
3.625149599999999595e+01
5.831762400000000213e+01
4.728455999999999904e+01
4.413225600000000526e+01
5.358916800000000080e+01
6.304608000000000345e+01
4.728456000000000614e+01
5.358916800000000080e+01
3.782764800000000349e+01
4.413225599999999815e+01
5.516531999999999414e+01
4.570840799999999859e+01
5.831762399999999502e+01
5.201301600000000036e+01
5.831762400000000213e+01
5.201301600000000036e+01
4.255610399999999771e+01
5.043686399999999992e+01
5.674147200000000879e+01
5.516531999999999414e+01
5.358916800000000080e+01
5.043686399999999992e+01
5.989377600000000257e+01
4.570840800000000570e+01
4.255610400000000482e+01
6.146992799999999590e+01
4.413225599999999815e+01
4.728455999999999904e+01
5.201301600000000036e+01
5.201301600000000036e+01
4.886071199999999948e+01
5.831762400000000213e+01
4.570840800000000570e+01
5.358916800000000080e+01
7.092683999999999855e+01
5.989377600000000257e+01
6.619838400000000433e+01
5.989377600000000257e+01
6.304608000000000345e+01
4.728456000000000614e+01
5.043686399999999992e+01
5.043686399999999992e+01
5.831762400000000213e+01
4.886071199999999948e+01
5.201301600000000036e+01
5.989377599999999546e+01
5.989377600000000257e+01
5.989377600000000967e+01
6.304608000000000345e+01
4.255610399999999771e+01
5.831762400000000213e+01
6.304608000000000345e+01
5.989377600000000257e+01
6.619838400000000433e+01
6.619838400000000433e+01
6.935068800000000522e+01
5.358916800000000080e+01
4.728455999999999904e+01
6.304608000000000345e+01
6.304608000000000345e+01
3.467534400000000261e+01
4.570840799999999859e+01
4.570840800000000570e+01
5.516532000000000124e+01
5.674147200000000169e+01
5.043686399999999992e+01
5.043686399999999992e+01
5.989377600000000257e+01
6.462223199999999679e+01
5.201301599999999326e+01
5.516532000000000124e+01
5.831762400000000923e+01
5.358916800000000080e+01
6.304608000000000345e+01
3.782764799999999639e+01
5.989377600000000257e+01
6.462223199999999679e+01
5.043686400000000702e+01
4.728456000000000614e+01
5.831762400000000923e+01
5.201301600000000036e+01
6.619838400000000433e+01
5.674147200000000169e+01
5.516532000000000124e+01
6.304608000000000345e+01
5.516532000000000124e+01
5.358916800000000080e+01
4.570840799999999859e+01
4.886071199999999948e+01
5.989377600000000257e+01
5.201301600000000036e+01
5.043686399999999992e+01
6.304608000000000345e+01
4.728455999999999904e+01
4.570840799999999859e+01
5.674147199999999458e+01
5.989377599999999546e+01
6.462223200000001100e+01
5.831762400000000213e+01
5.674147200000000169e+01
4.570840799999999859e+01
4.886071199999999948e+01
4.886071199999999948e+01
5.516532000000000124e+01
5.201301600000000036e+01
5.674147200000000169e+01
6.304608000000000345e+01
4.886071200000000658e+01
6.146992800000000301e+01
5.516532000000000124e+01
6.777453599999999767e+01
5.201301600000000036e+01
5.674147200000000169e+01
5.674147200000000169e+01
6.462223199999999679e+01
5.674147200000000169e+01
5.831762399999999502e+01
4.728455999999999193e+01
6.146992799999999590e+01
5.831762400000000213e+01
5.831762400000000213e+01
6.304607999999999635e+01
6.304608000000000345e+01
5.516532000000000124e+01
6.462223199999999679e+01
5.674147200000000169e+01
6.619838400000000433e+01
5.989377599999999546e+01
5.831762400000000213e+01
6.146992800000000301e+01
7.723144800000001453e+01
5.989377600000000257e+01
6.619838399999999012e+01
6.304607999999999635e+01
6.146992800000000301e+01
6.777453599999999767e+01
4.728455999999999904e+01
5.831762399999999502e+01
7.092683999999999855e+01
6.146992800000000301e+01
6.146992800000000301e+01
8.195990399999999454e+01
6.619838400000000433e+01
6.777453599999999767e+01
5.989377599999999546e+01
6.146992800000000301e+01
7.092683999999999855e+01
7.880759999999999366e+01
6.619838400000000433e+01
7.723144799999998611e+01
5.989377600000000257e+01
5.516532000000000124e+01
7.092683999999999855e+01
6.462223199999999679e+01
5.201301600000000036e+01
5.831762399999999502e+01
5.989377600000000257e+01
5.201301600000000036e+01
6.304608000000000345e+01
5.043686399999999992e+01
7.565529599999999277e+01
7.250299200000000610e+01
7.250299200000000610e+01
6.146992799999999590e+01
6.935068799999999101e+01
6.619838400000000433e+01
5.674147200000000169e+01
5.674147200000000169e+01
5.516531999999999414e+01
5.516532000000000124e+01
7.407914399999999944e+01
5.516532000000000124e+01
6.304608000000000345e+01
5.831762400000000213e+01
5.674147200000000169e+01
7.565529599999999277e+01
6.619838399999999012e+01
6.146992799999999590e+01
5.358916800000000080e+01
5.043686399999999992e+01
5.516532000000000124e+01
6.304608000000000345e+01
6.462223199999999679e+01
5.989377599999999546e+01
4.728455999999999904e+01
6.462223200000001100e+01
6.462223199999999679e+01
5.201301600000000036e+01
7.723144800000000032e+01
6.146992800000000301e+01
5.201301600000000036e+01
5.674147200000000879e+01
5.831762400000000213e+01
6.304608000000001056e+01
6.935068800000000522e+01
6.146992799999999590e+01
6.304608000000000345e+01
4.886071199999999948e+01
4.886071199999999948e+01
6.777453599999999767e+01
6.619838400000000433e+01
5.674147200000000169e+01
7.407914399999999944e+01
6.935068800000000522e+01
6.304608000000000345e+01
6.619838399999999012e+01
6.935068799999999101e+01
5.674147200000000169e+01
6.619838400000000433e+01
5.201301600000000747e+01
7.565529599999999277e+01
6.777453599999999767e+01
4.255610399999999771e+01
6.146992800000000301e+01
4.413225599999999815e+01
7.565529599999999277e+01
8.511220799999999542e+01
8.668836000000000297e+01
6.777453599999999767e+01
6.935068799999999101e+01
5.516532000000000124e+01
6.619838400000000433e+01
5.201301600000000036e+01
4.886071199999999948e+01
5.989377600000000257e+01
5.516532000000000124e+01
6.619838399999999012e+01
5.831762400000000213e+01
6.935068799999999101e+01
6.619838400000000433e+01
6.304607999999999635e+01
7.880759999999999366e+01
7.407914399999999944e+01
7.250299200000000610e+01
5.831762399999999502e+01
7.250299200000000610e+01
5.201301600000000036e+01
6.146992800000000301e+01
6.777453599999999767e+01
6.777453599999999767e+01
5.358916800000000080e+01
5.516532000000000124e+01
7.723144800000000032e+01
7.565529600000000698e+01
7.723144800000000032e+01
7.565529599999999277e+01
6.146992800000000301e+01
5.674147200000000169e+01
8.195990399999999454e+01
5.831762400000000213e+01
7.407914399999999944e+01
6.146992799999999590e+01
7.250299200000000610e+01
6.146992800000000301e+01
6.777453599999999767e+01
5.358916800000000080e+01
5.674147200000000169e+01
5.989377600000000257e+01
7.250299200000000610e+01
4.728455999999999904e+01
4.728455999999999904e+01
6.462223199999999679e+01
6.304608000000000345e+01
5.043686399999999992e+01
6.777453599999999767e+01
6.304608000000000345e+01
6.619838400000000433e+01
7.250299199999999189e+01
8.038375200000000120e+01
6.462223199999999679e+01
5.831762400000000213e+01
6.619838400000000433e+01
8.038375200000000120e+01
6.935068800000000522e+01
5.358916800000000080e+01
6.146992800000000301e+01
8.038375200000000120e+01
6.146992799999999590e+01
7.092683999999999855e+01
7.250299200000000610e+01
5.358916800000000080e+01
6.146992800000000301e+01
6.146992799999999590e+01
5.989377600000000257e+01
6.619838400000000433e+01
6.777453599999999767e+01
6.777453599999999767e+01
7.092683999999999855e+01
7.565529600000000698e+01
6.777453599999999767e+01
6.619838400000000433e+01
6.935068799999999101e+01
7.723144800000000032e+01
7.407914399999999944e+01
6.462223199999999679e+01
8.353605600000000209e+01
8.353605600000000209e+01
7.407914399999999944e+01
9.141681599999999719e+01
7.565529599999999277e+01
7.565529600000000698e+01
5.201301600000000036e+01
5.989377600000000967e+01
6.304607999999999635e+01
7.565529599999999277e+01
6.777453599999999767e+01
6.935068800000000522e+01
6.777453600000001188e+01
5.674147200000000169e+01
6.462223199999999679e+01
6.777453599999999767e+01
7.250299200000000610e+01
7.092683999999999855e+01
6.304608000000000345e+01
7.092684000000001276e+01
7.092683999999999855e+01
8.038375200000000120e+01
6.935068800000000522e+01
6.777453599999999767e+01
6.462223200000001100e+01
5.201301600000000036e+01
5.831762400000000213e+01
7.723144800000000032e+01
6.304608000000000345e+01
7.092683999999999855e+01
6.935068800000000522e+01
6.462223199999999679e+01
7.250299200000000610e+01
7.092683999999999855e+01
5.516531999999999414e+01
6.462223199999999679e+01
6.304607999999999635e+01
7.250299200000000610e+01
8.195990400000000875e+01
6.935068800000000522e+01
7.092683999999999855e+01
7.092683999999999855e+01
5.516532000000000124e+01
6.777453600000001188e+01
6.935068800000000522e+01
5.831762400000000213e+01
6.777453600000001188e+01
7.565529600000000698e+01
6.146992800000000301e+01
8.038375200000000120e+01
6.777453599999999767e+01
5.516531999999999414e+01
5.043686399999999281e+01
6.777453599999999767e+01
7.250299199999999189e+01
5.674147200000000879e+01
4.413225599999999815e+01
6.462223200000001100e+01
7.092683999999999855e+01
6.304608000000001056e+01
9.772142399999999895e+01
7.723144800000000032e+01
5.831762399999999502e+01
7.250299199999999189e+01
6.462223199999999679e+01
7.723144800000000032e+01
7.723144800000000032e+01
6.619838399999999012e+01
7.250299200000000610e+01
8.511220799999999542e+01
7.880760000000000787e+01
6.304608000000000345e+01
6.146992800000000301e+01
6.935068800000000522e+01
7.565529600000000698e+01
7.407914399999999944e+01
6.777453599999999767e+01
7.407914399999999944e+01
6.462223199999999679e+01
6.304608000000000345e+01
5.989377600000000967e+01
6.462223199999999679e+01
6.619838400000000433e+01
6.146992800000000301e+01
7.407914399999999944e+01
6.146992800000000301e+01
7.407914399999999944e+01
7.880760000000000787e+01
8.038375200000000120e+01
7.723144800000000032e+01
6.146992800000000301e+01
6.619838400000000433e+01
8.195990400000000875e+01
7.880760000000000787e+01
6.619838400000000433e+01
6.462223199999999679e+01
7.880760000000000787e+01
6.619838400000000433e+01
5.516532000000000124e+01
5.989377600000000257e+01
7.092683999999999855e+01
6.935068800000000522e+01
6.619838400000000433e+01
6.935068800000000522e+01
6.304608000000000345e+01
7.407914399999999944e+01
8.984066400000000385e+01
8.353605600000000209e+01
5.674147200000000169e+01
7.092683999999999855e+01
6.462223199999999679e+01
6.935068800000000522e+01
6.935068800000000522e+01
6.935068800000000522e+01
5.043686399999999992e+01
8.038375200000000120e+01
5.516532000000000124e+01
5.831762400000000213e+01
7.250299200000000610e+01
6.935068800000000522e+01
7.723144800000000032e+01
6.304608000000000345e+01
6.777453599999999767e+01
6.935068799999999101e+01
5.516532000000000124e+01
6.304608000000001056e+01
7.880759999999999366e+01
7.880760000000000787e+01
6.304608000000000345e+01
6.462223199999999679e+01
7.250299199999999189e+01
5.831762400000000213e+01
6.777453600000001188e+01
6.935068799999999101e+01
6.619838400000000433e+01
7.565529600000000698e+01
7.723144800000000032e+01
6.777453599999999767e+01
7.092683999999999855e+01
7.407914399999999944e+01
7.565529600000000698e+01
8.826451199999999631e+01
7.880759999999999366e+01
7.723144800000000032e+01
8.511220799999999542e+01
8.038375199999998699e+01
6.146992800000000301e+01
5.674147200000000169e+01
5.516531999999999414e+01
7.723144800000000032e+01
6.935068800000000522e+01
6.619838400000000433e+01
5.989377600000000257e+01
6.619838399999999012e+01
6.777453599999999767e+01
6.462223199999999679e+01
6.777453599999999767e+01
7.880759999999999366e+01
6.304607999999999635e+01
5.516531999999999414e+01
7.092683999999999855e+01
5.831762400000000213e+01
6.935068799999999101e+01
9.299296799999999052e+01
8.038375200000000120e+01
8.353605600000000209e+01
5.989377600000000257e+01
5.989377600000000257e+01
6.619838400000000433e+01
6.146992799999999590e+01
7.092683999999999855e+01
7.407914399999999944e+01
8.038375200000000120e+01
7.092683999999999855e+01
6.619838400000000433e+01
7.250299199999999189e+01
6.304607999999999635e+01
6.935068800000000522e+01
6.146992800000000301e+01
7.092684000000001276e+01
6.777453599999999767e+01
7.565529600000000698e+01
8.038375200000000120e+01
7.250299199999999189e+01
6.462223199999999679e+01
6.935068800000000522e+01
7.407914399999999944e+01
6.462223199999999679e+01
6.777453600000001188e+01
6.304607999999999635e+01
6.935068800000000522e+01
7.723144800000000032e+01
7.723144800000000032e+01
8.038375200000000120e+01
7.250299200000000610e+01
7.092683999999999855e+01
6.619838400000000433e+01
6.619838399999999012e+01
7.407914399999999944e+01
8.668836000000000297e+01
8.195990400000000875e+01
7.250299199999999189e+01
7.565529600000000698e+01
7.250299199999999189e+01
7.250299200000000610e+01
7.565529600000000698e+01
8.668835999999998876e+01
7.092683999999999855e+01
6.462223200000001100e+01
8.038375200000000120e+01
6.619838400000000433e+01
5.989377600000000257e+01
6.304608000000000345e+01
7.565529599999999277e+01
6.935068800000000522e+01
7.880759999999999366e+01
7.565529600000000698e+01
6.935068800000000522e+01
7.407914399999999944e+01
6.777453599999999767e+01
7.250299199999999189e+01
5.989377600000000257e+01
6.935068799999999101e+01
5.989377600000000967e+01
7.407914399999999944e+01
7.407914399999999944e+01
7.723144800000000032e+01
6.619838400000000433e+01
8.353605600000000209e+01
7.565529599999999277e+01
7.407914399999999944e+01
5.674147199999999458e+01
9.614527200000000562e+01
6.462223199999999679e+01
7.723144800000000032e+01
6.935068799999999101e+01
7.565529599999999277e+01
7.407914399999999944e+01
7.565529599999999277e+01
7.565529600000000698e+01
6.619838400000000433e+01
9.456911999999999807e+01
7.723144800000000032e+01
7.565529600000000698e+01
7.092683999999999855e+01
7.880760000000000787e+01
6.619838400000000433e+01
7.565529599999999277e+01
8.195990399999999454e+01
6.619838400000000433e+01
6.935068800000000522e+01
6.304608000000000345e+01
7.880760000000000787e+01
7.565529599999999277e+01
7.880760000000000787e+01
7.880759999999999366e+01
6.777453599999999767e+01
6.146992800000000301e+01
8.038375200000000120e+01
7.407914399999999944e+01
8.826451199999999631e+01
7.723144800000000032e+01
6.935068800000000522e+01
7.407914399999999944e+01
8.826451200000001052e+01
8.353605600000000209e+01
8.038375200000000120e+01
8.038375200000000120e+01
8.353605599999998788e+01
9.141681599999999719e+01
9.614527199999999141e+01
7.407914399999999944e+01
6.462223200000001100e+01
6.304607999999999635e+01
7.407914399999999944e+01
8.353605600000000209e+01
8.038375200000000120e+01
7.407914399999999944e+01
8.353605600000000209e+01
8.353605600000000209e+01
6.935068800000000522e+01
8.038375200000000120e+01
9.456911999999999807e+01
7.407914399999999944e+01
6.935068800000000522e+01
8.195990399999999454e+01
7.407914399999999944e+01
7.723144800000000032e+01
8.195990400000000875e+01
7.250299200000000610e+01
7.565529599999999277e+01
8.984066400000000385e+01
8.195990399999999454e+01
6.777453599999999767e+01
7.407914399999999944e+01
7.250299200000000610e+01
8.038375199999998699e+01
7.250299200000000610e+01
8.511220800000000963e+01
7.723144800000000032e+01
8.038375200000000120e+01
7.565529600000000698e+01
6.619838400000000433e+01
9.299296800000000474e+01
7.565529600000000698e+01
8.038375200000000120e+01
7.407914399999999944e+01
7.092684000000001276e+01
7.880759999999999366e+01
9.141681599999999719e+01
7.092683999999999855e+01
6.935068800000000522e+01
6.777453600000001188e+01
7.407914399999999944e+01
7.407914399999999944e+01
8.195990399999999454e+01
7.880760000000000787e+01
8.195990399999999454e+01
8.038375200000000120e+01
8.668836000000000297e+01
7.407914399999999944e+01
8.984066400000000385e+01
6.935068800000000522e+01
8.826451199999999631e+01
8.668836000000000297e+01
9.772142399999999895e+01
8.826451200000001052e+01
7.723144800000000032e+01
7.565529600000000698e+01
7.407914399999999944e+01
8.195990399999999454e+01
9.614527200000000562e+01
8.984066400000000385e+01
8.353605599999998788e+01
8.668836000000000297e+01
8.195990400000000875e+01
8.353605600000000209e+01
8.038375200000000120e+01
8.511220799999999542e+01
7.250299200000000610e+01
7.565529600000000698e+01
9.141681599999999719e+01
8.826451200000001052e+01
8.353605600000000209e+01
7.880759999999999366e+01
8.511220799999999542e+01
8.353605600000000209e+01
8.195990400000000875e+01
8.511220799999999542e+01
7.723144800000000032e+01
9.141681599999999719e+01
8.038375200000000120e+01
7.565529599999999277e+01
6.777453599999999767e+01
9.141681599999999719e+01
8.826451199999999631e+01
8.511220799999999542e+01
8.984066399999998964e+01
7.407914399999999944e+01
8.511220799999999542e+01
7.723144800000000032e+01
7.880759999999999366e+01
6.619838400000000433e+01
9.141681600000001140e+01
9.141681599999999719e+01
8.668836000000000297e+01
7.880759999999999366e+01
9.456911999999999807e+01
9.141681599999999719e+01
9.299296800000000474e+01
7.565529600000000698e+01
7.880759999999999366e+01
8.511220799999999542e+01
6.304607999999999635e+01
6.304608000000001056e+01
7.565529600000000698e+01
8.511220800000000963e+01
8.826451200000001052e+01
8.984066400000000385e+01
7.723144800000000032e+01
7.565529599999999277e+01
7.407914399999999944e+01
9.456911999999999807e+01
7.723144800000000032e+01
6.777453599999999767e+01
7.565529599999999277e+01
9.299296800000000474e+01
8.038375200000000120e+01
7.407914399999999944e+01
7.880759999999999366e+01
8.195990399999999454e+01
8.511220800000000963e+01
9.141681600000001140e+01
7.880760000000000787e+01
7.723144799999998611e+01
7.880759999999999366e+01
8.826451199999999631e+01
8.195990399999999454e+01
8.826451199999999631e+01
8.038375200000000120e+01
7.092683999999999855e+01
9.141681599999999719e+01
9.614527200000000562e+01
8.826451200000001052e+01
8.353605600000000209e+01
9.299296800000000474e+01
7.092683999999999855e+01
7.723144800000000032e+01
7.880760000000000787e+01
8.668836000000000297e+01
8.826451200000001052e+01
7.250299200000000610e+01
7.407914399999999944e+01
8.353605599999998788e+01
8.353605600000000209e+01
8.826451199999999631e+01
7.880759999999999366e+01
6.304608000000000345e+01
6.619838400000000433e+01
8.038375199999998699e+01
8.353605600000000209e+01
8.668836000000000297e+01
8.826451200000001052e+01
7.250299200000000610e+01
7.565529599999999277e+01
8.195990399999999454e+01
8.511220799999999542e+01
8.353605599999998788e+01
8.195990399999999454e+01
7.092683999999999855e+01
7.880760000000000787e+01
7.092683999999999855e+01
7.565529600000000698e+01
6.777453600000001188e+01
7.250299200000000610e+01
7.407914399999999944e+01
9.456912000000001228e+01
6.619838400000000433e+01
6.619838400000000433e+01
5.831762400000000213e+01
7.407914399999999944e+01
8.353605600000000209e+01
8.511220799999999542e+01
9.141681600000001140e+01
8.668836000000000297e+01
8.195990399999999454e+01
7.250299200000000610e+01
8.826451199999999631e+01
7.880759999999999366e+01
7.880759999999999366e+01
7.092683999999999855e+01
6.619838400000000433e+01
7.092683999999999855e+01
7.723144800000000032e+01
7.880760000000000787e+01
8.353605600000000209e+01
6.777453599999999767e+01
7.565529600000000698e+01
6.304608000000000345e+01
7.250299199999999189e+01
7.250299200000000610e+01
7.250299199999999189e+01
8.038375200000000120e+01
8.038375200000000120e+01
6.935068800000000522e+01
8.826451200000001052e+01
6.462223199999999679e+01
6.777453599999999767e+01
7.250299200000000610e+01
7.565529599999999277e+01
6.777453599999999767e+01
8.984066400000000385e+01
6.619838400000000433e+01
6.935068799999999101e+01
6.935068800000000522e+01
6.619838400000000433e+01
5.989377600000000257e+01
5.989377599999999546e+01
7.880760000000000787e+01
6.935068800000000522e+01
6.935068800000000522e+01
6.777453599999999767e+01
6.935068800000000522e+01
8.038375200000000120e+01
6.619838400000000433e+01
7.092683999999999855e+01
6.462223199999999679e+01
7.565529599999999277e+01
7.880759999999999366e+01
7.880760000000000787e+01
5.989377600000000257e+01
6.146992800000000301e+01
7.565529599999999277e+01
6.619838400000000433e+01
7.723144800000000032e+01
7.723144800000000032e+01
5.831762400000000213e+01
6.619838399999999012e+01
6.462223199999999679e+01
6.619838400000000433e+01
8.195990400000000875e+01
7.565529600000000698e+01
6.619838400000000433e+01
6.935068799999999101e+01
5.831762400000000923e+01
6.777453599999999767e+01
7.407914400000001365e+01
6.777453600000001188e+01
6.777453599999999767e+01
7.250299200000000610e+01
6.619838400000000433e+01
7.250299200000000610e+01
7.407914399999999944e+01
5.989377600000000257e+01
6.935068800000000522e+01
5.043686399999999992e+01
6.304608000000001056e+01
7.092683999999999855e+01
7.250299200000000610e+01
6.462223199999999679e+01
5.989377600000000257e+01
6.462223200000001100e+01
6.304608000000000345e+01
7.565529600000000698e+01
8.038375200000000120e+01
7.250299199999999189e+01
6.462223199999999679e+01
6.935068800000000522e+01
7.407914399999999944e+01
6.146992800000000301e+01
6.935068800000000522e+01
6.462223199999999679e+01
6.777453600000001188e+01
7.092683999999999855e+01
6.777453599999999767e+01
6.462223199999999679e+01
7.250299200000000610e+01
7.250299199999999189e+01
5.043686399999999992e+01
7.092683999999999855e+01
6.146992799999999590e+01
8.826451199999999631e+01
6.619838400000000433e+01
6.462223199999999679e+01
5.989377600000000257e+01
6.777453600000001188e+01
6.619838400000000433e+01
7.407914399999999944e+01
6.619838400000000433e+01
5.989377600000000257e+01
6.146992800000000301e+01
6.619838400000000433e+01
6.462223199999999679e+01
6.619838400000000433e+01
5.516532000000000835e+01
6.462223199999999679e+01
5.831762400000000213e+01
6.304608000000000345e+01
6.304608000000000345e+01
6.304608000000000345e+01
5.674147200000000169e+01
5.358916800000000080e+01
5.043686399999999992e+01
6.146992800000000301e+01
6.304608000000000345e+01
6.304608000000000345e+01
6.619838400000000433e+01
6.619838400000000433e+01
7.250299200000000610e+01
5.831762400000000213e+01
7.092683999999999855e+01
4.886071199999999948e+01
6.146992800000000301e+01
6.777453599999999767e+01
6.619838400000000433e+01
6.146992799999999590e+01
8.511220800000000963e+01
5.989377600000000257e+01
5.831762400000000213e+01
5.831762400000000213e+01
7.092683999999999855e+01
5.674147200000000169e+01
6.146992800000000301e+01
5.201301600000000036e+01
6.146992799999999590e+01
4.886071200000000658e+01
5.989377600000000257e+01
6.304608000000000345e+01
8.511220800000000963e+01
6.935068800000000522e+01
6.462223199999999679e+01
6.304608000000000345e+01
6.777453599999999767e+01
5.674147200000000169e+01
5.831762400000000213e+01
6.935068800000000522e+01
6.462223199999999679e+01
6.146992799999999590e+01
5.831762400000000213e+01
6.462223199999999679e+01
6.462223199999999679e+01
5.989377600000000257e+01
5.989377600000000257e+01
3.467534400000000261e+01
5.358916800000000080e+01
5.831762400000000213e+01
5.831762400000000213e+01
7.407914400000001365e+01
7.407914399999999944e+01
5.201301600000000747e+01
5.831762400000000213e+01
7.092683999999999855e+01
5.989377600000000257e+01
6.935068800000000522e+01
6.146992799999999590e+01
6.935068800000000522e+01
6.935068800000000522e+01
8.353605600000000209e+01
6.146992800000001012e+01
5.989377600000000257e+01
6.304608000000000345e+01
4.728455999999999904e+01
6.146992800000001012e+01
5.831762400000000213e+01
6.146992800000001012e+01
4.886071200000000658e+01
5.516531999999999414e+01
6.462223199999999679e+01
6.777453600000001188e+01
5.516531999999999414e+01
4.886071199999999948e+01
6.304608000000000345e+01
5.358916800000000080e+01
6.146992799999999590e+01
5.831762400000000213e+01
6.146992799999999590e+01
7.407914399999999944e+01
5.989377600000000257e+01
5.043686399999999992e+01
6.462223200000001100e+01
5.989377600000000257e+01
5.989377600000000257e+01
5.201301600000000036e+01
6.935068799999999101e+01
5.516531999999999414e+01
6.777453600000001188e+01
6.146992800000001012e+01
4.886071200000000658e+01
5.358916800000000080e+01
6.462223199999999679e+01
5.043686399999999992e+01
5.516532000000000835e+01
5.989377600000000257e+01
6.619838400000000433e+01
5.674147200000000169e+01
5.674147200000000169e+01
5.201301600000000747e+01
4.886071200000000658e+01
4.413225600000000526e+01
5.989377600000000257e+01
5.831762399999999502e+01
5.358916800000000080e+01
4.413225600000000526e+01
4.255610400000000482e+01
5.358916800000000080e+01
6.304608000000000345e+01
4.570840799999999859e+01
6.146992799999999590e+01
6.619838400000000433e+01
4.728455999999999904e+01
6.619838399999999012e+01
4.570840800000000570e+01
4.728456000000000614e+01
4.886071200000000658e+01
5.201301600000000747e+01
5.516532000000000835e+01
6.462223199999999679e+01
6.619838400000000433e+01
4.255610400000000482e+01
5.043686399999999992e+01
5.043686399999999992e+01
4.728455999999999904e+01
5.516532000000000835e+01
5.358916800000000080e+01
6.462223199999999679e+01
4.886071199999999948e+01
5.831762400000000923e+01
5.358916800000000080e+01
5.831762400000000213e+01
5.201301600000000747e+01
5.043686400000000702e+01
5.043686399999999992e+01
5.989377600000000257e+01
5.516532000000000124e+01
5.516531999999999414e+01
4.255610400000000482e+01
4.886071199999999948e+01
6.146992799999999590e+01
5.989377600000000257e+01
5.989377600000000257e+01
6.619838400000000433e+01
5.831762400000000213e+01
5.201301600000000747e+01
6.146992799999999590e+01
5.043686399999999992e+01
5.831762400000000213e+01
3.940380000000000393e+01
4.886071200000000658e+01
3.309919200000000217e+01
4.728456000000000614e+01
6.146992800000001012e+01
4.413225600000000526e+01
6.462223199999999679e+01
4.255610400000000482e+01
5.043686399999999992e+01
5.674147200000000879e+01
2.994688800000000128e+01
4.097995200000000438e+01
5.989377600000000257e+01
4.097995200000000438e+01
4.570840800000000570e+01
5.201301600000000036e+01
4.728455999999999904e+01
4.255610400000000482e+01
4.255610400000000482e+01
5.043686400000000702e+01
3.782764800000000349e+01
5.043686400000000702e+01
5.516531999999999414e+01
5.358916800000000080e+01
3.782764799999999639e+01
5.989377600000000257e+01
4.097995200000000438e+01
4.413225599999999815e+01
3.782764800000000349e+01
4.570840800000000570e+01
2.679458400000000040e+01
4.886071200000000658e+01
4.570840800000000570e+01
3.782764800000000349e+01
5.201301600000000747e+01
5.043686400000000702e+01
3.309919200000000217e+01
3.625149600000000305e+01
4.570840800000000570e+01
5.516532000000000124e+01
5.201301600000000747e+01
5.201301600000000036e+01
3.940380000000000393e+01
5.674147199999999458e+01
3.782764799999999639e+01
4.413225599999999815e+01
3.625149600000000305e+01
5.516531999999999414e+01
5.043686399999999992e+01
5.043686399999999992e+01
3.782764800000000349e+01
4.570840800000000570e+01
4.413225600000000526e+01
4.413225599999999815e+01
5.831762399999999502e+01
5.989377600000000257e+01
4.413225599999999815e+01
4.886071200000000658e+01
3.940380000000000393e+01
3.782764800000000349e+01
4.570840799999999859e+01
4.413225600000000526e+01
5.358916800000000080e+01
4.570840800000000570e+01
2.994688800000000128e+01
4.097995200000000438e+01
4.255610400000000482e+01
4.255610400000000482e+01
5.516532000000000124e+01
4.097995199999999727e+01
2.837073600000000084e+01
2.994688800000000128e+01
3.467534400000000261e+01
4.255610400000000482e+01
2.994688800000000128e+01
3.782764800000000349e+01
4.886071200000000658e+01
2.994688800000000128e+01
4.097995199999999727e+01
3.309919200000000217e+01
4.255610400000000482e+01
2.994688800000000128e+01
4.570840799999999859e+01
4.255610400000000482e+01
4.886071200000000658e+01
2.994688800000000128e+01
3.940380000000000393e+01
4.886071200000000658e+01
3.782764800000000349e+01
1.733767200000000130e+01
3.625149600000000305e+01
3.467534400000000261e+01
3.782764799999999639e+01
3.625149600000000305e+01
3.782764799999999639e+01
3.152304000000000173e+01
4.728456000000000614e+01
3.309919200000000217e+01
3.782764800000000349e+01
2.521843199999999996e+01
3.467534400000000261e+01
3.467534399999999550e+01
2.994688800000000128e+01
3.152304000000000173e+01
3.152304000000000173e+01
4.255610400000000482e+01
2.206612799999999908e+01
3.309919200000000217e+01
3.152304000000000173e+01
2.521843200000000351e+01
3.940380000000000393e+01
3.152304000000000173e+01
3.152304000000000173e+01
3.309919200000000217e+01
1.733767199999999775e+01
2.364227999999999952e+01
2.994688800000000128e+01
2.994688800000000128e+01
3.467534400000000261e+01
3.625149600000000305e+01
5.516532000000000835e+01
2.994688800000000128e+01
1.576152000000000086e+01
2.521843199999999996e+01
2.837073600000000084e+01
1.576152000000000086e+01
2.679458400000000040e+01
4.413225599999999815e+01
3.309919200000000217e+01
2.206612800000000263e+01
2.994688800000000128e+01
2.837073600000000084e+01
4.255610400000000482e+01
2.994688800000000128e+01
4.097995200000000438e+01
4.255610400000000482e+01
2.364227999999999952e+01
2.679458400000000040e+01
3.782764799999999639e+01
3.625149600000000305e+01
4.255610400000000482e+01
3.625149600000000305e+01
2.364228000000000307e+01
2.206612799999999908e+01
3.625149600000000305e+01
3.309919200000000217e+01
3.467534399999999550e+01
3.152304000000000173e+01
4.728456000000000614e+01
3.467534400000000261e+01
2.521843199999999996e+01
3.467534400000000261e+01
3.467534400000000261e+01
2.364228000000000307e+01
3.782764800000000349e+01
3.309919200000000217e+01
2.521843199999999996e+01
3.940380000000000393e+01
3.940380000000000393e+01
2.837073600000000084e+01
3.940380000000000393e+01
4.255610400000000482e+01
3.467534399999999550e+01
1.576152000000000086e+01
3.625149600000000305e+01
3.782764799999999639e+01
3.625149600000000305e+01
4.570840800000000570e+01
4.886071200000000658e+01
3.782764800000000349e+01
3.625149600000000305e+01
4.886071200000000658e+01
4.570840800000000570e+01
2.048997600000000219e+01
2.521843199999999996e+01
2.679458400000000040e+01
2.837073599999999729e+01
3.625149600000000305e+01
9.456911999999999097e+00
3.625149600000000305e+01
3.152304000000000173e+01
3.782764800000000349e+01
4.413225599999999815e+01
4.570840800000000570e+01
4.570840800000000570e+01
4.255610400000000482e+01
3.625149600000000305e+01
1.576152000000000086e+01
1.891382399999999819e+01
2.521843199999999996e+01
3.309919200000000217e+01
3.309919200000000217e+01
2.521843200000000351e+01
2.679458400000000040e+01
4.413225599999999815e+01
3.940380000000000393e+01
3.467534399999999550e+01
2.679458400000000040e+01
2.679458400000000040e+01
2.837073600000000084e+01
3.940380000000000393e+01
4.413225599999999815e+01
4.255610399999999771e+01
3.152304000000000173e+01
2.837073600000000084e+01
3.940380000000000393e+01
3.625149600000000305e+01
3.782764800000000349e+01
5.201301600000000747e+01
3.625149600000000305e+01
2.048997600000000219e+01
4.255610400000000482e+01
1.891382399999999819e+01
1.891382399999999819e+01
2.206612799999999908e+01
1.576152000000000086e+01
2.048997599999999863e+01
3.782764800000000349e+01
3.625149600000000305e+01
3.782764799999999639e+01
2.679458400000000040e+01
2.994688800000000128e+01
4.728455999999999904e+01
1.418536800000000042e+01
2.679458400000000040e+01
3.152304000000000173e+01
3.940380000000000393e+01
2.206612799999999908e+01
1.733767200000000486e+01
3.309919200000000217e+01
3.152304000000000173e+01
3.625149600000000305e+01
2.837073600000000084e+01
3.782764799999999639e+01
3.940380000000000393e+01
4.413225599999999815e+01
2.364227999999999952e+01
2.679458400000000040e+01
3.309919200000000217e+01
3.152304000000000173e+01
3.782764800000000349e+01
4.255610400000000482e+01
2.679458400000000040e+01
4.097995199999999727e+01
3.782764800000000349e+01
4.728455999999999904e+01
3.152304000000000173e+01
2.994688800000000128e+01
2.206612799999999908e+01
2.521843199999999996e+01
4.097995200000000438e+01
2.364228000000000307e+01
2.521843199999999996e+01
4.097995199999999727e+01
4.097995199999999727e+01
3.309919200000000217e+01
3.152303999999999817e+01
3.309919200000000217e+01
2.679458400000000040e+01
3.782764799999999639e+01
3.625149600000000305e+01
3.625149600000000305e+01
3.625149600000000305e+01
2.048997599999999863e+01
2.679458400000000040e+01
3.152304000000000173e+01
1.418536800000000042e+01
3.625149600000000305e+01
2.679458400000000040e+01
3.309919200000000217e+01
4.097995199999999727e+01
3.625149600000000305e+01
4.097995199999999727e+01
4.570840800000000570e+01
3.309919200000000217e+01
2.837073600000000084e+01
4.886071200000000658e+01
3.467534400000000261e+01
2.364227999999999952e+01
2.994688800000000128e+01
3.309919200000000217e+01
4.413225599999999815e+01
3.625149600000000305e+01
4.570840800000000570e+01
3.152304000000000173e+01
2.994688800000000128e+01
1.260921600000000176e+01
4.255610400000000482e+01
3.940380000000000393e+01
3.625149600000000305e+01
3.940380000000000393e+01
3.782764800000000349e+01
3.309919200000000217e+01
3.625149600000000305e+01
4.097995199999999727e+01
3.309919200000000217e+01
3.467534400000000261e+01
3.309919200000000217e+01
1.418536800000000042e+01
2.521843199999999996e+01
3.782764800000000349e+01
3.782764800000000349e+01
4.728455999999999904e+01
4.097995200000000438e+01
5.043686399999999992e+01
2.521843200000000351e+01
3.625149600000000305e+01
4.728456000000000614e+01
4.728455999999999904e+01
4.413225600000000526e+01
4.413225599999999815e+01
3.940380000000000393e+01
3.309919200000000217e+01
2.837073600000000084e+01
3.467534400000000261e+01
3.782764800000000349e+01
5.201301600000000036e+01
4.097995200000000438e+01
3.309919200000000217e+01
4.413225600000000526e+01
3.309919200000000217e+01
3.625149600000000305e+01
4.097995199999999727e+01
2.679458400000000040e+01
3.940380000000000393e+01
4.728456000000000614e+01
3.625149600000000305e+01
4.255610399999999771e+01
3.782764799999999639e+01
3.782764800000000349e+01
2.679458400000000040e+01
5.674147200000000169e+01
4.097995199999999727e+01
3.467534400000000261e+01
2.994688800000000128e+01
2.994688800000000128e+01
4.570840800000000570e+01
3.467534400000000261e+01
4.413225599999999815e+01
4.097995200000000438e+01
4.570840800000000570e+01
2.994688800000000128e+01
3.625149600000000305e+01
3.782764799999999639e+01
1.576151999999999731e+01
1.103306399999999954e+01
4.570840800000000570e+01
3.940380000000000393e+01
4.570840799999999859e+01
1.891382399999999819e+01
3.782764800000000349e+01
3.940380000000000393e+01
4.728456000000000614e+01
2.837073600000000084e+01
2.837073600000000084e+01
3.467534400000000261e+01
4.097995199999999727e+01
2.521843199999999996e+01
2.994688800000000128e+01
3.940380000000000393e+01
2.048997599999999863e+01
2.994688800000000128e+01
2.679458400000000040e+01
2.994688800000000128e+01
2.994688800000000128e+01
2.837073600000000084e+01
3.625149600000000305e+01
4.886071200000000658e+01
2.994688800000000128e+01
2.364228000000000307e+01
2.206612799999999908e+01
5.043686399999999992e+01
3.467534400000000261e+01
2.048997600000000219e+01
2.048997599999999863e+01
2.521843199999999996e+01
2.206612800000000263e+01
4.413225599999999815e+01
3.940380000000000393e+01
1.733767199999999775e+01
2.994688800000000128e+01
3.152304000000000173e+01
3.625149600000000305e+01
2.206612800000000263e+01
4.255610400000000482e+01
3.309919200000000217e+01
2.994688800000000128e+01
2.521843199999999996e+01
3.625149600000000305e+01
4.886071200000000658e+01
3.467534400000000261e+01
3.782764800000000349e+01
3.309919200000000217e+01
2.994688800000000128e+01
2.994688800000000128e+01
3.625149600000000305e+01
3.467534400000000261e+01
3.625149600000000305e+01
3.940380000000000393e+01
2.679458400000000040e+01
3.625149600000000305e+01
3.625149600000000305e+01
4.886071200000000658e+01
4.097995200000000438e+01
2.206612799999999908e+01
3.152304000000000173e+01
2.837073600000000084e+01
2.206612799999999908e+01
4.097995200000000438e+01
3.467534400000000261e+01
3.625149600000000305e+01
2.837073600000000084e+01
3.152304000000000173e+01
2.679458400000000040e+01
4.097995199999999727e+01
2.994688800000000128e+01
3.152304000000000173e+01
3.152304000000000173e+01
4.413225599999999815e+01
2.994688800000000128e+01
2.837073600000000084e+01
3.625149600000000305e+01
2.364227999999999952e+01
2.521843200000000351e+01
3.309919200000000217e+01
2.679458400000000040e+01
2.048997599999999863e+01
3.467534400000000261e+01
3.152304000000000173e+01
3.152304000000000173e+01
2.048997599999999863e+01
2.048997600000000219e+01
3.625149600000000305e+01
4.886071200000000658e+01
3.940380000000000393e+01
3.625149600000000305e+01
3.152304000000000173e+01
2.364228000000000307e+01
2.364228000000000307e+01
3.625149600000000305e+01
2.994688800000000128e+01
3.309919200000000217e+01
5.831762400000000923e+01
3.625149600000000305e+01
3.152304000000000173e+01
3.467534400000000261e+01
2.521843199999999996e+01
2.837073600000000084e+01
1.418536800000000042e+01
4.570840800000000570e+01
4.413225599999999815e+01
3.309919200000000217e+01
4.097995199999999727e+01
2.521843199999999996e+01
2.837073600000000084e+01
3.152304000000000173e+01
2.679458400000000040e+01
3.940380000000000393e+01
2.048997600000000219e+01
2.679458400000000040e+01
3.152304000000000528e+01
3.625149600000000305e+01
4.097995199999999727e+01
3.309919200000000217e+01
3.940380000000000393e+01
3.309919200000000217e+01
4.413225599999999815e+01
3.152304000000000173e+01
2.521843199999999996e+01
2.837073599999999729e+01
4.413225600000000526e+01
2.679458400000000040e+01
3.625149600000000305e+01
2.679458400000000040e+01
2.837073600000000084e+01
4.886071200000000658e+01
2.679458400000000040e+01
2.364227999999999952e+01
2.521843199999999996e+01
3.782764800000000349e+01
3.940380000000000393e+01
1.891382399999999819e+01
3.309919200000000217e+01
1.103306400000000131e+01
3.152304000000000173e+01
3.152304000000000173e+01
3.309919200000000217e+01
2.521843199999999996e+01
4.886071200000000658e+01
3.467534399999999550e+01
2.679458400000000040e+01
2.048997599999999863e+01
5.201301600000000747e+01
2.679458400000000040e+01
2.521843199999999996e+01
2.521843199999999996e+01
2.994688800000000128e+01
2.994688800000000128e+01
2.994688800000000128e+01
2.048997599999999863e+01
3.309919200000000217e+01
2.048997599999999863e+01
3.782764799999999639e+01
2.206612799999999908e+01
4.255610400000000482e+01
3.940380000000000393e+01
3.152304000000000173e+01
3.782764800000000349e+01
2.994688800000000128e+01
2.679458400000000040e+01
2.837073600000000084e+01
2.521843199999999996e+01
3.467534400000000261e+01
4.097995199999999727e+01
4.570840800000000570e+01
3.940380000000000393e+01
2.994688800000000484e+01
2.994688800000000128e+01
5.201301600000000747e+01
3.467534400000000261e+01
3.940380000000000393e+01
3.625149600000000305e+01
4.570840800000000570e+01
3.940380000000000393e+01
2.837073599999999729e+01
2.994688800000000128e+01
3.152304000000000173e+01
2.837073600000000084e+01
3.782764799999999639e+01
2.364227999999999952e+01
5.358916800000000080e+01
3.467534400000000261e+01
4.570840800000000570e+01
4.097995199999999727e+01
2.679458400000000040e+01
4.413225599999999815e+01
4.097995199999999727e+01
2.521843200000000351e+01
4.097995199999999727e+01
3.309919200000000217e+01
9.456912000000000873e+00
6.304607999999999990e+00
3.467534399999999550e+01
3.940380000000000393e+01
4.728455999999999904e+01
2.837073600000000084e+01
3.152304000000000173e+01
3.152304000000000528e+01
2.837073600000000084e+01
2.206612800000000263e+01
3.782764799999999639e+01
2.364227999999999952e+01
2.837073600000000084e+01
2.994688800000000128e+01
3.309919200000000217e+01
3.782764800000000349e+01
3.309919200000000217e+01
2.679458400000000040e+01
3.782764800000000349e+01
1.891382400000000175e+01
3.152304000000000173e+01
2.206612800000000263e+01
3.152304000000000173e+01
3.467534400000000261e+01
3.467534400000000261e+01
2.994688800000000128e+01
3.625149600000000305e+01
3.625149600000000305e+01
3.467534400000000261e+01
2.679458400000000040e+01
3.940380000000000393e+01
3.940380000000000393e+01
2.521843199999999996e+01
4.570840799999999859e+01
3.625149600000000305e+01
2.364228000000000307e+01
1.733767199999999775e+01
2.837073600000000084e+01
2.837073600000000440e+01
2.679458400000000040e+01
2.048997599999999863e+01
2.048997599999999863e+01
2.364228000000000307e+01
4.097995199999999727e+01
4.097995199999999727e+01
2.521843199999999996e+01
1.733767200000000130e+01
2.364227999999999952e+01
3.309919200000000217e+01
3.782764800000000349e+01
5.043686400000000702e+01
2.048997599999999863e+01
1.891382400000000175e+01
2.364227999999999952e+01
3.625149600000000305e+01
2.837073600000000084e+01
3.309919200000000217e+01
1.733767200000000130e+01
2.994688800000000128e+01
2.048997600000000219e+01
2.679458400000000040e+01
3.152304000000000173e+01
2.837073600000000084e+01
1.260921599999999998e+01
4.097995200000000438e+01
2.679458400000000040e+01
2.206612799999999908e+01
2.364227999999999952e+01
3.467534400000000261e+01
3.152304000000000173e+01
4.570840800000000570e+01
2.048997600000000219e+01
3.467534400000000261e+01
3.309919200000000217e+01
2.364228000000000307e+01
4.097995200000000438e+01
2.048997599999999863e+01
3.467534399999999550e+01
2.679458400000000040e+01
3.625149600000000305e+01
1.733767200000000130e+01
2.206612799999999908e+01
2.994688800000000128e+01
1.891382399999999819e+01
2.206612799999999908e+01
3.152304000000000173e+01
3.467534400000000261e+01
3.782764800000000349e+01
2.521843199999999996e+01
4.097995199999999727e+01
4.255610400000000482e+01
2.994688800000000128e+01
2.994688800000000128e+01
1.733767200000000486e+01
4.413225600000000526e+01
3.782764800000000349e+01
2.837073600000000084e+01
2.521843199999999996e+01
1.576152000000000264e+01
2.521843199999999996e+01
3.940380000000000393e+01
3.152304000000000173e+01
3.625149600000000305e+01
1.891382399999999819e+01
3.152304000000000173e+01
3.467534400000000261e+01
3.309919200000000217e+01
2.994688800000000128e+01
3.152304000000000173e+01
3.309919200000000217e+01
3.467534400000000261e+01
3.782764799999999639e+01
3.782764800000000349e+01
3.467534400000000261e+01
3.309919200000000217e+01
3.309919200000000217e+01
2.521843199999999996e+01
3.309919200000000217e+01
1.733767199999999775e+01
3.467534400000000261e+01
2.679458400000000040e+01
3.782764800000000349e+01
4.097995200000000438e+01
2.521843199999999996e+01
2.364227999999999952e+01
2.206612800000000263e+01
3.782764800000000349e+01
2.048997600000000219e+01
2.679458400000000040e+01
3.309919200000000217e+01
4.097995199999999727e+01
2.994688800000000128e+01
3.625149600000000305e+01
1.891382399999999819e+01
3.467534400000000261e+01
2.679458400000000040e+01
2.994688800000000128e+01
2.837073600000000084e+01
2.837073600000000084e+01
2.994688800000000128e+01
2.994688800000000128e+01
2.364228000000000307e+01
2.048997600000000219e+01
3.309919200000000217e+01
3.625149600000000305e+01
3.309919200000000217e+01
2.521843199999999996e+01
3.782764799999999639e+01
3.467534400000000261e+01
2.679458400000000040e+01
2.521843199999999996e+01
2.521843199999999996e+01
2.206612799999999908e+01
4.886071200000000658e+01
3.467534400000000261e+01
3.309919200000000217e+01
2.679458400000000040e+01
4.413225599999999815e+01
2.679458400000000395e+01
4.255610400000000482e+01
3.467534399999999550e+01
2.679458400000000040e+01
2.521843199999999996e+01
4.255610400000000482e+01
4.413225599999999815e+01
3.309919200000000217e+01
3.782764799999999639e+01
2.679458400000000040e+01
3.940380000000000393e+01
4.097995200000000438e+01
3.152304000000000173e+01
3.782764799999999639e+01
3.467534400000000261e+01
4.413225600000000526e+01
3.467534400000000261e+01
3.940380000000000393e+01
2.994688800000000128e+01
3.782764800000000349e+01
4.255610399999999771e+01
3.940380000000000393e+01
3.309919200000000217e+01
3.467534400000000261e+01
4.886071200000000658e+01
3.625149600000000305e+01
2.364227999999999952e+01
4.097995199999999727e+01
2.364227999999999952e+01
2.994688800000000128e+01
4.413225600000000526e+01
4.097995200000000438e+01
2.206612799999999908e+01
4.255610400000000482e+01
3.940380000000000393e+01
3.309919200000000217e+01
2.364227999999999952e+01
3.940380000000000393e+01
2.206612799999999908e+01
2.521843199999999996e+01
4.255610399999999771e+01
4.728455999999999904e+01
5.043686399999999992e+01
4.886071200000000658e+01
3.625149600000000305e+01
2.206612799999999908e+01
2.994688800000000484e+01
5.516532000000000124e+01
2.837073600000000084e+01
3.625149600000000305e+01
4.097995200000000438e+01
2.364228000000000307e+01
1.103306400000000131e+01
3.309919200000000217e+01
2.048997599999999863e+01
4.570840800000000570e+01
3.309919200000000217e+01
2.994688800000000128e+01
2.994688800000000128e+01
1.418536800000000220e+01
1.733767199999999775e+01
2.994688800000000484e+01
4.570840800000000570e+01
4.255610400000000482e+01
4.255610400000000482e+01
2.994688800000000128e+01
2.837073600000000084e+01
2.679458400000000040e+01
1.891382400000000175e+01
3.625149600000000305e+01
3.467534400000000261e+01
3.940380000000000393e+01
4.570840800000000570e+01
2.521843199999999996e+01
3.625149600000000305e+01
3.309919200000000217e+01
2.679458400000000040e+01
3.309919200000000217e+01
3.940380000000000393e+01
3.940380000000000393e+01
2.364227999999999952e+01
1.418536800000000042e+01
2.679458400000000040e+01
3.782764800000000349e+01
3.467534399999999550e+01
3.152304000000000173e+01
3.625149600000000305e+01
4.413225599999999815e+01
2.837073600000000084e+01
2.521843199999999996e+01
3.782764799999999639e+01
1.891382400000000175e+01
1.891382399999999819e+01
2.364227999999999952e+01
3.467534400000000261e+01
3.625149600000000305e+01
2.521843199999999996e+01
1.891382400000000175e+01
2.837073600000000084e+01
4.097995199999999727e+01
2.364227999999999952e+01
2.837073600000000084e+01
3.467534400000000261e+01
2.521843199999999996e+01
3.782764800000000349e+01
3.467534400000000261e+01
3.309919200000000217e+01
3.152304000000000173e+01
2.521843199999999996e+01
1.576152000000000086e+01
3.309919200000000217e+01
2.837073599999999729e+01
4.886071200000000658e+01
4.255610400000000482e+01
1.733767200000000130e+01
2.364227999999999952e+01
2.048997599999999863e+01
2.206612799999999908e+01
3.152304000000000173e+01
4.097995199999999727e+01
3.152304000000000173e+01
3.940380000000000393e+01
2.994688800000000128e+01
2.206612799999999908e+01
2.837073600000000084e+01
4.728456000000001325e+00
2.837073600000000084e+01
4.728456000000000614e+01
3.309919200000000217e+01
1.733767200000000130e+01
2.837073599999999729e+01
1.733767199999999775e+01
3.467534399999999550e+01
3.309919200000000217e+01
3.152304000000000173e+01
4.886071199999999948e+01
2.837073600000000084e+01
2.206612799999999908e+01
3.940380000000000393e+01
2.994688800000000128e+01
4.097995199999999727e+01
2.521843199999999996e+01
2.364228000000000307e+01
2.048997599999999863e+01
4.097995199999999727e+01
3.625149600000000305e+01
2.364228000000000307e+01
3.782764800000000349e+01
2.837073600000000084e+01
3.467534399999999550e+01
3.309919200000000217e+01
2.521843199999999996e+01
3.782764799999999639e+01
3.467534399999999550e+01
3.782764800000000349e+01
4.570840800000000570e+01
3.309919200000000217e+01
3.940380000000000393e+01
4.255610399999999771e+01
3.467534399999999550e+01
2.679458400000000040e+01
2.364227999999999952e+01
2.837073599999999729e+01
2.837073600000000084e+01
3.625149600000000305e+01
4.097995199999999727e+01
2.679458400000000040e+01
3.152304000000000173e+01
2.994688800000000128e+01
4.413225599999999815e+01
3.625149600000000305e+01
3.625149600000000305e+01
3.152304000000000173e+01
3.625149600000000305e+01
4.097995200000000438e+01
3.152304000000000173e+01
3.782764799999999639e+01
2.679458400000000040e+01
3.467534400000000261e+01
3.625149600000000305e+01
2.679458400000000040e+01
3.309919200000000217e+01
3.625149600000000305e+01
2.994688800000000128e+01
2.206612799999999908e+01
2.521843199999999996e+01
2.206612800000000263e+01
5.043686400000000702e+01
3.625149600000000305e+01
2.837073600000000084e+01
2.837073600000000084e+01
4.255610400000000482e+01
3.152304000000000173e+01
1.418536800000000220e+01
4.097995200000000438e+01
3.467534400000000261e+01
2.837073600000000084e+01
1.891382400000000175e+01
3.940380000000000393e+01
4.413225599999999815e+01
4.097995199999999727e+01
3.467534399999999550e+01
4.413225599999999815e+01
3.152304000000000173e+01
4.570840800000000570e+01
3.152304000000000173e+01
2.206612800000000263e+01
2.521843199999999996e+01
2.994688800000000128e+01
3.467534399999999550e+01
3.940380000000000393e+01
1.891382400000000175e+01
2.206612800000000263e+01
3.625149600000000305e+01
2.994688800000000128e+01
3.152304000000000173e+01
4.097995200000000438e+01
3.940380000000000393e+01
2.679458400000000040e+01
1.733767199999999775e+01
2.994688800000000128e+01
4.097995199999999727e+01
3.940380000000000393e+01
3.940380000000000393e+01
3.782764800000000349e+01
2.206612799999999908e+01
3.152304000000000173e+01
2.994688800000000128e+01
2.679458400000000040e+01
3.152304000000000173e+01
2.048997600000000219e+01
2.048997599999999863e+01
2.679458400000000040e+01
3.625149600000000305e+01
1.891382399999999819e+01
3.152304000000000528e+01
2.206612799999999908e+01
2.048997599999999863e+01
3.940380000000000393e+01
3.467534400000000261e+01
3.625149600000000305e+01
2.679458400000000040e+01
2.206612800000000263e+01
4.886071200000000658e+01
3.940380000000000393e+01
4.097995200000000438e+01
2.679458400000000040e+01
2.679458400000000040e+01
2.206612799999999908e+01
3.782764800000000349e+01
4.413225599999999815e+01
3.309919200000000217e+01
2.521843199999999996e+01
3.309919200000000217e+01
2.048997600000000219e+01
3.625149600000000305e+01
2.206612799999999908e+01
3.467534400000000261e+01
4.570840800000000570e+01
2.679458400000000040e+01
2.521843199999999996e+01
3.309919200000000217e+01
2.521843199999999996e+01
2.837073600000000084e+01
2.048997599999999863e+01
3.309919200000000217e+01
3.625149600000000305e+01
3.782764800000000349e+01
3.782764800000000349e+01
2.994688800000000128e+01
2.048997600000000219e+01
2.837073600000000084e+01
2.206612800000000263e+01
2.679458400000000040e+01
2.994688800000000128e+01
3.152304000000000173e+01
3.782764799999999639e+01
3.467534400000000261e+01
2.521843199999999996e+01
3.309919200000000217e+01
3.940380000000000393e+01
3.467534400000000261e+01
2.048997599999999863e+01
1.891382400000000175e+01
3.625149600000000305e+01
2.837073600000000084e+01
3.940380000000000393e+01
4.886071200000000658e+01
3.309919200000000217e+01
2.837073600000000084e+01
3.309919200000000217e+01
2.837073599999999729e+01
3.309919200000000217e+01
2.837073600000000084e+01
4.255610400000000482e+01
3.940380000000000393e+01
3.625149600000000305e+01
1.576152000000000086e+01
2.521843199999999996e+01
3.625149600000000305e+01
3.625149600000000305e+01
3.782764800000000349e+01
2.679458400000000040e+01
2.994688800000000128e+01
2.837073600000000084e+01
3.940380000000000393e+01
4.097995200000000438e+01
4.413225600000000526e+01
3.625149600000000305e+01
3.467534400000000261e+01
2.206612799999999908e+01
3.309919200000000217e+01
2.521843199999999996e+01
2.206612799999999908e+01
3.940380000000000393e+01
3.625149600000000305e+01
1.103306400000000131e+01
3.152304000000000173e+01
3.940380000000000393e+01
3.152304000000000173e+01
3.782764799999999639e+01
2.994688800000000128e+01
4.097995200000000438e+01
2.994688800000000128e+01
1.891382399999999819e+01
2.048997600000000219e+01
2.364227999999999952e+01
3.940380000000000393e+01
2.206612800000000263e+01
2.837073600000000084e+01
4.097995200000000438e+01
3.467534400000000261e+01
1.260921600000000353e+01
2.364227999999999952e+01
4.255610400000000482e+01
3.940380000000000393e+01
4.570840800000000570e+01
3.782764800000000349e+01
2.837073600000000084e+01
3.152304000000000173e+01
3.152304000000000173e+01
2.364227999999999952e+01
3.309919200000000217e+01
3.782764800000000349e+01
3.152304000000000173e+01
2.521843199999999996e+01
3.309919200000000217e+01
2.679458400000000040e+01
2.994688800000000128e+01
4.097995200000000438e+01
3.782764800000000349e+01
3.152304000000000173e+01
2.521843199999999996e+01
2.679458400000000040e+01
3.309919200000000217e+01
3.467534399999999550e+01
3.625149600000000305e+01
3.625149600000000305e+01
7.880760000000000431e+00
2.364228000000000307e+01
3.152304000000000173e+01
2.521843199999999996e+01
3.782764799999999639e+01
3.467534400000000261e+01
2.679458400000000040e+01
3.782764799999999639e+01
2.837073599999999729e+01
3.309919200000000217e+01
1.733767199999999775e+01
2.994688800000000128e+01
3.782764799999999639e+01
2.521843199999999996e+01
2.521843199999999996e+01
2.837073600000000084e+01
3.309919200000000217e+01
3.309919200000000217e+01
2.837073600000000084e+01
4.097995200000000438e+01
4.728455999999999904e+01
2.679458400000000040e+01
3.940380000000000393e+01
2.994688800000000128e+01
2.994688800000000128e+01
3.625149600000000305e+01
2.994688800000000128e+01
2.679458400000000040e+01
3.152304000000000173e+01
2.837073600000000084e+01
1.733767199999999775e+01
4.728455999999999904e+01
3.782764799999999639e+01
2.994688800000000128e+01
2.679458400000000040e+01
3.625149600000000305e+01
2.679458400000000040e+01
1.891382400000000175e+01
2.048997599999999863e+01
2.364227999999999952e+01
4.097995199999999727e+01
4.570840800000000570e+01
2.364228000000000307e+01
2.679458400000000040e+01
3.625149600000000305e+01
3.940380000000000393e+01
3.152304000000000173e+01
3.940380000000000393e+01
2.994688800000000128e+01
2.679458400000000040e+01
2.994688800000000484e+01
2.994688800000000128e+01
3.309919200000000217e+01
2.679458400000000040e+01
1.418536800000000042e+01
3.309919200000000217e+01
2.521843199999999996e+01
4.097995200000000438e+01
4.570840800000000570e+01
1.260921600000000176e+01
2.994688800000000128e+01
3.782764800000000349e+01
2.837073600000000084e+01
1.576151999999999909e+01
3.782764800000000349e+01
2.364227999999999952e+01
2.837073600000000084e+01
3.309919200000000217e+01
3.152304000000000173e+01
3.625149600000000305e+01
1.891382400000000175e+01
3.152304000000000173e+01
2.837073600000000084e+01
2.206612799999999908e+01
2.679458400000000040e+01
3.152304000000000173e+01
2.521843199999999996e+01
3.467534400000000261e+01
3.782764800000000349e+01
2.837073600000000084e+01
2.206612799999999908e+01
3.309919200000000217e+01
3.625149600000000305e+01
2.837073600000000440e+01
1.733767200000000130e+01
1.418536800000000042e+01
2.364227999999999952e+01
3.152304000000000173e+01
2.048997599999999863e+01
1.733767199999999775e+01
2.837073599999999729e+01
2.679458400000000040e+01
3.467534400000000261e+01
2.679458400000000040e+01
3.152304000000000173e+01
4.255610400000000482e+01
3.467534400000000261e+01
1.891382399999999819e+01
2.837073600000000084e+01
3.309919200000000217e+01
2.521843199999999996e+01
1.891382399999999819e+01
2.521843199999999996e+01
3.152304000000000173e+01
3.782764799999999639e+01
1.418536800000000042e+01
2.364227999999999952e+01
3.152304000000000173e+01
2.364228000000000307e+01
2.206612799999999908e+01
1.733767200000000130e+01
3.782764800000000349e+01
2.364227999999999952e+01
2.994688800000000128e+01
1.260921600000000176e+01
2.994688800000000128e+01
3.309919200000000217e+01
2.837073600000000084e+01
1.891382400000000175e+01
1.260921600000000176e+01
1.891382399999999819e+01
3.309919200000000217e+01
1.733767199999999775e+01
1.891382400000000175e+01
2.837073600000000084e+01
3.782764799999999639e+01
4.255610400000000482e+01
2.521843199999999996e+01
2.994688800000000128e+01
1.733767200000000130e+01
2.206612799999999908e+01
3.467534400000000261e+01
2.206612800000000263e+01
2.048997599999999863e+01
2.521843199999999996e+01
3.940380000000000393e+01
3.625149600000000305e+01
2.679458400000000040e+01
2.994688800000000128e+01
4.097995199999999727e+01
2.206612800000000263e+01
2.679458400000000040e+01
3.309919200000000217e+01
2.521843199999999996e+01
2.521843200000000351e+01
2.994688800000000128e+01
1.733767199999999775e+01
3.467534400000000261e+01
1.891382399999999819e+01
3.152304000000000173e+01
2.679458400000000040e+01
6.304607999999999635e+01
2.206612799999999908e+01
2.206612800000000263e+01
3.309919200000000217e+01
2.048997599999999863e+01
2.837073600000000084e+01
2.364227999999999952e+01
3.782764799999999639e+01
2.837073600000000084e+01
4.255610400000000482e+01
2.994688800000000128e+01
2.994688800000000128e+01
1.891382399999999819e+01
2.206612799999999908e+01
2.364227999999999952e+01
2.994688800000000128e+01
3.625149600000000305e+01
2.364227999999999952e+01
2.206612800000000263e+01
2.994688800000000128e+01
3.782764799999999639e+01
3.940380000000000393e+01
4.570840800000000570e+01
3.309919200000000217e+01
2.048997599999999863e+01
2.521843200000000351e+01
3.152304000000000173e+01
1.733767200000000130e+01
2.521843199999999996e+01
3.782764800000000349e+01
1.576152000000000086e+01
3.309919200000000217e+01
1.733767200000000130e+01
1.891382400000000175e+01
2.206612799999999908e+01
4.097995199999999727e+01
3.152304000000000173e+01
3.782764800000000349e+01
2.679458400000000040e+01
2.679458400000000040e+01
2.837073600000000084e+01
1.891382400000000175e+01
3.152304000000000173e+01
2.994688800000000128e+01
3.152303999999999817e+01
3.782764800000000349e+01
1.891382399999999819e+01
2.679458400000000040e+01
1.733767199999999775e+01
1.576152000000000264e+01
3.152304000000000173e+01
1.576152000000000086e+01
4.097995199999999727e+01
1.103306399999999954e+01
1.418536800000000042e+01
2.521843199999999996e+01
2.364228000000000307e+01
1.733767200000000130e+01
9.456912000000000873e+00
2.048997599999999863e+01
3.309919200000000217e+01
2.837073600000000084e+01
3.152304000000000173e+01
3.467534400000000261e+01
2.206612799999999908e+01
2.206612800000000263e+01
1.891382400000000175e+01
2.994688800000000128e+01
3.467534400000000261e+01
4.097995199999999727e+01
2.837073600000000084e+01
2.206612799999999908e+01
3.467534400000000261e+01
1.418536799999999864e+01
1.576151999999999731e+01
2.679458400000000395e+01
2.679458400000000040e+01
2.994688800000000128e+01
3.782764800000000349e+01
2.837073600000000084e+01
1.891382400000000175e+01
2.364227999999999952e+01
2.206612799999999908e+01
1.891382400000000175e+01
3.625149600000000305e+01
3.152304000000000173e+01
3.782764800000000349e+01
4.097995200000000438e+01
4.728455999999999904e+01
4.097995199999999727e+01
3.467534400000000261e+01
1.891382400000000175e+01
2.679458400000000040e+01
2.521843199999999996e+01
1.891382400000000175e+01
2.206612799999999908e+01
2.364227999999999952e+01
2.521843199999999996e+01
3.782764800000000349e+01
2.679458400000000040e+01
1.418536799999999864e+01
3.467534400000000261e+01
3.152303999999999817e+01
2.994688800000000128e+01
2.521843199999999996e+01
2.364227999999999952e+01
2.679458400000000040e+01
2.837073600000000084e+01
2.994688800000000128e+01
2.837073599999999729e+01
2.521843200000000351e+01
3.940380000000000393e+01
2.837073600000000084e+01
2.364228000000000307e+01
2.521843200000000351e+01
4.255610400000000482e+01
3.309919200000000217e+01
1.733767200000000130e+01
3.152304000000000173e+01
4.570840799999999859e+01
1.733767199999999775e+01
4.097995199999999727e+01
3.152304000000000173e+01
2.364227999999999952e+01
2.679458400000000040e+01
1.260921600000000176e+01
2.048997600000000219e+01
1.576152000000000264e+01
3.625149600000000305e+01
4.413225599999999815e+01
3.782764800000000349e+01
2.994688800000000128e+01
2.364227999999999952e+01
3.940380000000000393e+01
3.782764799999999639e+01
2.206612799999999908e+01
2.521843199999999996e+01
2.048997599999999863e+01
2.994688800000000128e+01
2.364227999999999952e+01
2.521843199999999996e+01
4.728456000000000614e+01
3.625149600000000305e+01
1.733767200000000130e+01
2.994688800000000128e+01
3.625149600000000305e+01
2.679458400000000040e+01
2.364227999999999952e+01
1.891382399999999819e+01
2.364227999999999952e+01
2.837073600000000084e+01
2.679458400000000040e+01
3.940380000000000393e+01
2.994688800000000128e+01
3.782764800000000349e+01
1.733767199999999775e+01
1.733767200000000130e+01
2.521843199999999996e+01
2.048997599999999863e+01
2.206612799999999908e+01
2.364227999999999952e+01
2.364227999999999952e+01
2.521843200000000351e+01
3.467534399999999550e+01
2.521843199999999996e+01
2.206612799999999908e+01
3.309919200000000217e+01
2.994688800000000128e+01
2.206612799999999908e+01
2.837073600000000084e+01
2.994688800000000128e+01
3.625149600000000305e+01
3.309919200000000217e+01
1.733767199999999775e+01
3.782764799999999639e+01
3.467534400000000261e+01
3.467534400000000261e+01
2.679458400000000040e+01
2.206612799999999908e+01
2.837073600000000084e+01
2.679458400000000040e+01
2.206612799999999908e+01
2.206612799999999908e+01
3.467534399999999550e+01
2.521843199999999996e+01
2.679458400000000040e+01
2.364227999999999952e+01
2.206612799999999908e+01
2.994688800000000128e+01
2.206612799999999908e+01
2.837073599999999729e+01
3.782764799999999639e+01
2.521843199999999996e+01
1.891382400000000175e+01
2.679458400000000040e+01
2.521843199999999996e+01
2.994688800000000128e+01
1.576152000000000086e+01
1.103306400000000131e+01
1.576152000000000086e+01
1.103306400000000131e+01
3.467534400000000261e+01
3.152304000000000173e+01
2.521843200000000351e+01
2.206612799999999908e+01
9.456912000000000873e+00
3.625149600000000305e+01
2.206612799999999908e+01
3.782764799999999639e+01
3.152304000000000173e+01
2.679458400000000040e+01
2.837073600000000084e+01
3.467534399999999550e+01
3.782764799999999639e+01
3.152304000000000173e+01
1.576152000000000086e+01
1.576152000000000086e+01
1.733767199999999775e+01
4.413225599999999815e+01
2.364228000000000307e+01
2.837073600000000084e+01
3.467534400000000261e+01
7.880760000000000431e+00
2.206612799999999908e+01
3.940380000000000393e+01
3.625149600000000305e+01
1.733767200000000486e+01
1.733767199999999775e+01
2.521843199999999996e+01
3.309919200000000217e+01
1.418536800000000042e+01
1.733767199999999775e+01
1.576151999999999909e+01
2.994688800000000128e+01
2.679458400000000040e+01
3.309919200000000217e+01
2.364227999999999952e+01
2.206612799999999908e+01
2.679458400000000040e+01
1.260921599999999998e+01
2.521843199999999996e+01
1.891382400000000175e+01
3.309919200000000217e+01
2.837073600000000084e+01
2.679458400000000040e+01
1.576152000000000086e+01
2.364227999999999952e+01
2.521843199999999996e+01
2.048997600000000219e+01
3.309919200000000217e+01
2.206612799999999908e+01
2.679458400000000040e+01
2.679458400000000040e+01
4.097995199999999727e+01
3.309919200000000217e+01
2.837073600000000084e+01
2.048997599999999863e+01
2.364227999999999952e+01
2.521843199999999996e+01
2.994688800000000128e+01
1.891382400000000175e+01
2.048997600000000219e+01
3.467534399999999550e+01
2.364227999999999952e+01
2.048997599999999863e+01
2.994688800000000128e+01
2.837073600000000084e+01
2.364227999999999952e+01
3.309919200000000217e+01
4.255610400000000482e+01
3.309919200000000217e+01
2.679458400000000040e+01
3.625149600000000305e+01
2.521843199999999996e+01
3.467534399999999550e+01
2.048997599999999863e+01
3.152304000000000173e+01
2.679458400000000040e+01
2.679458400000000040e+01
3.782764800000000349e+01
2.679458400000000040e+01
1.891382400000000175e+01
3.467534400000000261e+01
2.364228000000000307e+01
2.837073600000000084e+01
3.467534400000000261e+01
2.837073600000000084e+01
2.679458400000000040e+01
2.364227999999999952e+01
3.467534399999999550e+01
3.309919200000000217e+01
3.940380000000000393e+01
2.521843200000000351e+01
3.467534400000000261e+01
3.625149600000000305e+01
2.994688800000000128e+01
2.679458400000000040e+01
2.679458400000000040e+01
2.206612799999999908e+01
3.782764799999999639e+01
2.679458400000000040e+01
2.206612799999999908e+01
2.994688800000000128e+01
2.048997600000000219e+01
3.940380000000000393e+01
2.364228000000000307e+01
4.570840800000000570e+01
3.940380000000000393e+01
2.521843200000000706e+01
2.364228000000000307e+01
3.940380000000000393e+01
2.994688800000000128e+01
2.994688800000000128e+01
2.364227999999999952e+01
3.625149600000000305e+01
2.837073600000000084e+01
3.467534400000000261e+01
1.418536800000000042e+01
4.097995199999999727e+01
4.255610400000000482e+01
3.467534399999999550e+01
2.994688800000000128e+01
2.679458400000000040e+01
2.048997600000000219e+01
2.679458400000000040e+01
4.097995199999999727e+01
1.733767200000000486e+01
1.576151999999999731e+01
3.309919200000000217e+01
2.206612800000000263e+01
4.255610400000000482e+01
3.152304000000000173e+01
2.679458400000000040e+01
2.679458400000000040e+01
2.837073600000000084e+01
2.837073600000000084e+01
1.260921599999999998e+01
2.521843199999999996e+01
3.940380000000000393e+01
4.255610400000000482e+01
3.467534400000000261e+01
1.576151999999999731e+01
2.837073600000000084e+01
2.206612799999999908e+01
6.304607999999999102e+00
2.521843199999999996e+01
1.103306399999999954e+01
2.837073600000000084e+01
2.364227999999999952e+01
2.521843199999999996e+01
3.309919200000000217e+01
2.206612799999999908e+01
1.891382399999999819e+01
3.940380000000000393e+01
4.097995199999999727e+01
2.837073600000000084e+01
3.940380000000000393e+01
2.521843199999999996e+01
1.891382400000000175e+01
1.891382400000000175e+01
2.994688800000000128e+01
2.048997600000000219e+01
3.309919199999999506e+01
1.260921599999999820e+01
5.201301600000000747e+01
3.467534399999999550e+01
2.521843199999999996e+01
1.891382400000000175e+01
2.837073600000000084e+01
1.891382399999999819e+01
1.733767200000000130e+01
2.837073600000000084e+01
3.782764800000000349e+01
3.309919200000000217e+01
2.679458400000000040e+01
1.733767199999999775e+01
1.103306399999999954e+01
2.679458400000000040e+01
1.260921599999999998e+01
3.309919200000000217e+01
2.364227999999999952e+01
2.364227999999999952e+01
2.048997600000000219e+01
2.521843199999999996e+01
3.782764799999999639e+01
2.206612799999999908e+01
3.152304000000000173e+01
2.206612800000000263e+01
2.206612799999999908e+01
2.206612799999999908e+01
2.521843199999999996e+01
3.152304000000000173e+01
3.152304000000000173e+01
1.576152000000000086e+01
2.048997599999999863e+01
2.994688800000000128e+01
3.152304000000000173e+01
1.733767200000000130e+01
2.679458400000000040e+01
2.679458400000000040e+01
1.260921599999999820e+01
2.206612799999999908e+01
3.309919200000000217e+01
1.418536799999999864e+01
1.260921600000000176e+01
2.206612799999999908e+01
1.576151999999999731e+01
3.625149600000000305e+01
2.521843199999999996e+01
2.994688800000000128e+01
2.994688800000000128e+01
2.364227999999999952e+01
2.048997599999999863e+01
2.994688800000000128e+01
2.206612800000000263e+01
2.679458400000000040e+01
9.456912000000000873e+00
2.994688800000000128e+01
4.255610400000000482e+01
3.467534400000000261e+01
2.994688800000000128e+01
2.048997599999999863e+01
2.837073600000000084e+01
3.940380000000000393e+01
4.097995199999999727e+01
2.679458400000000040e+01
2.679458400000000040e+01
1.733767200000000130e+01
2.048997599999999863e+01
2.679458400000000040e+01
3.152304000000000173e+01
2.994688800000000128e+01
2.048997599999999863e+01
2.994688800000000128e+01
3.152303999999999817e+01
1.576152000000000086e+01
3.782764800000000349e+01
7.880760000000002208e+00
2.521843199999999996e+01
3.152304000000000173e+01
1.733767200000000486e+01
2.994688800000000128e+01
2.679458400000000040e+01
2.206612799999999908e+01
2.521843199999999996e+01
2.994688800000000128e+01
2.679458400000000040e+01
2.679458400000000040e+01
4.255610400000000482e+01
8.353605600000000209e+01
1.323967680000000087e+02
2.112043680000000165e+02
2.695219920000000684e+02
3.956141519999999900e+02
3.199588560000000257e+02
2.978927280000000337e+02
2.758265999999999849e+02
2.726742960000000267e+02
2.852835119999999733e+02
2.884358159999999884e+02
2.758265999999999849e+02
2.774027520000000209e+02
2.632173839999999814e+02
2.443035599999999761e+02
2.458797119999999836e+02
2.364228000000000236e+02
2.190851280000000258e+02
2.127805200000000241e+02
2.269658880000000067e+02
2.159328239999999823e+02
1.970190000000000055e+02
1.765290239999999926e+02
1.812574800000000153e+02
1.922905440000000112e+02
1.796813280000000077e+02
1.875620879999999886e+02
1.497344400000000064e+02
1.497344400000000064e+02
1.497344400000000064e+02
1.576152000000000157e+02
1.465821359999999913e+02
1.418536799999999971e+02
1.308206160000000011e+02
1.292444639999999936e+02
1.134829440000000034e+02
1.103306400000000167e+02
1.213637040000000127e+02
1.213637040000000127e+02
1.292444639999999936e+02
1.182113999999999976e+02
1.103306399999999883e+02
9.929757599999999229e+01
9.141681600000001140e+01
8.353605600000000209e+01
8.984066400000000385e+01
8.353605600000000209e+01
8.668836000000000297e+01
8.511220799999998121e+01
1.087544880000000092e+02
8.195990399999999454e+01
8.038375200000001541e+01
8.668836000000001718e+01
8.511220799999999542e+01
8.038375199999998699e+01
7.407914399999999944e+01
7.723144800000000032e+01
8.038375200000000120e+01
7.880760000000000787e+01
6.304607999999999635e+01
6.146992800000001012e+01
5.201301599999999326e+01
5.989377599999999546e+01
7.723144800000000032e+01
6.619838399999999012e+01
6.146992800000000301e+01
6.777453599999998346e+01
5.831762400000000923e+01
6.146992800000001012e+01
6.304607999999999635e+01
6.304608000000001056e+01
8.038375200000000120e+01
5.831762400000000923e+01
6.146992800000000301e+01
4.886071200000000658e+01
5.358916800000000080e+01
5.674147199999999458e+01
5.201301600000000747e+01
5.516531999999999414e+01
5.043686399999999281e+01
5.358916800000000791e+01
5.989377600000000967e+01
5.989377600000000257e+01
6.146992800000001012e+01
4.728455999999999904e+01
5.831762399999999502e+01
5.516532000000000124e+01
4.413225599999999815e+01
5.674147200000000169e+01
5.674147200000000169e+01
4.255610399999999061e+01
5.831762400000000213e+01
3.782764799999999639e+01
5.674147200000000169e+01
6.146992799999999590e+01
5.831762399999999502e+01
3.940379999999999683e+01
2.521843200000000706e+01
4.413225599999999815e+01
4.886071199999999237e+01
4.255610400000000482e+01
4.570840800000000570e+01
4.255610400000000482e+01
3.467534400000000261e+01
4.255610400000000482e+01
5.201301600000000747e+01
5.201301600000000747e+01
5.831762399999999502e+01
5.201301600000000747e+01
5.043686400000000702e+01
4.255610400000000482e+01
3.152304000000000883e+01
2.994688799999999773e+01
3.152304000000000883e+01
4.255610399999999061e+01
5.043686399999999992e+01
5.831762400000000923e+01
4.570840800000000570e+01
5.201301600000000036e+01
3.940380000000000393e+01
3.467534400000000261e+01
4.413225600000001236e+01
4.570840800000000570e+01
5.201301600000000747e+01
4.570840799999999859e+01
3.940380000000000393e+01
3.782764799999999639e+01
4.097995199999999727e+01
4.255610399999999771e+01
5.674147199999999458e+01
5.043686399999999992e+01
4.570840799999999859e+01
3.309919200000000217e+01
3.782764800000000349e+01
2.994688799999999773e+01
3.467534399999999550e+01
4.413225599999999815e+01
3.782764800000000349e+01
3.625149600000000305e+01
4.255610399999999771e+01
3.152304000000000173e+01
3.152304000000000173e+01
2.364227999999999952e+01
5.674147200000000169e+01
4.886071199999999237e+01
4.728455999999999904e+01
4.886071200000000658e+01
3.625149599999998884e+01
4.097995199999999727e+01
2.206612799999999908e+01
1.733767199999999775e+01
2.994688799999999773e+01
2.994688799999999773e+01
3.782764800000000349e+01
2.521843199999999641e+01
3.625149600000000305e+01
3.152304000000000173e+01
3.940379999999999683e+01
2.837073600000000084e+01
4.413225599999999815e+01
5.516532000000000124e+01
5.201301600000000036e+01
5.358916800000000791e+01
2.994688800000000128e+01
2.048997599999999508e+01
2.837073599999999729e+01
2.364228000000000307e+01
2.364228000000000307e+01
3.467534399999999550e+01
3.940379999999999683e+01
2.679458400000000040e+01
3.625149599999998884e+01
4.097995199999999727e+01
2.994688799999999773e+01
2.837073600000000440e+01
4.097995199999999727e+01
2.994688800000000839e+01
3.782764799999999639e+01
2.048997600000000574e+01
2.837073599999999729e+01
3.782764799999999639e+01
4.570840799999999859e+01
2.521843199999999641e+01
4.097995199999999727e+01
2.521843200000000706e+01
4.097995200000000438e+01
2.837073600000000440e+01
2.206612799999999552e+01
3.625149599999999595e+01
2.206612799999999908e+01
2.206612800000000263e+01
4.097995199999999727e+01
2.994688799999999773e+01
3.782764799999999639e+01
2.994688799999999773e+01
3.152304000000000173e+01
4.413225599999999815e+01
3.467534399999999550e+01
3.625149600000000305e+01
3.940379999999999683e+01
2.521843200000000706e+01
2.206612799999999908e+01
3.309919200000000217e+01
3.309919200000000217e+01
4.097995200000000438e+01
2.837073600000000440e+01
2.837073600000000084e+01
3.152304000000000528e+01
3.782764800000000349e+01
3.152303999999999462e+01
3.625149600000000305e+01
3.625149600000000305e+01
3.152303999999999817e+01
4.413225599999999815e+01
2.837073600000000440e+01
3.467534399999999550e+01
2.837073600000000084e+01
3.625149600000000305e+01
3.152303999999999817e+01
3.309919200000000217e+01
4.097995199999999727e+01
3.940379999999999683e+01
3.152303999999999817e+01
3.625149599999998884e+01
5.358916800000000080e+01
4.255610399999999771e+01
4.097995199999999727e+01
2.521843200000000706e+01
2.521843200000000706e+01
4.097995200000000438e+01
2.837073600000000084e+01
3.782764799999999639e+01
3.625149600000000305e+01
2.364227999999999952e+01
2.521843200000000706e+01
1.733767200000000130e+01
2.364227999999999952e+01
4.097995199999999727e+01
3.309919200000000217e+01
3.625149600000000305e+01
2.994688800000000839e+01
2.364228000000000662e+01
1.891382399999999819e+01
4.570840799999999859e+01
4.255610399999999771e+01
2.364228000000000307e+01
1.733767199999999775e+01
1.891382400000000530e+01
2.679458400000000040e+01
3.782764800000000349e+01
1.891382399999999819e+01
2.837073599999999729e+01
2.837073599999999729e+01
2.521843199999999641e+01
1.733767200000000130e+01
4.413225599999999815e+01
3.940379999999999683e+01
3.940380000000000393e+01
2.364228000000000307e+01
3.152303999999999817e+01
2.679458400000000040e+01
3.309919200000000217e+01
2.679458400000000395e+01
1.576151999999999731e+01
3.152303999999999817e+01
2.994688799999999773e+01
2.521843200000000706e+01
2.679458399999999330e+01
2.048997599999999508e+01
3.782764800000000349e+01
4.097995200000000438e+01
4.097995199999999727e+01
2.837073600000000440e+01
4.255610399999999771e+01
3.940380000000000393e+01
2.837073599999999729e+01
2.837073599999999729e+01
1.891382399999999819e+01
2.048997599999999508e+01
1.260921600000000353e+01
1.891382400000000175e+01
4.255610399999999771e+01
2.206612800000000618e+01
4.097995199999999727e+01
3.782764799999999639e+01
1.733767199999999775e+01
2.679458400000000040e+01
2.521843200000000706e+01
2.206612800000000263e+01
3.625149600000000305e+01
3.782764799999999639e+01
3.467534399999999550e+01
3.467534399999999550e+01
2.994688799999999773e+01
2.994688799999999773e+01
3.152303999999999817e+01
2.679458399999999685e+01
3.152303999999999817e+01
3.152304000000000528e+01
1.103306399999999954e+01
2.994688799999999773e+01
4.097995199999999727e+01
2.837073599999999729e+01
2.994688800000000128e+01
2.679458400000000395e+01
3.309919200000000217e+01
2.364227999999999952e+01
3.625149600000000305e+01
4.413225599999999815e+01
2.206612800000000618e+01
1.576152000000000442e+01
3.152303999999999462e+01
2.206612800000000263e+01
3.625149600000000305e+01
4.255610400000000482e+01
3.625149600000000305e+01
2.679458399999999685e+01
3.782764799999999639e+01
3.625149599999999595e+01
2.364228000000000307e+01
2.837073600000000084e+01
3.309919200000000217e+01
2.837073600000000440e+01
3.625149599999999595e+01
2.206612799999999552e+01
3.467534399999999550e+01
3.467534400000000971e+01
2.679458400000000040e+01
4.728456000000001325e+00
4.255610399999999771e+01
2.994688800000000484e+01
2.994688800000000484e+01
2.206612800000000618e+01
3.625149600000000305e+01
2.364227999999999597e+01
2.521843199999999641e+01
1.891382400000000175e+01
1.733767200000000486e+01
1.891382400000000175e+01
2.048997600000000574e+01
3.782764800000000349e+01
3.467534399999999550e+01
2.994688799999999773e+01
2.837073600000000084e+01
3.467534400000000971e+01
2.837073600000000440e+01
1.576151999999999376e+01
2.679458400000000040e+01
2.048997599999999508e+01
2.837073599999999729e+01
1.418536800000000042e+01
1.418536799999999687e+01
1.576152000000000442e+01
3.309919200000000217e+01
4.886071200000000658e+01
3.309919200000000217e+01
2.206612800000000263e+01
2.837073599999999729e+01
4.570840800000000570e+01
3.782764799999999639e+01
3.625149600000000305e+01
3.940380000000000393e+01
2.994688799999999773e+01
2.994688799999999773e+01
3.782764800000000349e+01
2.994688800000000484e+01
7.880760000000002208e+00
1.891382400000000175e+01
3.940380000000000393e+01
4.097995200000000438e+01
4.097995199999999727e+01
2.837073600000000084e+01
4.097995199999999727e+01
1.260921600000000353e+01
2.679458399999999330e+01
2.679458400000000395e+01
2.994688800000000128e+01
3.625149600000000305e+01
3.467534400000000971e+01
2.837073600000000440e+01
2.364228000000000307e+01
3.309919200000000217e+01
3.782764799999999639e+01
3.467534399999999550e+01
2.837073600000000084e+01
3.309919200000000217e+01
2.994688799999999773e+01
3.152304000000000173e+01
2.048997600000000219e+01
1.891382400000000175e+01
3.782764799999999639e+01
2.521843199999999996e+01
2.679458399999999685e+01
2.048997600000000574e+01
3.782764799999999639e+01
3.940379999999999683e+01
3.152304000000000173e+01
2.521843199999999996e+01
2.679458400000000040e+01
2.994688799999999773e+01
3.309919200000000217e+01
3.467534399999999550e+01
3.152303999999999817e+01
2.994688800000000128e+01
3.940379999999999683e+01
3.309919200000000217e+01
4.097995199999999727e+01
2.679458400000000395e+01
2.679458399999999685e+01
1.733767200000000486e+01
1.733767200000000130e+01
2.994688800000000484e+01
3.940379999999999683e+01
3.940379999999999683e+01
4.728455999999999904e+01
4.255610399999999771e+01
3.625149600000000305e+01
2.206612799999999552e+01
3.467534399999999550e+01
2.679458400000000395e+01
3.782764799999999639e+01
2.837073599999999729e+01
3.625149600000000305e+01
3.625149599999999595e+01
3.625149599999999595e+01
2.679458400000000040e+01
1.418536799999999687e+01
1.418536800000000042e+01
3.309919200000000217e+01
3.309919200000000217e+01
2.837073600000000440e+01
1.891382399999999819e+01
2.206612799999999552e+01
2.837073600000000084e+01
1.891382399999999819e+01
3.467534399999999550e+01
2.837073600000000084e+01
4.097995199999999727e+01
2.048997600000000219e+01
3.782764800000000349e+01
1.418536800000000042e+01
3.152303999999999462e+01
3.782764800000000349e+01
3.625149600000000305e+01
3.940380000000000393e+01
3.467534399999999550e+01
2.206612800000000263e+01
3.625149600000000305e+01
2.679458399999999685e+01
1.733767199999999775e+01
2.521843199999999996e+01
4.255610400000000482e+01
3.467534400000000261e+01
2.679458400000000395e+01
3.309919200000000217e+01
3.625149599999999595e+01
3.467534399999999550e+01
3.625149600000000305e+01
2.837073600000000440e+01
2.679458400000000040e+01
1.733767200000000486e+01
4.570840800000000570e+01
3.152304000000000528e+01
1.733767200000000130e+01
2.364228000000000307e+01
3.152304000000000528e+01
2.521843200000000706e+01
3.152303999999999817e+01
3.625149599999998884e+01
3.467534399999999550e+01
1.733767200000000486e+01
2.048997600000000574e+01
3.152304000000000528e+01
3.309919200000000217e+01
2.521843200000000351e+01
2.364227999999999952e+01
2.837073599999999729e+01
2.994688800000000128e+01
2.206612800000000263e+01
3.625149600000000305e+01
2.994688799999999773e+01
2.994688800000000128e+01
4.570840800000000570e+01
2.364228000000000307e+01
3.152303999999999817e+01
2.994688800000000484e+01
3.782764800000000349e+01
3.309919200000000217e+01
4.255610400000000482e+01
3.152304000000000173e+01
3.152304000000000528e+01
2.837073600000000084e+01
3.467534400000000971e+01
1.418536800000000042e+01
2.364228000000000307e+01
3.467534399999999550e+01
2.364228000000000307e+01
1.891382400000000175e+01
3.467534400000000261e+01
2.364228000000000307e+01
4.413225600000000526e+01
4.413225600000000526e+01
2.521843200000000351e+01
2.837073600000000440e+01
4.097995199999999727e+01
2.679458400000000040e+01
2.994688800000000128e+01
2.521843199999999641e+01
2.206612799999999552e+01
2.837073599999999729e+01
2.679458400000000395e+01
2.364228000000000307e+01
3.152303999999999817e+01
3.782764800000000349e+01
4.255610400000000482e+01
1.891382400000000175e+01
1.891382400000000175e+01
3.467534400000000971e+01
2.048997600000000219e+01
2.048997600000000219e+01
3.782764800000000349e+01
1.891382399999999819e+01
3.152304000000000528e+01
3.309919200000000217e+01
3.625149600000000305e+01
2.837073599999999729e+01
2.994688800000000128e+01
2.521843199999999996e+01
3.940379999999999683e+01
2.994688799999999418e+01
3.625149600000000305e+01
3.309919200000000217e+01
1.418536800000000042e+01
3.309919200000000217e+01
3.625149600000000305e+01
4.413225599999999815e+01
3.782764800000000349e+01
1.891382400000000530e+01
1.260921599999999998e+01
1.733767199999999775e+01
3.625149599999999595e+01
3.782764799999999639e+01
3.625149600000000305e+01
3.625149600000000305e+01
2.521843200000000706e+01
3.940380000000000393e+01
3.940380000000000393e+01
2.206612799999999552e+01
3.309919200000000217e+01
2.994688800000000484e+01
2.994688799999999773e+01
4.255610399999999771e+01
3.152303999999999462e+01
2.994688800000000484e+01
2.994688800000000128e+01
2.679458399999999330e+01
1.733767199999999775e+01
3.467534399999999550e+01
3.940379999999999683e+01
2.679458399999999685e+01
3.152304000000000173e+01
3.782764799999999639e+01
3.467534400000000971e+01
3.467534400000000261e+01
3.782764800000000349e+01
3.940379999999999683e+01
2.206612800000000618e+01
2.364227999999999952e+01
3.782764799999999639e+01
2.837073600000000084e+01
2.994688800000000484e+01
2.364228000000000307e+01
3.152304000000000528e+01
2.364227999999999952e+01
4.255610399999999771e+01
3.309919200000000217e+01
3.625149600000000305e+01
1.891382400000000175e+01
1.733767200000000130e+01
1.891382400000000175e+01
1.576152000000000442e+01
3.309919200000000217e+01
2.521843200000000351e+01
2.206612800000000263e+01
2.994688799999999773e+01
3.467534399999999550e+01
1.418536800000000397e+01
2.521843200000000351e+01
3.309919199999999506e+01
3.782764800000000349e+01
3.467534400000000971e+01
2.679458399999999330e+01
1.891382400000000175e+01
4.097995199999999727e+01
2.994688800000000484e+01
1.891382400000000175e+01
2.364227999999999952e+01
1.576152000000000086e+01
3.940379999999999683e+01
2.206612800000000263e+01
2.837073599999999729e+01
2.521843200000000351e+01
3.152303999999999817e+01
1.733767200000000486e+01
2.837073600000000084e+01
3.625149600000000305e+01
2.521843199999999641e+01
2.837073600000000440e+01
2.206612800000000263e+01
2.679458400000000395e+01
2.048997599999999863e+01
2.837073599999999729e+01
3.940379999999999683e+01
2.364227999999999952e+01
2.679458400000000040e+01
2.994688799999999773e+01
3.309919200000000217e+01
2.679458399999999685e+01
2.679458400000000395e+01
1.733767200000000130e+01
3.782764799999999639e+01
3.467534400000000261e+01
4.886071199999999948e+01
3.625149600000000305e+01
2.837073599999999729e+01
3.152303999999999817e+01
3.309919200000000217e+01
3.940380000000000393e+01
2.679458400000000040e+01
2.048997599999999508e+01
1.733767200000000130e+01
2.679458400000000395e+01
4.255610399999999771e+01
3.467534400000000971e+01
1.891382400000000175e+01
2.837073600000000440e+01
2.521843200000000706e+01
3.940379999999999683e+01
3.152303999999999817e+01
4.255610400000000482e+01
3.782764800000000349e+01
3.467534400000000261e+01
2.679458400000000040e+01
2.679458400000000040e+01
4.097995199999999727e+01
2.994688799999999773e+01
4.097995199999999727e+01
2.837073599999999729e+01
2.521843200000000351e+01
2.837073600000000440e+01
2.994688799999999418e+01
2.521843200000000351e+01
2.206612800000000263e+01
4.097995199999999727e+01
3.152304000000000528e+01
3.940380000000000393e+01
2.837073599999999729e+01
2.994688800000000128e+01
2.364228000000000307e+01
2.364228000000000307e+01
1.576151999999999376e+01
1.418536800000000042e+01
1.576152000000000086e+01
1.733767199999999775e+01
3.152304000000000173e+01
3.782764800000000349e+01
3.309919199999999506e+01
3.467534400000000261e+01
3.625149599999999595e+01
2.206612800000000263e+01
2.364227999999999952e+01
1.733767199999999775e+01
3.309919200000000217e+01
2.679458400000000395e+01
4.886071200000000658e+01
4.097995199999999727e+01
4.886071200000000658e+01
3.309919200000000217e+01
7.880759999999998655e+00
2.521843200000000351e+01
3.782764799999999639e+01
1.733767200000000130e+01
1.733767199999999420e+01
1.576152000000000442e+01
2.364227999999999952e+01
2.994688799999999418e+01
2.521843200000000351e+01
3.152304000000000528e+01
2.837073600000000084e+01
3.152303999999999462e+01
2.679458400000000040e+01
2.837073600000000084e+01
1.891382399999999819e+01
2.679458400000000040e+01
2.837073600000000084e+01
3.152303999999999462e+01
9.456911999999999097e+00
2.679458400000000395e+01
3.940379999999999683e+01
3.940380000000000393e+01
2.679458400000000040e+01
4.255610399999999771e+01
2.206612800000000263e+01
2.364228000000000307e+01
1.891382399999999819e+01
2.994688800000000839e+01
4.886071199999999948e+01
2.994688800000000484e+01
2.837073600000000440e+01
3.625149600000000305e+01
3.782764799999999639e+01
1.576152000000000442e+01
6.304608000000001766e+00
2.206612800000000263e+01
3.782764799999999639e+01
1.733767200000000130e+01
2.206612799999999552e+01
1.260921599999999998e+01
3.782764799999999639e+01
2.994688800000000128e+01
2.994688800000000128e+01
4.413225599999999815e+01
3.625149599999999595e+01
1.418536800000000042e+01
3.940379999999999683e+01
2.206612799999999908e+01
3.152304000000000528e+01
2.837073599999999729e+01
1.576152000000000086e+01
2.206612800000000263e+01
2.837073600000000084e+01
3.152304000000000528e+01
2.521843200000000351e+01
4.413225599999999815e+01
4.097995199999999727e+01
2.521843200000000351e+01
2.837073600000000440e+01
2.048997599999999508e+01
2.521843199999999996e+01
3.152304000000000173e+01
3.309919199999999506e+01
4.097995199999999727e+01
2.364227999999999952e+01
1.418536800000000397e+01
2.206612799999999552e+01
3.152304000000000173e+01
3.467534400000000261e+01
3.940379999999999683e+01
2.837073600000000440e+01
2.364228000000000307e+01
4.097995199999999727e+01
3.782764799999999639e+01
3.152304000000000528e+01
3.625149600000000305e+01
3.467534400000000261e+01
2.994688800000000128e+01
1.418536800000000397e+01
2.679458400000000395e+01
2.837073600000000440e+01
2.679458400000000040e+01
3.625149600000000305e+01
2.679458399999999330e+01
5.043686399999999992e+01
2.679458400000000040e+01
1.733767200000000130e+01
2.994688800000000128e+01
2.679458400000000040e+01
3.467534399999999550e+01
1.733767200000000486e+01
3.152304000000000528e+01
2.837073600000000440e+01
3.309919200000000217e+01
3.625149599999999595e+01
4.413225600000000526e+01
2.048997600000000219e+01
2.837073600000000084e+01
2.048997600000000219e+01
4.413225600000000526e+01
2.521843200000000351e+01
3.940380000000000393e+01
4.413225599999999815e+01
2.994688800000000484e+01
2.994688800000000128e+01
3.782764800000000349e+01
4.255610399999999771e+01
3.309919200000000217e+01
1.891382400000000175e+01
2.521843199999999996e+01
3.309919200000000217e+01
2.837073600000000440e+01
2.521843199999999996e+01
2.048997599999999508e+01
3.625149599999999595e+01
2.206612800000000263e+01
2.206612799999999552e+01
2.048997600000000574e+01
2.994688800000000484e+01
3.152304000000000173e+01
2.048997600000000574e+01
2.364227999999999597e+01
3.467534400000000971e+01
2.048997599999999508e+01
3.782764800000000349e+01
3.152304000000000528e+01
2.206612800000000263e+01
1.891382400000000175e+01
3.309919200000000217e+01
4.255610400000000482e+01
2.837073600000000084e+01
3.309919200000000217e+01
2.679458400000000040e+01
3.625149600000000305e+01
2.521843200000000706e+01
3.782764799999999639e+01
2.837073600000000084e+01
3.625149600000000305e+01
2.206612799999999552e+01
1.891382399999999819e+01
3.309919200000000217e+01
2.994688799999999773e+01
3.940380000000000393e+01
2.994688800000000128e+01
3.625149600000000305e+01
3.940379999999999683e+01
3.152303999999999462e+01
1.733767199999999420e+01
2.837073600000000084e+01
3.940379999999999683e+01
2.206612799999999908e+01
2.206612799999999908e+01
2.048997600000000574e+01
2.048997600000000219e+01
2.521843200000000706e+01
2.364228000000000307e+01
2.521843199999999641e+01
2.837073600000000084e+01
3.467534400000000971e+01
3.309919200000000217e+01
2.679458400000000395e+01
2.521843199999999996e+01
2.679458400000000395e+01
2.364227999999999952e+01
3.782764800000000349e+01
3.152304000000000528e+01
1.576152000000000442e+00
2.048997599999999508e+01
2.048997599999999863e+01
2.206612800000000618e+01
1.260921600000000353e+01
2.206612800000000263e+01
1.418536800000000042e+01
2.206612800000000263e+01
2.364228000000000307e+01
3.309919200000000217e+01
2.206612799999999908e+01
2.837073600000000084e+01
3.309919200000000217e+01
2.048997599999999863e+01
2.837073600000000084e+01
3.625149600000000305e+01
3.467534399999999550e+01
1.418536800000000042e+01
3.625149600000000305e+01
4.413225599999999815e+01
2.837073600000000084e+01
2.521843200000000351e+01
3.782764800000000349e+01
2.679458400000000040e+01
2.994688800000000128e+01
3.782764800000000349e+01
1.891382400000000175e+01
1.733767199999999775e+01
2.521843199999999996e+01
3.467534400000000971e+01
3.309919200000000217e+01
3.625149600000000305e+01
2.679458400000000395e+01
3.625149599999999595e+01
2.048997599999999863e+01
2.837073600000000084e+01
2.521843200000000351e+01
2.679458400000000395e+01
2.837073599999999729e+01
2.994688799999999418e+01
2.048997599999999863e+01
3.782764800000000349e+01
4.097995199999999727e+01
3.782764799999999639e+01
2.048997600000000219e+01
3.625149600000000305e+01
3.152304000000000173e+01
3.782764799999999639e+01
2.206612800000000618e+01
3.309919199999999506e+01
2.206612800000000263e+01
2.679458399999999330e+01
3.467534399999999550e+01
3.940380000000000393e+01
3.467534400000000261e+01
3.309919199999999506e+01
4.413225600000000526e+01
3.625149599999999595e+01
2.048997600000000574e+01
3.309919199999999506e+01
5.043686399999999992e+01
4.413225599999999815e+01
3.309919199999999506e+01
2.994688800000000128e+01
3.467534399999999550e+01
2.679458400000000395e+01
2.048997599999999863e+01
1.891382399999999819e+01
2.364228000000000662e+01
5.043686399999999992e+01
4.097995199999999727e+01
2.837073600000000084e+01
2.837073599999999729e+01
2.521843200000000706e+01
3.467534400000000261e+01
3.152304000000000528e+01
3.782764800000000349e+01
3.940380000000000393e+01
2.994688800000000128e+01
3.782764800000000349e+01
3.625149600000000305e+01
2.837073600000000440e+01
4.255610399999999771e+01
2.837073600000000084e+01
1.891382399999999819e+01
4.255610400000000482e+01
3.152303999999999462e+01
2.206612800000000618e+01
2.679458400000000040e+01
3.940380000000000393e+01
3.309919200000000217e+01
3.467534400000000261e+01
3.467534400000000261e+01
2.837073600000000084e+01
2.364227999999999952e+01
2.994688800000000128e+01
3.625149599999999595e+01
3.467534400000000261e+01
3.152303999999999462e+01
3.625149600000000305e+01
2.994688800000000128e+01
3.625149600000000305e+01
3.152304000000000528e+01
2.994688800000000128e+01
3.152304000000000173e+01
2.206612800000000263e+01
2.048997599999999863e+01
3.309919200000000217e+01
2.521843200000000351e+01
3.309919200000000217e+01
3.625149599999999595e+01
2.994688799999999418e+01
2.837073599999999729e+01
2.679458400000000040e+01
2.364228000000000662e+01
2.048997599999999508e+01
3.625149599999999595e+01
3.940380000000000393e+01
3.940380000000000393e+01
2.364228000000000662e+01
2.364227999999999952e+01
9.456911999999999097e+00
1.260921599999999998e+01
4.413225600000000526e+01
3.309919200000000217e+01
3.152303999999999462e+01
4.413225599999999815e+01
2.206612799999999908e+01
3.782764799999999639e+01
2.521843199999999996e+01
3.152304000000000173e+01
1.418536800000000042e+01
3.152304000000000173e+01
2.679458400000000395e+01
2.521843199999999996e+01
3.625149600000000305e+01
2.521843199999999996e+01
1.733767200000000486e+01
2.521843200000000351e+01
3.152303999999999462e+01
1.891382400000000175e+01
1.418536800000000042e+01
2.679458400000000040e+01
2.994688800000000128e+01
2.837073600000000440e+01
2.364227999999999952e+01
3.782764799999999639e+01
3.782764799999999639e+01
4.728455999999999904e+01
2.994688800000000128e+01
3.467534400000000261e+01
1.733767200000000130e+01
1.891382400000000175e+01
2.679458400000000040e+01
2.364227999999999952e+01
1.103306399999999954e+01
2.364227999999999952e+01
2.521843200000000706e+01
1.733767200000000130e+01
2.521843200000000706e+01
2.994688800000000128e+01
3.625149600000000305e+01
2.206612799999999908e+01
2.364228000000000307e+01
3.309919200000000217e+01
2.994688800000000128e+01
3.940380000000000393e+01
2.994688800000000128e+01
2.837073600000000084e+01
3.309919200000000217e+01
3.152304000000000173e+01
3.152304000000000173e+01
2.837073600000000084e+01
3.309919200000000217e+01
1.576152000000000086e+01
1.891382399999999819e+01
3.940379999999999683e+01
3.940379999999999683e+01
2.364228000000000662e+01
2.837073600000000084e+01
2.994688800000000128e+01
2.364227999999999952e+01
2.837073600000000440e+01
2.837073600000000440e+01
4.255610399999999771e+01
3.625149600000000305e+01
2.994688800000000128e+01
3.152304000000000528e+01
2.521843199999999996e+01
2.364227999999999952e+01
1.418536799999999864e+01
2.206612800000000263e+01
1.418536800000000042e+01
2.521843199999999641e+01
2.994688800000000128e+01
3.467534400000000261e+01
3.625149600000000305e+01
2.206612800000000618e+01
3.625149600000000305e+01
3.152304000000000173e+01
2.994688799999999418e+01
3.309919200000000217e+01
3.152304000000000173e+01
1.891382399999999819e+01
1.733767200000000486e+01
2.364228000000000307e+01
4.097995200000000438e+01
3.782764800000000349e+01
2.521843200000000706e+01
3.467534399999999550e+01
3.309919200000000217e+01
5.043686400000000702e+01
4.728455999999999904e+01
3.467534400000000261e+01
2.994688800000000128e+01
3.782764800000000349e+01
2.837073600000000084e+01
2.364228000000000662e+01
3.152304000000000173e+01
1.733767200000000486e+01
2.837073600000000084e+01
4.255610400000000482e+01
2.994688800000000128e+01
2.364227999999999952e+01
2.994688800000000484e+01
3.152303999999999462e+01
2.206612799999999908e+01
3.625149600000000305e+01
3.152304000000000173e+01
2.679458399999999330e+01
3.467534400000000261e+01
3.625149600000000305e+01
2.364228000000000307e+01
1.260921599999999998e+01
3.467534399999999550e+01
2.521843199999999641e+01
1.891382400000000175e+01
3.309919200000000217e+01
2.206612800000000618e+01
2.679458399999999330e+01
2.048997600000000219e+01
3.152304000000000173e+01
4.097995199999999727e+01
3.625149600000000305e+01
4.570840800000000570e+01
3.940380000000000393e+01
3.309919200000000217e+01
2.364227999999999952e+01
2.994688799999999418e+01
2.837073600000000084e+01
2.521843199999999641e+01
2.679458400000000040e+01
3.467534400000000261e+01
2.837073600000000084e+01
3.940379999999999683e+01
5.831762400000000213e+01
3.940380000000000393e+01
2.837073599999999729e+01
2.994688800000000128e+01
3.940380000000000393e+01
1.891382400000000175e+01
1.260921599999999998e+01
4.097995199999999727e+01
3.782764800000000349e+01
4.886071199999999948e+01
2.837073600000000084e+01
2.837073600000000084e+01
2.048997600000000219e+01
3.152304000000000173e+01
4.413225600000000526e+01
3.152304000000000173e+01
1.891382400000000175e+01
3.309919200000000217e+01
3.625149599999999595e+01
2.994688800000000484e+01
3.309919200000000217e+01
3.152304000000000173e+01
3.152304000000000528e+01
3.782764800000000349e+01
2.837073599999999729e+01
1.576152000000000442e+01
3.467534400000000261e+01
4.097995199999999727e+01
3.152304000000000173e+01
1.576152000000000264e+01
1.733767199999999775e+01
2.994688800000000128e+01
4.413225599999999815e+01
3.152304000000000173e+01
3.467534399999999550e+01
2.837073600000000084e+01
2.364227999999999952e+01
2.837073600000000084e+01
3.625149599999999595e+01
4.570840800000000570e+01
2.048997599999999508e+01
3.309919200000000217e+01
2.679458400000000395e+01
3.940379999999999683e+01
3.309919200000000217e+01
4.413225600000000526e+01
3.625149600000000305e+01
4.570840800000000570e+01
3.782764799999999639e+01
3.309919200000000217e+01
2.206612799999999908e+01
3.152303999999999462e+01
2.837073600000000084e+01
3.782764800000000349e+01
3.940379999999999683e+01
2.994688800000000128e+01
4.097995200000000438e+01
3.625149600000000305e+01
1.576152000000000442e+01
2.521843200000000351e+01
2.679458400000000395e+01
2.679458399999999330e+01
4.413225600000000526e+01
3.940380000000000393e+01
2.679458400000000040e+01
3.625149600000000305e+01
4.097995199999999727e+01
3.309919200000000217e+01
4.097995200000000438e+01
2.364227999999999597e+01
3.309919199999999506e+01
3.782764799999999639e+01
4.097995200000000438e+01
3.782764800000000349e+01
2.521843199999999996e+01
2.364227999999999952e+01
4.886071199999999948e+01
3.625149599999999595e+01
3.625149599999999595e+01
3.309919200000000217e+01
2.837073600000000084e+01
4.886071200000000658e+01
1.733767199999999775e+01
3.152304000000000173e+01
3.152303999999999462e+01
2.679458400000000040e+01
3.625149600000000305e+01
4.570840799999999859e+01
2.994688800000000128e+01
2.364227999999999952e+01
2.679458400000000040e+01
2.994688800000000128e+01
2.837073599999999729e+01
9.456911999999999097e+00
2.837073600000000084e+01
2.364227999999999952e+01
4.097995200000000438e+01
3.467534400000000261e+01
4.413225599999999815e+01
3.940380000000000393e+01
3.625149599999999595e+01
3.467534400000000971e+01
2.837073600000000084e+01
2.521843199999999996e+01
2.048997600000000219e+01
2.206612799999999908e+01
3.309919200000000217e+01
2.837073600000000084e+01
3.309919200000000217e+01
3.152304000000000173e+01
3.625149600000000305e+01
4.570840800000000570e+01
3.782764800000000349e+01
2.048997599999999863e+01
2.679458400000000395e+01
5.043686399999999992e+01
1.891382400000000530e+01
1.891382400000000530e+01
2.837073600000000084e+01
3.940380000000000393e+01
3.467534399999999550e+01
3.625149600000000305e+01
2.837073600000000084e+01
2.206612800000000263e+01
3.467534400000000261e+01
3.152304000000000528e+01
4.097995200000000438e+01
3.625149600000000305e+01
4.097995199999999727e+01
3.152304000000000173e+01
2.994688800000000128e+01
2.364228000000000662e+01
2.994688799999999418e+01
3.782764799999999639e+01
2.521843199999999996e+01
2.521843199999999996e+01
3.309919200000000217e+01
3.467534400000000261e+01
3.309919200000000217e+01
3.782764800000000349e+01
2.048997599999999863e+01
2.521843200000000351e+01
3.625149600000000305e+01
2.521843200000000351e+01
2.521843200000000706e+01
2.521843199999999996e+01
3.467534400000000261e+01
3.467534399999999550e+01
3.309919200000000217e+01
2.837073599999999729e+01
2.521843199999999641e+01
3.152304000000000173e+01
2.364227999999999952e+01
3.625149599999999595e+01
3.625149599999999595e+01
2.837073600000000084e+01
2.837073600000000084e+01
2.206612800000000618e+01
3.309919199999999506e+01
3.625149600000000305e+01
3.940380000000000393e+01
3.467534400000000261e+01
3.625149600000000305e+01
2.837073600000000084e+01
2.048997600000000574e+01
2.048997600000000574e+01
2.521843199999999996e+01
4.097995199999999727e+01
3.782764799999999639e+01
2.521843199999999996e+01
2.521843199999999996e+01
2.679458400000000040e+01
2.521843199999999996e+01
2.048997600000000574e+01
2.206612799999999908e+01
2.679458400000000040e+01
2.994688800000000128e+01
3.152304000000000173e+01
2.994688800000000128e+01
3.152304000000000173e+01
3.309919200000000217e+01
3.940380000000000393e+01
4.413225600000000526e+01
4.097995200000000438e+01
3.782764800000000349e+01
2.048997600000000219e+01
2.679458400000000040e+01
3.625149600000000305e+01
3.782764800000000349e+01
2.994688800000000128e+01
3.625149599999999595e+01
4.097995200000000438e+01
3.625149600000000305e+01
3.467534399999999550e+01
1.418536800000000042e+01
2.994688800000000484e+01
4.570840800000000570e+01
3.625149599999999595e+01
3.940379999999999683e+01
3.467534400000000261e+01
3.152304000000000173e+01
2.837073600000000084e+01
3.467534399999999550e+01
3.625149600000000305e+01
3.625149600000000305e+01
2.994688800000000128e+01
3.625149600000000305e+01
2.994688800000000128e+01
4.413225599999999815e+01
2.994688800000000128e+01
3.782764800000000349e+01
2.364227999999999952e+01
4.728455999999999904e+01
4.097995199999999727e+01
3.309919200000000217e+01
3.309919200000000217e+01
2.994688800000000128e+01
3.625149600000000305e+01
3.152304000000000173e+01
3.940379999999999683e+01
5.201301600000000747e+01
3.467534400000000261e+01
4.728455999999999904e+01
4.255610399999999771e+01
4.886071200000000658e+01
3.782764799999999639e+01
2.837073600000000084e+01
3.940380000000000393e+01
4.886071199999999948e+01
2.048997600000000219e+01
3.152303999999999462e+01
4.413225600000000526e+01
4.413225599999999815e+01
3.625149600000000305e+01
2.994688799999999773e+01
1.103306400000000664e+01
2.679458400000000040e+01
4.413225599999999815e+01
3.940380000000000393e+01
3.467534400000000261e+01
3.309919199999999506e+01
4.255610399999999771e+01
3.152304000000000173e+01
4.728456000000000614e+01
3.782764800000000349e+01
3.940380000000000393e+01
3.940380000000000393e+01
2.837073600000000440e+01
4.413225600000000526e+01
3.152303999999999462e+01
4.255610400000000482e+01
3.625149599999999595e+01
3.940380000000000393e+01
2.679458400000000395e+01
3.625149600000000305e+01
3.309919200000000217e+01
3.782764800000000349e+01
3.940380000000000393e+01
4.886071199999999948e+01
3.309919200000000217e+01
3.625149600000000305e+01
4.413225600000000526e+01
3.782764800000000349e+01
3.309919200000000217e+01
3.152303999999999462e+01
3.940379999999999683e+01
2.994688800000000484e+01
2.837073600000000084e+01
4.255610400000000482e+01
4.570840799999999859e+01
3.309919200000000217e+01
4.728455999999999904e+01
4.886071200000000658e+01
3.152304000000000173e+01
3.309919200000000217e+01
3.782764800000000349e+01
4.097995200000000438e+01
4.570840799999999859e+01
5.201301600000000747e+01
3.940380000000000393e+01
3.625149600000000305e+01
5.043686400000000702e+01
3.940380000000000393e+01
3.467534400000000261e+01
4.255610399999999771e+01
3.782764800000000349e+01
3.309919200000000217e+01
3.782764800000000349e+01
4.413225599999999815e+01
3.782764800000000349e+01
4.097995200000000438e+01
4.097995200000000438e+01
2.521843199999999996e+01
3.625149600000000305e+01
3.309919200000000217e+01
3.625149599999999595e+01
3.625149600000000305e+01
3.782764800000000349e+01
4.728456000000000614e+01
4.413225599999999815e+01
3.467534400000000261e+01
3.467534400000000261e+01
3.782764800000000349e+01
3.467534399999999550e+01
4.255610399999999771e+01
4.097995199999999727e+01
4.570840800000000570e+01
2.994688800000000128e+01
3.782764800000000349e+01
2.994688800000000128e+01
3.467534399999999550e+01
4.570840800000000570e+01
3.152303999999999462e+01
2.364227999999999952e+01
2.206612799999999908e+01
5.201301600000000747e+01
5.043686399999999992e+01
4.255610400000000482e+01
3.782764799999999639e+01
3.782764799999999639e+01
3.782764799999999639e+01
2.994688800000000128e+01
3.940379999999999683e+01
3.467534400000000261e+01
4.097995199999999727e+01
2.994688799999999418e+01
2.994688800000000128e+01
3.309919200000000217e+01
2.048997600000000574e+01
4.728455999999999904e+01
2.994688800000000484e+01
3.152304000000000173e+01
4.728456000000000614e+01
4.728455999999999904e+01
3.782764800000000349e+01
3.782764800000000349e+01
3.940380000000000393e+01
3.467534399999999550e+01
4.097995199999999727e+01
4.886071199999999948e+01
2.994688800000000128e+01
1.733767200000000130e+01
2.521843199999999996e+01
3.940379999999999683e+01
3.309919200000000217e+01
2.206612799999999908e+01
2.994688799999999418e+01
2.048997599999999863e+01
3.467534400000000261e+01
3.782764800000000349e+01
3.625149599999999595e+01
3.940380000000000393e+01
3.782764800000000349e+01
3.152303999999999462e+01
2.048997600000000219e+01
2.994688799999999773e+01
3.782764799999999639e+01
4.255610400000000482e+01
3.309919200000000217e+01
3.625149600000000305e+01
3.152304000000000173e+01
3.782764799999999639e+01
3.467534400000000971e+01
3.940380000000000393e+01
4.570840800000000570e+01
4.886071199999999948e+01
3.782764799999999639e+01
3.152304000000000173e+01
3.782764799999999639e+01
3.782764800000000349e+01
4.255610399999999771e+01
3.309919200000000217e+01
3.309919200000000217e+01
4.097995200000000438e+01
3.467534399999999550e+01
3.152304000000000173e+01
4.255610399999999771e+01
3.309919200000000217e+01
4.413225600000000526e+01
4.570840799999999859e+01
3.625149600000000305e+01
3.309919199999999506e+01
4.413225599999999815e+01
3.309919200000000217e+01
4.728456000000000614e+01
4.097995199999999727e+01
4.097995199999999727e+01
5.201301600000000747e+01
4.097995200000000438e+01
3.940380000000000393e+01
3.467534400000000261e+01
5.043686400000000702e+01
3.782764800000000349e+01
3.309919200000000217e+01
3.625149599999999595e+01
3.625149599999999595e+01
4.570840800000000570e+01
3.625149600000000305e+01
4.255610400000000482e+01
5.043686399999999992e+01
4.413225599999999815e+01
3.625149600000000305e+01
4.413225599999999815e+01
4.886071199999999948e+01
3.940380000000000393e+01
2.679458400000000395e+01
3.940380000000000393e+01
3.152304000000000173e+01
4.570840800000000570e+01
4.570840800000000570e+01
3.467534400000000971e+01
2.206612799999999908e+01
3.625149600000000305e+01
3.467534400000000261e+01
3.467534400000000261e+01
3.782764800000000349e+01
3.309919200000000217e+01
4.413225600000000526e+01
3.309919200000000217e+01
2.994688800000000128e+01
2.837073600000000084e+01
3.782764800000000349e+01
2.837073600000000084e+01
3.152303999999999462e+01
3.625149600000000305e+01
3.940380000000000393e+01
4.097995200000000438e+01
4.255610399999999771e+01
3.940379999999999683e+01
3.309919200000000217e+01
2.521843199999999996e+01
5.043686399999999992e+01
4.570840800000000570e+01
3.782764800000000349e+01
1.733767199999999775e+01
3.940380000000000393e+01
3.782764800000000349e+01
3.467534400000000261e+01
3.940380000000000393e+01
3.940380000000000393e+01
4.886071200000000658e+01
3.625149600000000305e+01
2.364227999999999597e+01
3.309919200000000217e+01
3.625149599999999595e+01
2.679458400000000040e+01
3.152304000000000173e+01
3.152304000000000173e+01
4.097995200000000438e+01
2.837073600000000084e+01
2.364227999999999952e+01
3.782764800000000349e+01
4.570840800000000570e+01
3.940380000000000393e+01
3.467534400000000261e+01
5.674147200000000169e+01
3.782764800000000349e+01
2.837073600000000084e+01
4.097995199999999727e+01
2.364228000000000307e+01
3.940380000000000393e+01
4.413225600000000526e+01
5.201301599999999326e+01
6.462223200000001100e+01
2.206612799999999908e+01
2.837073599999999729e+01
2.994688800000000128e+01
4.255610400000000482e+01
3.309919200000000217e+01
2.679458400000000040e+01
4.255610400000000482e+01
3.940379999999999683e+01
4.886071199999999948e+01
3.625149599999999595e+01
4.570840799999999859e+01
3.309919200000000217e+01
4.413225599999999815e+01
5.043686399999999992e+01
3.940380000000000393e+01
2.679458400000000040e+01
3.782764800000000349e+01
3.309919200000000217e+01
4.413225599999999815e+01
1.418536800000000220e+01
2.994688800000000128e+01
3.625149599999999595e+01
4.097995199999999727e+01
4.413225599999999815e+01
3.152304000000000173e+01
3.625149600000000305e+01
2.837073600000000084e+01
4.728456000000000614e+01
3.152304000000000528e+01
2.679458400000000040e+01
5.201301599999999326e+01
2.679458400000000040e+01
4.728456000000000614e+01
2.679458400000000040e+01
4.097995199999999727e+01
3.782764800000000349e+01
4.413225599999999815e+01
4.570840800000000570e+01
2.679458400000000040e+01
2.994688800000000128e+01
2.364228000000000307e+01
2.048997599999999863e+01
2.837073599999999729e+01
2.994688800000000128e+01
4.097995200000000438e+01
3.940380000000000393e+01
4.570840799999999859e+01
4.413225599999999815e+01
4.097995199999999727e+01
4.097995199999999727e+01
4.886071200000000658e+01
2.048997599999999863e+01
4.413225600000000526e+01
4.413225599999999815e+01
3.309919200000000217e+01
4.097995199999999727e+01
2.994688800000000128e+01
3.309919200000000217e+01
3.309919200000000217e+01
3.309919199999999506e+01
2.837073600000000084e+01
2.837073599999999729e+01
2.837073600000000084e+01
4.413225599999999815e+01
5.043686400000000702e+01
4.728456000000000614e+01
1.733767200000000130e+01
2.837073600000000084e+01
4.097995199999999727e+01
3.940380000000000393e+01
2.679458399999999330e+01
2.679458399999999330e+01
3.782764800000000349e+01
3.309919200000000217e+01
3.940380000000000393e+01
4.728456000000000614e+01
4.886071199999999948e+01
5.043686399999999992e+01
4.097995200000000438e+01
3.940380000000000393e+01
3.625149600000000305e+01
3.152304000000000173e+01
3.782764800000000349e+01
3.152303999999999462e+01
5.358916800000000080e+01
4.413225600000000526e+01
4.728455999999999904e+01
3.625149600000000305e+01
1.733767200000000130e+01
3.309919200000000217e+01
4.570840800000000570e+01
3.782764800000000349e+01
4.886071199999999948e+01
4.413225600000000526e+01
3.152304000000000173e+01
4.097995200000000438e+01
4.886071199999999948e+01
4.570840799999999859e+01
2.994688799999999773e+01
4.413225599999999815e+01
5.358916800000000080e+01
2.679458399999999330e+01
3.782764800000000349e+01
4.728456000000000614e+01
3.940380000000000393e+01
4.255610399999999771e+01
6.146992800000000301e+01
5.516532000000000124e+01
3.625149600000000305e+01
3.467534400000000261e+01
3.309919200000000217e+01
2.679458400000000395e+01
3.152304000000000528e+01
2.364228000000000307e+01
4.728456000000000614e+01
4.097995200000000438e+01
4.570840799999999859e+01
5.043686399999999992e+01
3.782764800000000349e+01
3.940379999999999683e+01
4.570840799999999859e+01
3.309919200000000217e+01
2.364227999999999952e+01
5.516532000000000124e+01
5.201301600000000036e+01
3.940380000000000393e+01
2.521843200000000706e+01
4.413225600000000526e+01
4.570840799999999859e+01
4.255610399999999771e+01
3.625149600000000305e+01
4.255610400000000482e+01
3.625149600000000305e+01
4.097995199999999727e+01
3.625149600000000305e+01
5.201301600000000036e+01
3.625149600000000305e+01
2.994688800000000128e+01
3.467534400000000261e+01
2.994688799999999773e+01
4.728456000000000614e+01
3.782764799999999639e+01
3.467534399999999550e+01
5.201301600000000036e+01
4.255610399999999771e+01
4.097995200000000438e+01
5.831762400000000213e+01
5.201301600000000036e+01
3.782764800000000349e+01
2.679458400000000395e+01
3.467534399999999550e+01
2.206612800000000618e+01
3.152304000000000173e+01
3.467534400000000261e+01
3.940379999999999683e+01
4.570840799999999859e+01
3.309919200000000217e+01
4.728455999999999904e+01
5.043686399999999992e+01
3.467534399999999550e+01
2.364227999999999952e+01
3.940380000000000393e+01
4.728456000000000614e+01
4.886071199999999948e+01
3.467534399999999550e+01
3.940380000000000393e+01
4.570840800000000570e+01
3.940380000000000393e+01
4.570840799999999859e+01
3.782764799999999639e+01
3.467534400000000261e+01
4.570840800000000570e+01
4.097995199999999727e+01
4.728456000000000614e+01
3.309919200000000217e+01
3.940379999999999683e+01
3.467534400000000261e+01
4.413225599999999815e+01
3.309919200000000217e+01
5.043686400000000702e+01
4.413225599999999815e+01
2.994688800000000128e+01
2.837073600000000084e+01
3.782764800000000349e+01
2.994688800000000128e+01
3.309919200000000217e+01
3.309919200000000217e+01
3.309919199999999506e+01
3.940380000000000393e+01
3.940380000000000393e+01
2.994688800000000128e+01
3.467534400000000261e+01
4.570840800000000570e+01
3.467534400000000261e+01
3.625149600000000305e+01
3.309919200000000217e+01
3.309919200000000217e+01
2.837073600000000084e+01
2.521843200000000706e+01
4.097995200000000438e+01
3.152304000000000528e+01
4.886071200000000658e+01
2.364227999999999952e+01
1.733767199999999775e+01
3.782764800000000349e+01
3.467534400000000261e+01
2.994688800000000128e+01
4.097995200000000438e+01
4.413225600000000526e+01
3.467534400000000971e+01
4.097995200000000438e+01
3.467534400000000261e+01
4.413225599999999815e+01
3.625149600000000305e+01
4.886071199999999948e+01
3.940380000000000393e+01
4.255610400000000482e+01
3.467534400000000261e+01
4.097995200000000438e+01
2.994688800000000128e+01
5.043686399999999992e+01
3.940379999999999683e+01
4.570840799999999859e+01
4.255610399999999771e+01
3.625149600000000305e+01
4.097995199999999727e+01
3.940380000000000393e+01
2.364228000000000662e+01
3.309919200000000217e+01
2.679458400000000040e+01
3.625149600000000305e+01
3.625149599999999595e+01
4.570840799999999859e+01
4.886071199999999948e+01
4.255610399999999771e+01
2.521843200000000351e+01
3.940379999999999683e+01
3.152304000000000173e+01
4.097995199999999727e+01
3.309919200000000217e+01
4.886071199999999948e+01
4.728456000000000614e+01
3.309919200000000217e+01
3.467534400000000971e+01
3.782764800000000349e+01
3.309919200000000217e+01
4.097995200000000438e+01
4.886071199999999948e+01
5.201301600000000036e+01
4.413225600000000526e+01
3.625149600000000305e+01
4.413225600000000526e+01
3.782764799999999639e+01
4.097995199999999727e+01
3.940379999999999683e+01
2.994688800000000484e+01
4.255610400000000482e+01
2.679458400000000040e+01
2.994688800000000484e+01
4.097995199999999727e+01
2.679458400000000040e+01
3.782764800000000349e+01
3.782764800000000349e+01
3.782764800000000349e+01
3.467534400000000261e+01
5.201301600000000036e+01
4.255610399999999771e+01
3.467534399999999550e+01
2.206612800000000263e+01
4.570840800000000570e+01
3.940380000000000393e+01
3.782764799999999639e+01
4.728456000000000614e+01
3.467534400000000261e+01
5.674147200000000169e+01
5.358916800000000791e+01
3.467534399999999550e+01
4.728456000000000614e+01
4.255610399999999771e+01
2.679458400000000040e+01
4.728455999999999904e+01
4.255610399999999771e+01
5.831762400000000213e+01
5.201301600000000036e+01
3.940380000000000393e+01
4.570840799999999859e+01
5.358916800000000080e+01
2.837073600000000084e+01
3.940380000000000393e+01
4.886071200000000658e+01
3.782764800000000349e+01
2.521843200000000351e+01
2.837073600000000084e+01
4.413225599999999815e+01
4.097995200000000438e+01
3.152303999999999462e+01
4.886071200000000658e+01
5.201301600000000036e+01
4.570840800000000570e+01
4.255610400000000482e+01
3.782764799999999639e+01
4.255610399999999771e+01
4.886071199999999948e+01
4.413225600000000526e+01
3.625149600000000305e+01
4.570840800000000570e+01
3.940380000000000393e+01
3.309919200000000217e+01
4.255610399999999771e+01
3.625149600000000305e+01
3.940380000000000393e+01
3.782764800000000349e+01
3.625149600000000305e+01
3.782764800000000349e+01
3.467534399999999550e+01
4.097995200000000438e+01
4.728456000000000614e+01
5.043686399999999992e+01
4.570840799999999859e+01
3.940380000000000393e+01
5.043686399999999992e+01
3.467534400000000261e+01
3.467534400000000261e+01
4.097995200000000438e+01
4.097995200000000438e+01
4.255610400000000482e+01
3.467534400000000261e+01
4.413225599999999815e+01
3.467534400000000261e+01
3.940380000000000393e+01
3.782764800000000349e+01
2.521843200000000351e+01
3.782764800000000349e+01
2.364227999999999952e+01
4.097995200000000438e+01
3.782764800000000349e+01
4.097995200000000438e+01
3.309919200000000217e+01
3.309919200000000217e+01
4.728456000000000614e+01
3.782764799999999639e+01
3.625149600000000305e+01
2.837073599999999729e+01
4.728456000000000614e+01
3.625149600000000305e+01
3.467534400000000261e+01
2.837073600000000084e+01
4.255610400000000482e+01
3.940379999999999683e+01
5.043686399999999992e+01
3.309919200000000217e+01
4.097995199999999727e+01
4.570840799999999859e+01
4.097995200000000438e+01
4.255610400000000482e+01
3.625149599999999595e+01
2.994688800000000128e+01
5.358916800000000080e+01
4.097995200000000438e+01
2.048997600000000219e+01
3.782764799999999639e+01
2.994688800000000128e+01
3.309919200000000217e+01
4.255610399999999771e+01
3.625149600000000305e+01
4.570840799999999859e+01
3.309919200000000217e+01
6.146992800000000301e+01
4.728455999999999904e+01
3.152303999999999462e+01
4.886071200000000658e+01
4.413225600000000526e+01
5.989377600000000967e+01
4.728456000000000614e+01
4.886071199999999948e+01
4.886071199999999948e+01
4.570840799999999859e+01
4.255610399999999771e+01
4.413225600000000526e+01
3.467534400000000261e+01
2.521843200000000351e+01
3.309919200000000217e+01
4.255610400000000482e+01
4.413225599999999815e+01
3.625149600000000305e+01
3.782764800000000349e+01
5.201301600000000747e+01
4.255610400000000482e+01
3.940380000000000393e+01
3.625149600000000305e+01
4.886071199999999948e+01
4.728456000000000614e+01
3.309919199999999506e+01
3.309919200000000217e+01
3.625149599999999595e+01
4.886071200000000658e+01
5.043686399999999992e+01
4.728455999999999904e+01
6.146992800000000301e+01
3.782764800000000349e+01
4.570840800000000570e+01
4.570840800000000570e+01
4.728455999999999904e+01
4.570840800000000570e+01
3.782764799999999639e+01
3.782764799999999639e+01
4.255610399999999771e+01
2.837073600000000084e+01
4.886071200000000658e+01
5.674147200000000879e+01
4.413225600000000526e+01
5.358916800000000080e+01
4.255610399999999771e+01
4.728455999999999904e+01
5.201301600000000747e+01
4.570840800000000570e+01
4.097995200000000438e+01
4.886071199999999948e+01
4.728455999999999904e+01
4.570840800000000570e+01
3.309919200000000217e+01
4.413225600000000526e+01
4.728455999999999904e+01
3.940380000000000393e+01
4.255610400000000482e+01
6.146992800000000301e+01
4.570840800000000570e+01
4.570840799999999859e+01
3.152304000000000173e+01
2.521843199999999996e+01
2.679458400000000040e+01
5.674147200000000169e+01
5.674147200000000169e+01
4.728455999999999904e+01
3.782764799999999639e+01
4.097995200000000438e+01
3.152304000000000173e+01
2.994688800000000128e+01
2.521843200000000706e+01
4.728455999999999904e+01
4.570840799999999859e+01
4.413225599999999815e+01
3.940379999999999683e+01
5.516531999999999414e+01
4.728456000000000614e+01
5.201301600000000747e+01
5.043686399999999992e+01
4.097995200000000438e+01
3.782764800000000349e+01
5.201301600000000036e+01
3.940380000000000393e+01
4.097995199999999727e+01
3.309919200000000217e+01
3.782764799999999639e+01
4.097995200000000438e+01
4.728455999999999904e+01
5.831762399999999502e+01
6.146992799999999590e+01
4.255610400000000482e+01
4.570840799999999859e+01
4.413225599999999815e+01
3.782764800000000349e+01
4.255610399999999771e+01
4.570840799999999859e+01
5.043686399999999992e+01
3.625149599999999595e+01
4.886071199999999948e+01
5.989377600000000257e+01
6.935068800000000522e+01
3.782764799999999639e+01
3.782764799999999639e+01
4.413225599999999815e+01
5.516532000000000124e+01
5.831762400000000213e+01
7.092683999999999855e+01
5.043686399999999992e+01
3.782764799999999639e+01
5.043686399999999992e+01
6.146992800000000301e+01
4.097995200000000438e+01
4.570840799999999859e+01
6.304608000000000345e+01
6.619838400000000433e+01
6.146992800000001012e+01
5.201301600000000747e+01
3.467534400000000261e+01
4.255610399999999771e+01
4.413225599999999815e+01
4.413225599999999815e+01
6.146992799999999590e+01
6.462223199999999679e+01
5.358916800000000080e+01
3.940380000000000393e+01
5.674147199999999458e+01
5.201301600000000036e+01
2.679458400000000395e+01
4.886071200000000658e+01
4.570840800000000570e+01
4.097995200000000438e+01
5.989377600000000257e+01
4.255610399999999771e+01
5.358916800000000080e+01
5.043686399999999992e+01
5.043686399999999992e+01
4.413225600000000526e+01
4.255610400000000482e+01
4.255610399999999771e+01
6.304608000000000345e+01
4.570840800000000570e+01
5.043686399999999992e+01
5.989377600000000257e+01
6.462223199999999679e+01
4.413225599999999815e+01
4.255610399999999771e+01
3.940380000000000393e+01
5.358916800000000080e+01
5.831762400000000213e+01
5.201301600000000747e+01
3.782764799999999639e+01
5.516532000000000124e+01
6.146992800000000301e+01
5.516532000000000124e+01
5.831762400000000213e+01
4.570840800000000570e+01
5.201301600000000036e+01
5.043686399999999992e+01
4.255610399999999771e+01
4.570840799999999859e+01
5.516532000000000124e+01
4.728455999999999904e+01
4.886071199999999948e+01
2.837073600000000440e+01
5.674147200000000169e+01
3.940379999999999683e+01
4.413225599999999815e+01
4.413225599999999815e+01
4.255610399999999771e+01
3.782764800000000349e+01
5.674147200000000879e+01
5.043686400000000702e+01
4.728456000000000614e+01
4.886071199999999948e+01
4.886071199999999948e+01
3.625149600000000305e+01
3.782764799999999639e+01
5.358916800000000080e+01
5.043686399999999992e+01
5.674147200000000879e+01
4.886071199999999948e+01
5.201301600000000036e+01
4.728456000000000614e+01
3.625149600000000305e+01
4.097995200000000438e+01
3.625149600000000305e+01
3.625149600000000305e+01
4.886071200000000658e+01
5.201301600000000747e+01
4.886071199999999948e+01
4.570840799999999859e+01
6.304607999999999635e+01
5.358916800000000080e+01
4.570840799999999859e+01
5.358916800000000080e+01
3.467534400000000261e+01
3.782764800000000349e+01
4.255610400000000482e+01
5.516532000000000835e+01
6.462223199999999679e+01
4.097995199999999727e+01
4.570840799999999859e+01
5.358916800000000080e+01
5.201301600000000036e+01
4.255610399999999771e+01
4.886071199999999948e+01
5.358916800000000080e+01
3.625149599999999595e+01
4.255610400000000482e+01
3.940380000000000393e+01
5.043686399999999992e+01
5.516532000000000124e+01
3.152303999999999462e+01
4.255610400000000482e+01
5.358916800000000080e+01
4.570840799999999859e+01
5.201301599999999326e+01
5.043686399999999992e+01
3.152304000000000528e+01
3.940379999999999683e+01
4.413225600000000526e+01
5.043686400000000702e+01
5.043686399999999992e+01
3.625149600000000305e+01
4.570840800000000570e+01
4.255610400000000482e+01
5.043686399999999992e+01
4.413225599999999815e+01
6.777453600000001188e+01
4.886071199999999948e+01
4.886071199999999948e+01
5.831762400000000213e+01
4.097995200000000438e+01
4.728456000000000614e+01
4.255610400000000482e+01
4.413225600000000526e+01
3.152304000000000173e+01
4.570840800000000570e+01
4.570840799999999859e+01
3.309919200000000217e+01
3.152304000000000528e+01
5.201301600000000036e+01
4.413225599999999815e+01
4.886071199999999948e+01
3.782764799999999639e+01
5.043686399999999992e+01
3.782764800000000349e+01
4.097995200000000438e+01
5.358916800000000080e+01
5.831762400000000213e+01
3.467534400000000261e+01
3.940379999999999683e+01
3.625149599999999595e+01
5.516532000000000124e+01
5.201301600000000036e+01
5.201301600000000036e+01
6.146992800000000301e+01
5.043686399999999992e+01
5.201301600000000747e+01
4.886071200000000658e+01
4.886071199999999948e+01
4.255610399999999771e+01
7.250299200000000610e+01
6.146992800000000301e+01
3.782764799999999639e+01
3.782764799999999639e+01
5.674147200000000169e+01
4.728455999999999904e+01
5.043686399999999992e+01
5.516532000000000835e+01
4.255610399999999771e+01
3.940379999999999683e+01
5.516532000000000835e+01
5.043686399999999992e+01
5.043686400000000702e+01
4.886071199999999948e+01
4.886071199999999948e+01
4.255610400000000482e+01
4.413225599999999815e+01
4.728456000000000614e+01
5.516532000000000124e+01
4.255610400000000482e+01
3.782764800000000349e+01
6.777453599999999767e+01
6.146992800000000301e+01
5.516532000000000124e+01
4.570840800000000570e+01
4.097995200000000438e+01
4.097995199999999727e+01
4.255610399999999771e+01
3.625149599999999595e+01
5.516531999999999414e+01
3.152303999999999462e+01
5.201301600000000036e+01
5.201301600000000036e+01
4.570840799999999859e+01
7.092683999999999855e+01
5.043686399999999992e+01
4.728456000000000614e+01
6.146992800000000301e+01
5.043686399999999992e+01
4.886071199999999948e+01
2.679458400000000040e+01
3.940380000000000393e+01
5.831762400000000213e+01
4.886071200000000658e+01
5.989377600000000257e+01
4.413225599999999815e+01
5.516532000000000835e+01
5.674147200000000169e+01
4.886071199999999948e+01
4.886071199999999948e+01
5.516532000000000124e+01
6.146992799999999590e+01
5.201301600000000747e+01
5.831762399999999502e+01
4.413225599999999815e+01
4.728456000000000614e+01
5.674147200000000169e+01
6.619838400000000433e+01
5.358916800000000080e+01
4.255610400000000482e+01
5.358916800000000080e+01
5.043686399999999992e+01
3.940379999999999683e+01
6.462223199999999679e+01
4.097995199999999727e+01
5.831762400000000213e+01
4.570840799999999859e+01
5.043686399999999992e+01
4.413225599999999815e+01
5.989377600000000967e+01
5.043686399999999992e+01
3.625149600000000305e+01
5.516532000000000835e+01
5.831762400000000213e+01
5.989377600000000257e+01
5.831762400000000213e+01
5.989377600000000257e+01
4.255610399999999771e+01
3.467534400000000261e+01
5.674147200000000169e+01
5.358916800000000791e+01
4.255610400000000482e+01
4.570840799999999859e+01
5.831762399999999502e+01
5.043686399999999992e+01
3.782764800000000349e+01
5.201301600000000747e+01
5.989377600000000257e+01
6.462223199999999679e+01
5.989377600000000257e+01
5.201301599999999326e+01
5.989377599999999546e+01
6.462223199999999679e+01
5.358916800000000080e+01
5.831762400000000213e+01
4.570840800000000570e+01
5.358916800000000080e+01
4.570840800000000570e+01
4.886071199999999948e+01
4.097995199999999727e+01
4.886071199999999948e+01
5.831762400000000213e+01
7.723144800000000032e+01
5.516532000000000124e+01
5.201301600000000036e+01
4.097995200000000438e+01
5.358916800000000791e+01
5.516532000000000124e+01
6.304608000000000345e+01
5.043686399999999992e+01
4.886071199999999948e+01
5.358916800000000791e+01
5.516532000000000124e+01
5.831762400000000213e+01
4.570840799999999859e+01
4.413225600000000526e+01
5.516532000000000124e+01
6.462223199999999679e+01
3.940380000000000393e+01
4.255610400000000482e+01
6.146992799999999590e+01
5.201301600000000036e+01
6.304608000000000345e+01
6.304608000000000345e+01
5.831762400000000213e+01
5.989377600000000257e+01
6.935068800000000522e+01
5.516532000000000124e+01
5.358916800000000791e+01
6.146992800000000301e+01
5.674147200000000169e+01
5.043686399999999992e+01
5.201301600000000036e+01
3.782764800000000349e+01
5.201301600000000036e+01
5.043686399999999992e+01
5.358916800000000080e+01
6.146992800000000301e+01
5.989377600000000257e+01
5.831762400000000923e+01
3.940380000000000393e+01
5.043686399999999992e+01
4.728455999999999904e+01
6.304608000000000345e+01
7.092683999999999855e+01
5.989377600000000257e+01
4.570840800000000570e+01
4.728455999999999904e+01
5.831762399999999502e+01
4.413225599999999815e+01
5.043686399999999992e+01
6.304608000000000345e+01
5.516532000000000124e+01
4.728455999999999904e+01
5.201301600000000036e+01
5.674147200000000169e+01
6.304608000000000345e+01
4.570840800000000570e+01
5.358916800000000080e+01
7.092683999999999855e+01
7.092683999999999855e+01
5.831762400000000213e+01
3.467534400000000261e+01
5.043686399999999992e+01
5.201301600000000036e+01
5.043686399999999992e+01
5.989377600000000257e+01
5.831762400000000213e+01
6.777453599999999767e+01
6.304607999999999635e+01
4.886071199999999948e+01
5.201301600000000747e+01
4.413225599999999815e+01
5.516532000000000124e+01
4.413225600000000526e+01
5.043686400000000702e+01
5.674147200000000169e+01
3.625149600000000305e+01
4.255610400000000482e+01
4.413225599999999815e+01
5.358916800000000080e+01
5.989377599999999546e+01
5.201301599999999326e+01
4.728455999999999904e+01
6.462223199999999679e+01
5.516532000000000124e+01
5.674147200000000169e+01
5.043686399999999992e+01
4.255610400000000482e+01
4.728455999999999904e+01
5.358916800000000080e+01
4.886071199999999948e+01
3.940379999999999683e+01
4.255610399999999771e+01
4.570840799999999859e+01
4.886071200000000658e+01
6.304608000000001056e+01
5.201301600000000036e+01
3.782764799999999639e+01
3.940379999999999683e+01
5.989377600000000257e+01
5.674147200000000169e+01
5.989377600000000967e+01
5.201301600000000036e+01
5.674147200000000169e+01
4.255610400000000482e+01
5.516531999999999414e+01
5.358916800000000791e+01
4.886071199999999948e+01
6.146992800000000301e+01
5.989377599999999546e+01
4.728455999999999904e+01
5.674147200000000169e+01
6.304608000000000345e+01
4.413225600000000526e+01
5.516532000000000124e+01
4.255610400000000482e+01
6.304607999999999635e+01
5.831762400000000213e+01
4.413225600000000526e+01
5.516531999999999414e+01
6.619838400000000433e+01
5.358916800000000080e+01
5.516532000000000124e+01
5.201301600000000036e+01
5.516532000000000124e+01
6.304607999999999635e+01
5.989377600000000257e+01
6.462223199999999679e+01
5.516532000000000124e+01
7.250299199999999189e+01
5.989377599999999546e+01
5.043686399999999992e+01
5.989377600000000967e+01
6.146992800000001012e+01
5.831762400000000213e+01
4.728455999999999904e+01
6.146992800000000301e+01
7.250299199999999189e+01
5.201301600000000036e+01
5.989377600000000257e+01
5.043686399999999992e+01
7.565529600000000698e+01
5.989377600000000967e+01
5.674147200000000169e+01
6.462223199999999679e+01
8.195990400000000875e+01
6.146992800000000301e+01
6.777453599999999767e+01
7.565529599999999277e+01
7.092684000000001276e+01
5.674147200000000169e+01
7.250299200000000610e+01
5.989377599999999546e+01
6.304608000000000345e+01
6.462223199999999679e+01
6.304608000000000345e+01
5.516532000000000124e+01
6.935068799999999101e+01
6.935068799999999101e+01
5.989377599999999546e+01
6.304607999999999635e+01
6.304608000000000345e+01
5.201301600000000036e+01
6.619838400000000433e+01
6.462223199999999679e+01
5.674147200000000169e+01
6.935068800000000522e+01
7.250299200000000610e+01
7.250299200000000610e+01
7.565529600000000698e+01
7.723144800000000032e+01
6.304607999999999635e+01
6.935068800000000522e+01
6.935068799999999101e+01
8.511220800000000963e+01
6.777453600000001188e+01
5.358916800000000080e+01
5.201301600000000036e+01
6.304607999999999635e+01
5.674147200000000879e+01
7.092683999999999855e+01
7.565529600000000698e+01
5.989377599999999546e+01
5.989377600000000257e+01
5.989377600000000967e+01
5.989377600000000257e+01
5.831762400000000213e+01
5.516532000000000124e+01
7.407914399999999944e+01
7.565529599999999277e+01
7.407914399999999944e+01
7.092683999999999855e+01
5.516532000000000835e+01
6.777453600000001188e+01
7.250299200000000610e+01
6.777453600000001188e+01
6.146992800000000301e+01
7.092683999999999855e+01
5.989377599999999546e+01
6.462223199999999679e+01
5.358916800000000080e+01
6.935068800000000522e+01
6.935068800000000522e+01
6.304608000000000345e+01
6.619838400000000433e+01
6.304608000000000345e+01
5.831762400000000213e+01
6.304608000000000345e+01
5.201301600000000036e+01
6.146992800000000301e+01
5.043686399999999992e+01
6.619838400000000433e+01
7.880759999999999366e+01
8.353605600000000209e+01
7.092684000000001276e+01
7.880760000000000787e+01
7.407914399999999944e+01
6.146992800000000301e+01
6.619838400000000433e+01
6.935068799999999101e+01
6.619838400000000433e+01
7.092683999999999855e+01
6.935068800000000522e+01
5.831762400000000213e+01
6.619838400000000433e+01
7.092683999999999855e+01
5.201301600000000036e+01
6.304608000000000345e+01
6.619838400000000433e+01
6.304608000000000345e+01
8.038375200000000120e+01
7.250299199999999189e+01
6.619838400000000433e+01
6.462223199999999679e+01
6.462223199999999679e+01
6.777453599999999767e+01
7.565529600000000698e+01
6.146992800000001012e+01
6.304607999999999635e+01
6.146992800000000301e+01
6.462223199999999679e+01
7.092683999999999855e+01
6.777453599999999767e+01
6.777453599999999767e+01
6.935068799999999101e+01
7.092683999999999855e+01
8.353605600000000209e+01
8.353605600000000209e+01
6.146992800000001012e+01
6.935068800000000522e+01
7.407914399999999944e+01
6.619838399999999012e+01
6.146992799999999590e+01
7.092684000000001276e+01
6.304607999999999635e+01
6.304608000000000345e+01
6.462223199999999679e+01
7.723144800000000032e+01
6.935068800000000522e+01
5.831762400000000213e+01
5.516532000000000124e+01
7.880760000000000787e+01
7.092683999999999855e+01
7.092683999999999855e+01
6.777453599999999767e+01
6.777453600000001188e+01
5.831762400000000923e+01
6.146992800000000301e+01
5.516532000000000835e+01
6.935068799999999101e+01
6.146992799999999590e+01
6.146992800000000301e+01
6.462223200000001100e+01
6.777453599999999767e+01
7.250299199999999189e+01
6.935068800000000522e+01
6.146992800000000301e+01
7.880760000000000787e+01
7.723144800000000032e+01
6.619838400000000433e+01
6.777453599999999767e+01
7.250299200000000610e+01
6.619838400000000433e+01
7.250299199999999189e+01
6.777453599999999767e+01
6.304608000000001056e+01
7.407914399999999944e+01
6.146992800000000301e+01
5.358916799999999370e+01
6.462223200000001100e+01
5.201301600000000036e+01
7.092683999999999855e+01
6.619838400000000433e+01
6.935068800000000522e+01
6.935068800000000522e+01
7.565529600000000698e+01
6.777453599999999767e+01
7.250299200000000610e+01
6.619838399999999012e+01
7.250299200000000610e+01
5.358916800000000080e+01
7.407914399999999944e+01
7.092684000000001276e+01
8.353605600000000209e+01
7.092683999999999855e+01
8.195990399999999454e+01
6.935068800000000522e+01
6.462223199999999679e+01
5.831762400000000213e+01
6.935068800000000522e+01
6.304607999999999635e+01
6.462223199999999679e+01
7.092683999999999855e+01
5.516532000000000124e+01
6.146992800000000301e+01
7.250299200000000610e+01
5.831762399999999502e+01
6.462223199999999679e+01
5.043686399999999281e+01
4.728455999999999904e+01
5.989377599999999546e+01
8.984066399999998964e+01
7.565529599999999277e+01
7.250299199999999189e+01
6.146992800000000301e+01
7.565529600000000698e+01
6.462223199999999679e+01
6.619838399999999012e+01
7.250299200000000610e+01
6.462223199999999679e+01
7.250299200000000610e+01
6.777453599999999767e+01
6.146992800000000301e+01
7.565529599999999277e+01
6.619838399999999012e+01
7.565529599999999277e+01
6.619838400000000433e+01
5.831762400000000213e+01
6.304608000000000345e+01
6.935068799999999101e+01
7.880760000000000787e+01
7.407914399999999944e+01
7.723144800000000032e+01
6.935068799999999101e+01
6.935068799999999101e+01
7.880759999999999366e+01
6.777453600000001188e+01
7.565529599999999277e+01
7.092683999999999855e+01
4.570840800000000570e+01
5.831762400000000213e+01
6.935068800000000522e+01
6.304608000000000345e+01
7.092683999999999855e+01
6.619838400000000433e+01
6.304608000000000345e+01
6.146992800000001012e+01
6.304608000000000345e+01
6.777453599999999767e+01
7.880759999999999366e+01
7.407914399999999944e+01
7.723144800000000032e+01
5.831762400000000213e+01
7.250299199999999189e+01
6.935068800000000522e+01
6.777453599999999767e+01
7.250299199999999189e+01
8.511220799999999542e+01
5.989377600000000257e+01
6.146992800000001012e+01
5.989377599999999546e+01
7.092683999999999855e+01
6.462223200000001100e+01
5.674147200000000169e+01
8.353605600000000209e+01
7.250299199999999189e+01
6.619838400000000433e+01
7.565529599999999277e+01
7.092683999999999855e+01
6.935068799999999101e+01
7.407914399999999944e+01
8.826451199999999631e+01
7.565529600000000698e+01
8.038375200000000120e+01
6.935068799999999101e+01
6.777453599999999767e+01
5.516532000000000124e+01
6.462223199999999679e+01
6.146992800000000301e+01
7.565529599999999277e+01
6.619838400000000433e+01
7.250299199999999189e+01
7.407914399999999944e+01
6.462223199999999679e+01
6.935068799999999101e+01
6.935068800000000522e+01
5.831762400000000213e+01
5.043686400000000702e+01
7.407914399999999944e+01
8.353605599999998788e+01
7.565529600000000698e+01
7.880759999999999366e+01
8.038375200000000120e+01
8.511220800000000963e+01
8.826451200000001052e+01
8.668835999999998876e+01
6.304607999999999635e+01
7.723144800000000032e+01
9.299296800000000474e+01
8.353605600000000209e+01
8.984066400000000385e+01
8.195990399999999454e+01
8.511220799999999542e+01
6.935068800000000522e+01
8.195990399999999454e+01
6.619838399999999012e+01
8.195990399999999454e+01
7.250299200000000610e+01
6.619838400000000433e+01
7.250299199999999189e+01
7.250299200000000610e+01
6.619838400000000433e+01
6.146992800000000301e+01
5.674147199999999458e+01
7.250299200000000610e+01
8.511220799999999542e+01
7.565529599999999277e+01
7.880759999999999366e+01
8.826451200000001052e+01
6.619838400000000433e+01
6.619838400000000433e+01
7.880759999999999366e+01
6.304608000000000345e+01
7.407914399999999944e+01
7.092683999999999855e+01
7.565529600000000698e+01
7.880760000000000787e+01
8.038375200000000120e+01
7.565529600000000698e+01
6.304608000000000345e+01
7.092683999999999855e+01
8.353605600000000209e+01
7.723144800000001453e+01
7.407914399999999944e+01
8.195990399999999454e+01
7.880759999999999366e+01
5.516532000000000835e+01
7.092683999999999855e+01
8.038375200000000120e+01
7.092683999999999855e+01
7.250299200000000610e+01
7.092683999999999855e+01
5.516532000000000835e+01
7.880759999999999366e+01
7.092683999999999855e+01
7.565529600000000698e+01
6.146992800000000301e+01
7.250299199999999189e+01
8.195990399999999454e+01
8.668836000000000297e+01
7.092683999999999855e+01
6.304607999999999635e+01
6.462223200000001100e+01
8.353605600000000209e+01
6.304608000000001056e+01
7.407914399999999944e+01
8.195990399999999454e+01
8.038375200000000120e+01
6.935068800000000522e+01
6.935068799999999101e+01
7.565529599999999277e+01
8.511220799999999542e+01
6.462223199999999679e+01
7.250299199999999189e+01
6.935068800000000522e+01
8.195990399999999454e+01
5.043686399999999992e+01
8.511220799999999542e+01
8.038375200000000120e+01
8.826451200000001052e+01
8.984066400000000385e+01
7.880760000000000787e+01
7.880759999999999366e+01
9.141681599999999719e+01
6.462223199999999679e+01
7.565529599999999277e+01
7.565529599999999277e+01
7.880759999999999366e+01
8.195990400000000875e+01
5.043686399999999992e+01
6.304608000000000345e+01
7.250299200000000610e+01
7.092683999999999855e+01
8.038375200000000120e+01
6.935068800000000522e+01
8.195990400000000875e+01
6.304608000000000345e+01
4.570840800000000570e+01
7.723144800000000032e+01
7.250299200000000610e+01
7.723144800000000032e+01
6.462223200000001100e+01
7.565529599999999277e+01
6.146992800000000301e+01
6.462223199999999679e+01
6.304608000000000345e+01
7.880759999999999366e+01
8.038375200000000120e+01
7.407914399999999944e+01
7.407914399999999944e+01
7.880759999999999366e+01
7.723144800000000032e+01
7.723144799999998611e+01
7.723144800000000032e+01
8.353605600000000209e+01
7.880760000000000787e+01
7.407914399999999944e+01
6.146992800000001012e+01
7.565529599999999277e+01
8.826451199999999631e+01
8.038375200000000120e+01
7.092683999999999855e+01
7.250299200000000610e+01
6.146992800000000301e+01
5.674147200000000169e+01
7.092683999999999855e+01
6.935068800000000522e+01
7.092683999999999855e+01
8.038375200000000120e+01
8.353605600000000209e+01
8.038375200000000120e+01
7.250299199999999189e+01
6.935068800000000522e+01
6.304608000000000345e+01
7.092683999999999855e+01
7.880759999999999366e+01
8.826451199999999631e+01
7.250299200000000610e+01
7.092683999999999855e+01
7.407914399999999944e+01
9.456911999999999807e+01
8.668836000000000297e+01
6.619838400000000433e+01
6.777453599999999767e+01
7.880760000000000787e+01
8.038375199999998699e+01
8.195990399999999454e+01
8.511220800000000963e+01
8.353605600000000209e+01
8.195990399999999454e+01
6.777453599999999767e+01
8.038375200000000120e+01
8.826451200000001052e+01
9.299296800000000474e+01
7.250299200000000610e+01
7.723144800000000032e+01
7.250299200000000610e+01
8.038375200000000120e+01
7.723144800000000032e+01
9.141681600000001140e+01
7.565529599999999277e+01
7.092683999999999855e+01
7.723144800000000032e+01
7.565529600000000698e+01
6.304607999999999635e+01
6.619838400000000433e+01
9.141681599999999719e+01
7.092683999999999855e+01
6.935068800000000522e+01
8.826451199999999631e+01
8.511220799999999542e+01
7.880759999999999366e+01
8.511220799999999542e+01
8.038375200000000120e+01
9.456912000000001228e+01
7.407914399999999944e+01
6.462223199999999679e+01
9.456912000000001228e+01
9.456911999999999807e+01
9.456911999999999807e+01
9.141681600000001140e+01
8.826451200000001052e+01
7.880760000000000787e+01
8.195990400000000875e+01
8.195990400000000875e+01
8.668835999999998876e+01
8.038375200000000120e+01
9.299296799999999052e+01
9.456911999999999807e+01
8.195990400000000875e+01
8.353605600000000209e+01
6.935068800000000522e+01
6.619838400000000433e+01
7.880760000000000787e+01
8.511220799999999542e+01
9.456911999999999807e+01
8.826451199999999631e+01
7.880760000000000787e+01
7.565529600000000698e+01
8.038375200000000120e+01
7.880760000000000787e+01
5.989377600000000257e+01
6.619838400000000433e+01
8.195990399999999454e+01
6.462223199999999679e+01
7.092683999999999855e+01
6.777453599999999767e+01
9.141681600000001140e+01
9.614527200000000562e+01
7.723144800000000032e+01
7.565529600000000698e+01
8.353605600000000209e+01
8.984066399999998964e+01
7.407914399999999944e+01
8.353605600000000209e+01
8.038375200000000120e+01
6.146992800000001012e+01
6.146992800000000301e+01
7.092683999999999855e+01
8.353605599999998788e+01
6.462223199999999679e+01
7.407914399999999944e+01
7.880759999999999366e+01
9.456911999999999807e+01
9.614527200000000562e+01
5.516532000000000124e+01
8.038375200000000120e+01
7.407914399999999944e+01
8.511220800000000963e+01
8.038375200000000120e+01
7.092684000000001276e+01
7.723144800000000032e+01
9.772142399999999895e+01
9.456911999999999807e+01
9.929757599999999229e+01
8.511220799999999542e+01
7.250299200000000610e+01
7.723144800000000032e+01
8.353605600000000209e+01
8.353605600000000209e+01
8.038375200000000120e+01
6.777453599999999767e+01
7.723144800000000032e+01
7.880760000000000787e+01
9.141681599999999719e+01
7.723144800000000032e+01
7.250299200000000610e+01
7.723144799999998611e+01
8.195990399999999454e+01
8.353605600000000209e+01
7.407914399999999944e+01
7.565529600000000698e+01
8.353605600000000209e+01
7.092683999999999855e+01
8.195990399999999454e+01
8.038375200000000120e+01
7.565529600000000698e+01
7.880760000000000787e+01
9.299296799999999052e+01
8.038375200000000120e+01
9.299296800000000474e+01
9.299296799999999052e+01
7.565529600000000698e+01
9.299296800000000474e+01
8.353605600000000209e+01
1.008737279999999998e+02
8.195990399999999454e+01
8.668836000000000297e+01
7.723144800000000032e+01
8.353605600000000209e+01
7.723144800000000032e+01
8.353605600000000209e+01
6.935068800000000522e+01
9.299296800000000474e+01
8.195990399999999454e+01
6.619838400000000433e+01
7.880759999999999366e+01
7.407914399999999944e+01
8.353605600000000209e+01
9.772142400000001317e+01
7.723144800000000032e+01
7.723144800000000032e+01
9.299296800000000474e+01
7.565529600000000698e+01
7.880759999999999366e+01
7.407914400000001365e+01
8.668836000000000297e+01
8.511220799999999542e+01
7.565529600000000698e+01
8.826451199999999631e+01
9.141681599999999719e+01
8.195990400000000875e+01
7.723144800000000032e+01
7.250299200000000610e+01
8.195990400000000875e+01
6.935068800000000522e+01
7.565529599999999277e+01
7.407914399999999944e+01
8.195990399999999454e+01
6.935068799999999101e+01
7.250299200000000610e+01
6.619838400000000433e+01
7.092683999999999855e+01
7.407914399999999944e+01
7.250299200000000610e+01
8.668836000000000297e+01
9.772142399999999895e+01
9.299296799999999052e+01
7.092683999999999855e+01
7.092683999999999855e+01
8.511220799999999542e+01
7.407914399999999944e+01
6.462223199999999679e+01
7.250299200000000610e+01
7.880759999999999366e+01
8.511220800000000963e+01
7.565529599999999277e+01
8.195990399999999454e+01
8.511220800000000963e+01
8.038375200000000120e+01
6.462223199999999679e+01
6.619838399999999012e+01
7.250299200000000610e+01
7.880760000000000787e+01
7.250299199999999189e+01
8.195990400000000875e+01
8.038375200000000120e+01
8.984066399999998964e+01
8.668835999999998876e+01
8.195990399999999454e+01
7.407914399999999944e+01
8.353605600000000209e+01
7.407914399999999944e+01
8.353605600000000209e+01
6.619838400000000433e+01
8.826451199999999631e+01
8.038375200000000120e+01
7.407914399999999944e+01
7.092683999999999855e+01
6.935068800000000522e+01
8.038375200000000120e+01
8.038375200000000120e+01
8.195990399999999454e+01
8.353605600000000209e+01
8.511220799999999542e+01
8.511220800000000963e+01
7.407914399999999944e+01
8.826451199999999631e+01
8.826451199999999631e+01
6.777453599999999767e+01
7.565529600000000698e+01
6.935068800000000522e+01
8.038375200000000120e+01
7.565529600000000698e+01
8.826451200000001052e+01
6.777453599999999767e+01
7.092683999999999855e+01
8.038375200000000120e+01
8.353605600000000209e+01
7.723144800000000032e+01
8.038375200000000120e+01
8.195990399999999454e+01
7.407914399999999944e+01
7.880759999999999366e+01
7.880760000000000787e+01
7.723144800000000032e+01
8.038375200000000120e+01
8.826451199999999631e+01
7.565529600000000698e+01
6.462223199999999679e+01
8.826451199999999631e+01
6.462223199999999679e+01
8.195990399999999454e+01
8.038375200000000120e+01
8.038375200000000120e+01
7.250299199999999189e+01
7.565529600000000698e+01
8.353605600000000209e+01
8.353605600000000209e+01
7.092683999999999855e+01
7.407914399999999944e+01
7.880759999999999366e+01
6.304608000000000345e+01
7.250299200000000610e+01
6.777453599999999767e+01
6.777453599999999767e+01
7.880760000000000787e+01
8.038375200000000120e+01
8.038375200000000120e+01
7.565529600000000698e+01
8.511220800000000963e+01
8.038375200000000120e+01
6.304608000000000345e+01
6.462223199999999679e+01
8.038375200000000120e+01
6.935068799999999101e+01
8.038375200000000120e+01
6.146992800000000301e+01
7.565529599999999277e+01
7.092683999999999855e+01
7.092683999999999855e+01
7.092683999999999855e+01
7.565529599999999277e+01
8.195990399999999454e+01
6.935068800000000522e+01
7.250299200000000610e+01
7.092683999999999855e+01
7.250299199999999189e+01
7.565529599999999277e+01
6.462223200000001100e+01
7.880759999999999366e+01
7.565529600000000698e+01
7.565529600000000698e+01
5.989377599999999546e+01
6.619838400000000433e+01
6.462223199999999679e+01
6.462223199999999679e+01
7.407914399999999944e+01
7.880759999999999366e+01
7.565529599999999277e+01
6.619838400000000433e+01
6.146992800000000301e+01
6.935068800000000522e+01
5.989377600000000257e+01
6.777453599999999767e+01
7.407914399999999944e+01
6.146992800000000301e+01
6.777453600000001188e+01
7.565529600000000698e+01
6.619838399999999012e+01
6.146992800000000301e+01
6.304607999999999635e+01
6.619838400000000433e+01
6.304608000000000345e+01
7.723144800000000032e+01
7.092683999999999855e+01
7.407914399999999944e+01
7.092684000000001276e+01
7.092683999999999855e+01
7.250299199999999189e+01
6.304608000000000345e+01
7.565529600000000698e+01
8.511220799999999542e+01
8.668836000000000297e+01
7.407914399999999944e+01
7.092683999999999855e+01
6.462223199999999679e+01
6.304608000000000345e+01
6.462223199999999679e+01
7.407914399999999944e+01
7.880760000000000787e+01
8.668836000000000297e+01
6.462223200000001100e+01
6.304608000000001056e+01
7.407914400000001365e+01
5.989377600000000257e+01
5.989377600000000257e+01
7.407914399999999944e+01
7.565529599999999277e+01
7.407914399999999944e+01
6.777453600000001188e+01
6.146992800000000301e+01
7.880760000000000787e+01
6.619838399999999012e+01
6.935068799999999101e+01
8.984066400000000385e+01
6.935068800000000522e+01
6.462223199999999679e+01
6.777453599999999767e+01
6.146992800000000301e+01
5.358916800000000080e+01
6.619838400000000433e+01
6.462223200000001100e+01
7.250299200000000610e+01
6.304608000000000345e+01
6.935068800000000522e+01
7.092683999999999855e+01
8.195990400000000875e+01
7.723144800000000032e+01
7.250299199999999189e+01
6.935068800000000522e+01
6.619838400000000433e+01
6.146992800000001012e+01
6.935068800000000522e+01
5.989377600000000967e+01
6.462223200000001100e+01
5.674147200000000169e+01
5.201301600000000036e+01
7.407914399999999944e+01
8.195990400000000875e+01
6.462223199999999679e+01
7.565529599999999277e+01
7.407914399999999944e+01
5.516532000000000124e+01
5.674147200000000169e+01
6.304608000000001056e+01
5.674147200000000169e+01
7.092683999999999855e+01
5.831762400000000213e+01
6.304608000000000345e+01
5.674147200000000169e+01
7.407914399999999944e+01
6.777453599999999767e+01
6.146992799999999590e+01
5.201301600000000036e+01
5.989377600000000257e+01
6.462223199999999679e+01
6.304608000000000345e+01
5.831762400000000213e+01
5.358916800000000080e+01
5.043686400000000702e+01
7.092684000000001276e+01
7.880759999999999366e+01
7.565529600000000698e+01
5.358916800000000080e+01
6.146992800000000301e+01
5.674147200000000169e+01
5.201301600000000747e+01
6.146992800000000301e+01
6.462223199999999679e+01
6.777453599999999767e+01
6.146992799999999590e+01
6.304607999999999635e+01
6.619838400000000433e+01
4.570840800000000570e+01
5.358916800000000791e+01
5.989377600000000257e+01
4.097995199999999727e+01
4.413225599999999815e+01
5.674147200000000169e+01
7.092683999999999855e+01
5.516532000000000124e+01
7.407914399999999944e+01
6.777453599999999767e+01
6.777453599999999767e+01
6.935068800000000522e+01
7.250299199999999189e+01
8.195990399999999454e+01
6.146992799999999590e+01
5.989377600000000257e+01
5.831762400000000213e+01
5.516532000000000124e+01
7.565529599999999277e+01
6.304607999999999635e+01
5.201301600000000036e+01
7.407914400000001365e+01
4.570840799999999859e+01
6.619838400000000433e+01
6.777453599999999767e+01
5.989377600000000257e+01
5.516532000000000835e+01
4.570840799999999859e+01
5.831762400000000923e+01
5.831762400000000213e+01
6.777453599999999767e+01
6.146992800000000301e+01
6.935068800000000522e+01
5.831762400000000213e+01
6.304608000000000345e+01
6.935068800000000522e+01
5.516532000000000124e+01
5.989377600000000257e+01
6.462223199999999679e+01
6.304608000000000345e+01
5.201301600000000036e+01
5.674147200000000169e+01
5.989377600000000257e+01
4.097995200000000438e+01
5.989377600000000967e+01
4.886071199999999948e+01
5.674147200000000169e+01
6.304608000000000345e+01
6.304608000000000345e+01
7.880760000000000787e+01
5.516532000000000124e+01
5.831762400000000213e+01
4.413225600000000526e+01
5.831762400000000213e+01
5.516532000000000124e+01
6.304608000000000345e+01
6.777453599999999767e+01
5.516531999999999414e+01
6.935068800000000522e+01
7.092683999999999855e+01
5.516532000000000124e+01
7.250299200000000610e+01
5.989377600000000257e+01
6.935068800000000522e+01
7.250299199999999189e+01
5.358916800000000080e+01
6.146992800000000301e+01
6.146992799999999590e+01
5.201301600000000036e+01
6.304608000000000345e+01
5.201301600000000747e+01
6.304608000000000345e+01
5.674147200000000879e+01
6.304608000000000345e+01
5.989377599999999546e+01
4.570840799999999859e+01
5.989377600000000967e+01
4.255610400000000482e+01
7.250299200000000610e+01
6.619838400000000433e+01
6.619838400000000433e+01
6.304608000000000345e+01
5.201301600000000036e+01
7.092683999999999855e+01
6.146992800000000301e+01
5.831762400000000213e+01
5.201301600000000036e+01
5.989377600000000257e+01
6.304608000000000345e+01
6.462223199999999679e+01
7.092683999999999855e+01
4.097995199999999727e+01
7.092683999999999855e+01
5.674147200000000879e+01
6.304608000000000345e+01
5.831762400000000213e+01
6.619838400000000433e+01
6.304608000000000345e+01
5.358916800000000791e+01
5.516532000000000124e+01
4.413225600000000526e+01
4.728455999999999904e+01
6.304608000000000345e+01
5.674147200000000169e+01
5.201301600000000747e+01
5.358916800000000080e+01
7.092683999999999855e+01
5.358916800000000080e+01
5.201301600000000747e+01
4.728455999999999904e+01
5.358916800000000080e+01
3.782764799999999639e+01
5.043686399999999992e+01
3.309919200000000217e+01
5.989377600000000257e+01
5.201301600000000036e+01
4.097995199999999727e+01
5.674147200000000169e+01
5.831762400000000923e+01
5.831762400000000213e+01
5.358916800000000080e+01
2.679458400000000040e+01
4.255610400000000482e+01
5.358916800000000080e+01
5.201301600000000747e+01
5.831762400000000213e+01
5.358916800000000080e+01
5.516532000000000835e+01
6.146992799999999590e+01
5.674147200000000169e+01
5.989377600000000257e+01
4.886071199999999948e+01
4.413225600000000526e+01
7.092683999999999855e+01
5.358916800000000080e+01
6.146992799999999590e+01
4.570840799999999859e+01
4.097995200000000438e+01
4.097995199999999727e+01
4.886071200000000658e+01
6.935068800000000522e+01
6.304608000000000345e+01
4.728455999999999904e+01
3.940380000000000393e+01
5.201301600000000747e+01
4.886071200000000658e+01
5.358916800000000080e+01
5.043686399999999992e+01
5.831762400000000213e+01
4.570840800000000570e+01
5.358916800000000080e+01
2.048997599999999863e+01
4.886071199999999948e+01
6.462223200000001100e+01
6.619838400000000433e+01
4.570840800000000570e+01
4.728455999999999904e+01
5.043686399999999992e+01
4.413225600000000526e+01
5.201301600000000747e+01
7.565529600000000698e+01
3.625149600000000305e+01
4.413225599999999815e+01
3.309919200000000217e+01
5.516531999999999414e+01
4.097995199999999727e+01
5.989377600000000257e+01
5.831762400000000923e+01
3.940380000000000393e+01
5.043686399999999992e+01
5.516532000000000124e+01
5.358916800000000080e+01
4.413225599999999815e+01
3.152304000000000528e+01
4.570840800000000570e+01
4.413225600000000526e+01
4.413225599999999815e+01
4.570840799999999859e+01
5.201301600000000036e+01
4.255610400000000482e+01
4.886071200000000658e+01
4.570840800000000570e+01
4.728456000000000614e+01
5.043686399999999992e+01
3.940380000000000393e+01
4.097995200000000438e+01
4.570840800000000570e+01
3.625149600000000305e+01
7.407914399999999944e+01
4.255610400000000482e+01
4.728455999999999904e+01
5.516532000000000835e+01
4.255610400000000482e+01
4.097995200000000438e+01
4.255610400000000482e+01
4.097995199999999727e+01
4.413225599999999815e+01
4.886071200000000658e+01
3.152303999999999462e+01
4.413225600000000526e+01
4.413225600000000526e+01
2.994688800000000128e+01
1.733767200000000130e+01
3.152304000000000173e+01
4.097995200000000438e+01
1.733767200000000130e+01
3.309919200000000217e+01
3.625149600000000305e+01
4.886071199999999948e+01
2.679458400000000040e+01
4.728455999999999904e+01
4.728455999999999904e+01
3.625149600000000305e+01
4.728455999999999904e+01
4.728455999999999904e+01
3.940380000000000393e+01
3.309919200000000217e+01
4.097995199999999727e+01
3.309919200000000217e+01
3.940380000000000393e+01
3.467534399999999550e+01
1.576152000000000086e+01
3.625149600000000305e+01
4.570840800000000570e+01
3.467534400000000261e+01
4.728456000000000614e+01
4.097995199999999727e+01
3.625149600000000305e+01
3.152304000000000173e+01
4.097995200000000438e+01
4.097995200000000438e+01
2.994688800000000128e+01
0.000000000000000000e+00
2.679458400000000040e+01
4.097995199999999727e+01
3.782764800000000349e+01
2.837073600000000084e+01
3.467534400000000261e+01
4.413225599999999815e+01
3.467534400000000261e+01
2.206612799999999908e+01
2.364227999999999952e+01
3.309919200000000217e+01
3.782764799999999639e+01
3.467534400000000261e+01
3.940380000000000393e+01
3.309919200000000217e+01
3.940380000000000393e+01
3.309919200000000217e+01
2.206612800000000263e+01
2.048997599999999863e+01
2.521843199999999996e+01
3.467534400000000261e+01
3.625149600000000305e+01
4.413225599999999815e+01
5.043686400000000702e+01
3.152303999999999817e+01
3.782764800000000349e+01
3.467534400000000261e+01
2.048997600000000219e+01
1.891382400000000175e+01
3.782764800000000349e+01
2.364227999999999952e+01
3.625149600000000305e+01
2.364227999999999952e+01
2.837073600000000084e+01
4.255610399999999771e+01
3.467534399999999550e+01
4.413225599999999815e+01
6.462223199999999679e+01
4.728455999999999904e+01
3.782764800000000349e+01
5.201301600000000036e+01
5.358916800000000080e+01
2.521843199999999996e+01
1.891382399999999819e+01
3.467534400000000261e+01
2.521843199999999996e+01
2.364227999999999952e+01
4.097995199999999727e+01
2.364228000000000307e+01
3.309919200000000217e+01
4.255610400000000482e+01
2.837073600000000084e+01
3.152304000000000173e+01
4.728455999999999904e+01
3.309919200000000217e+01
2.679458400000000040e+01
3.152304000000000173e+01
4.097995199999999727e+01
2.521843199999999996e+01
3.782764800000000349e+01
2.206612799999999908e+01
3.309919200000000217e+01
3.309919200000000217e+01
2.521843199999999996e+01
2.837073600000000084e+01
2.364227999999999952e+01
2.994688800000000128e+01
3.625149600000000305e+01
3.152304000000000173e+01
2.994688800000000484e+01
5.201301600000000747e+01
4.886071200000000658e+01
5.043686399999999992e+01
4.255610399999999771e+01
3.309919200000000217e+01
2.206612799999999908e+01
2.994688800000000128e+01
3.782764800000000349e+01
3.625149600000000305e+01
4.570840800000000570e+01
4.255610400000000482e+01
2.679458400000000040e+01
3.309919200000000217e+01
4.413225599999999815e+01
3.467534400000000261e+01
4.097995199999999727e+01
3.782764799999999639e+01
3.467534400000000261e+01
2.364227999999999952e+01
3.467534400000000261e+01
3.940380000000000393e+01
2.679458400000000040e+01
4.255610400000000482e+01
2.206612799999999908e+01
4.097995199999999727e+01
4.097995199999999727e+01
4.728456000000000614e+01
5.516531999999999414e+01
3.309919200000000217e+01
2.837073600000000084e+01
3.309919200000000217e+01
4.255610400000000482e+01
3.152304000000000173e+01
3.782764800000000349e+01
4.728456000000000614e+01
2.364228000000000307e+01
2.679458400000000040e+01
2.679458400000000040e+01
4.255610400000000482e+01
4.097995199999999727e+01
4.570840800000000570e+01
4.413225600000000526e+01
3.309919200000000217e+01
3.152304000000000173e+01
2.679458400000000040e+01
4.255610400000000482e+01
2.994688800000000128e+01
2.837073599999999729e+01
3.467534399999999550e+01
3.782764799999999639e+01
3.309919200000000217e+01
4.255610400000000482e+01
3.940380000000000393e+01
3.625149600000000305e+01
2.994688800000000128e+01
3.467534400000000261e+01
2.837073600000000084e+01
4.097995199999999727e+01
2.521843199999999996e+01
2.048997600000000219e+01
2.679458400000000040e+01
2.837073600000000084e+01
3.467534399999999550e+01
4.255610400000000482e+01
3.782764800000000349e+01
3.940380000000000393e+01
2.994688800000000128e+01
2.994688800000000484e+01
3.625149600000000305e+01
2.679458400000000040e+01
3.782764799999999639e+01
2.206612800000000263e+01
3.152303999999999817e+01
3.152304000000000173e+01
3.625149600000000305e+01
3.782764800000000349e+01
3.625149600000000305e+01
2.521843199999999996e+01
2.364227999999999952e+01
4.255610400000000482e+01
4.097995199999999727e+01
3.152304000000000173e+01
9.456912000000000873e+00
3.309919200000000217e+01
4.570840800000000570e+01
3.940380000000000393e+01
3.782764800000000349e+01
2.837073600000000084e+01
3.625149600000000305e+01
3.467534400000000261e+01
4.413225599999999815e+01
4.097995200000000438e+01
3.152304000000000173e+01
3.467534400000000261e+01
3.625149600000000305e+01
4.255610400000000482e+01
3.782764799999999639e+01
2.364227999999999952e+01
3.940380000000000393e+01
2.837073600000000084e+01
3.782764800000000349e+01
4.570840800000000570e+01
3.152304000000000173e+01
3.782764800000000349e+01
2.837073600000000084e+01
3.309919200000000217e+01
4.413225599999999815e+01
3.940380000000000393e+01
3.782764800000000349e+01
2.521843199999999996e+01
3.940379999999999683e+01
4.728456000000000614e+01
3.467534400000000261e+01
2.837073600000000084e+01
3.940380000000000393e+01
4.097995199999999727e+01
3.309919200000000217e+01
3.782764799999999639e+01
4.097995199999999727e+01
4.097995199999999727e+01
3.152304000000000173e+01
4.097995200000000438e+01
2.521843199999999996e+01
2.837073600000000084e+01
2.837073600000000084e+01
3.309919200000000217e+01
3.625149599999999595e+01
3.782764800000000349e+01
3.309919200000000217e+01
4.255610400000000482e+01
4.255610400000000482e+01
3.625149600000000305e+01
3.625149600000000305e+01
2.364227999999999952e+01
3.152304000000000173e+01
4.255610400000000482e+01
3.940380000000000393e+01
3.940380000000000393e+01
3.309919200000000217e+01
3.782764799999999639e+01
3.309919200000000217e+01
3.625149600000000305e+01
3.467534400000000261e+01
3.467534400000000261e+01
4.413225599999999815e+01
3.940380000000000393e+01
3.467534400000000261e+01
3.625149600000000305e+01
2.521843199999999996e+01
3.940380000000000393e+01
4.255610400000000482e+01
3.940380000000000393e+01
5.201301599999999326e+01
3.309919200000000217e+01
4.255610400000000482e+01
4.255610400000000482e+01
2.994688800000000128e+01
5.201301600000000036e+01
4.570840800000000570e+01
3.467534400000000261e+01
3.940380000000000393e+01
3.782764800000000349e+01
2.994688800000000484e+01
4.097995200000000438e+01
4.413225599999999815e+01
3.782764799999999639e+01
5.201301599999999326e+01
3.467534400000000261e+01
3.309919200000000217e+01
3.152304000000000528e+01
3.782764799999999639e+01
3.625149600000000305e+01
2.994688800000000128e+01
2.837073600000000084e+01
3.940380000000000393e+01
3.309919200000000217e+01
3.940380000000000393e+01
4.097995200000000438e+01
3.782764800000000349e+01
1.576152000000000086e+01
2.521843199999999996e+01
3.467534400000000261e+01
4.886071200000000658e+01
2.521843199999999996e+01
4.255610400000000482e+01
4.097995200000000438e+01
3.782764799999999639e+01
3.625149600000000305e+01
3.309919200000000217e+01
4.413225600000000526e+01
2.206612800000000263e+01
3.467534400000000261e+01
3.625149600000000305e+01
3.940380000000000393e+01
3.309919200000000217e+01
3.309919200000000217e+01
3.152304000000000528e+01
2.364228000000000307e+01
1.260921600000000176e+01
1.576151999999999731e+01
3.467534400000000261e+01
2.994688800000000128e+01
4.728455999999999904e+01
3.152303999999999817e+01
4.413225599999999815e+01
4.728455999999999904e+01
3.782764799999999639e+01
2.994688800000000128e+01
4.413225599999999815e+01
2.206612799999999908e+01
3.940380000000000393e+01
4.728455999999999904e+01
2.837073600000000084e+01
2.206612799999999908e+01
4.097995200000000438e+01
3.625149600000000305e+01
3.467534400000000261e+01
3.782764799999999639e+01
3.309919200000000217e+01
1.891382400000000175e+01
2.837073600000000440e+01
2.521843199999999996e+01
2.837073600000000084e+01
2.048997599999999863e+01
4.097995200000000438e+01
2.994688800000000128e+01
3.152304000000000173e+01
2.206612799999999908e+01
3.467534399999999550e+01
3.467534400000000261e+01
3.309919200000000217e+01
3.152304000000000173e+01
2.206612799999999908e+01
3.940380000000000393e+01
3.625149600000000305e+01
2.679458400000000040e+01
3.309919200000000217e+01
4.255610400000000482e+01
3.309919200000000217e+01
3.940380000000000393e+01
2.679458400000000040e+01
2.364228000000000307e+01
3.625149600000000305e+01
3.625149600000000305e+01
1.891382399999999819e+01
2.206612799999999908e+01
3.940380000000000393e+01
1.733767200000000130e+01
3.309919200000000217e+01
2.994688800000000128e+01
4.097995200000000438e+01
4.886071200000000658e+01
4.097995199999999727e+01
3.152304000000000173e+01
2.521843200000000706e+01
3.940380000000000393e+01
3.782764800000000349e+01
2.994688800000000128e+01
2.521843199999999996e+01
3.782764800000000349e+01
2.364227999999999952e+01
2.521843199999999996e+01
2.679458400000000040e+01
3.309919200000000217e+01
4.413225599999999815e+01
4.413225599999999815e+01
3.782764800000000349e+01
2.521843199999999996e+01
2.837073600000000084e+01
4.728455999999999904e+01
2.521843199999999996e+01
2.994688800000000128e+01
3.940380000000000393e+01
3.309919200000000217e+01
2.994688800000000484e+01
5.989377600000000257e+01
4.413225599999999815e+01
4.413225600000000526e+01
4.097995199999999727e+01
2.048997599999999863e+01
2.048997599999999863e+01
2.837073600000000084e+01
2.048997600000000219e+01
3.309919200000000217e+01
3.625149600000000305e+01
3.782764800000000349e+01
2.837073600000000440e+01
3.309919200000000217e+01
3.467534400000000261e+01
2.994688800000000128e+01
3.309919200000000217e+01
3.467534400000000261e+01
4.886071200000000658e+01
2.679458400000000395e+01
3.467534400000000261e+01
4.413225599999999815e+01
2.994688800000000128e+01
2.994688800000000128e+01
2.206612799999999908e+01
4.413225599999999815e+01
2.206612800000000263e+01
2.206612800000000263e+01
3.782764799999999639e+01
3.625149600000000305e+01
4.097995200000000438e+01
3.782764800000000349e+01
2.994688800000000128e+01
3.467534400000000261e+01
2.837073600000000084e+01
2.994688800000000128e+01
4.255610400000000482e+01
2.364228000000000307e+01
1.576152000000000086e+01
6.304608000000001766e+00
3.625149600000000305e+01
3.309919200000000217e+01
1.891382399999999819e+01
2.994688800000000128e+01
3.152304000000000173e+01
4.886071200000000658e+01
3.625149600000000305e+01
3.940380000000000393e+01
3.309919200000000217e+01
2.679458400000000040e+01
2.837073599999999729e+01
2.206612800000000263e+01
3.940380000000000393e+01
2.679458400000000040e+01
3.309919200000000217e+01
3.940380000000000393e+01
2.679458400000000040e+01
2.837073600000000084e+01
4.255610400000000482e+01
3.940380000000000393e+01
4.728456000000000614e+01
3.940380000000000393e+01
3.782764799999999639e+01
3.152304000000000173e+01
1.891382399999999819e+01
3.625149600000000305e+01
2.521843199999999996e+01
2.837073600000000084e+01
2.521843199999999996e+01
3.625149600000000305e+01
4.097995199999999727e+01
4.413225599999999815e+01
3.309919200000000217e+01
3.625149600000000305e+01
2.994688800000000128e+01
3.309919200000000217e+01
3.152304000000000173e+01
3.152303999999999817e+01
3.309919200000000217e+01
2.994688800000000128e+01
2.994688800000000128e+01
3.467534400000000261e+01
1.418536800000000042e+01
2.837073600000000084e+01
5.043686399999999992e+01
4.097995199999999727e+01
3.625149600000000305e+01
3.940380000000000393e+01
2.206612799999999908e+01
3.782764800000000349e+01
3.152304000000000173e+01
3.309919200000000217e+01
3.309919200000000217e+01
3.625149600000000305e+01
4.255610400000000482e+01
3.467534400000000261e+01
4.097995199999999727e+01
3.309919200000000217e+01
2.206612800000000263e+01
3.467534399999999550e+01
2.364227999999999952e+01
3.152304000000000173e+01
2.994688800000000484e+01
3.309919200000000217e+01
3.940380000000000393e+01
4.413225600000000526e+01
4.570840800000000570e+01
2.679458400000000040e+01
2.994688800000000128e+01
3.467534399999999550e+01
3.782764800000000349e+01
1.260921599999999998e+01
2.206612799999999908e+01
3.152304000000000173e+01
3.152304000000000173e+01
2.994688800000000128e+01
3.309919200000000217e+01
4.255610400000000482e+01
3.309919200000000217e+01
3.625149600000000305e+01
3.625149600000000305e+01
2.994688800000000128e+01
2.679458400000000040e+01
1.418536800000000220e+01
3.152304000000000173e+01
3.782764799999999639e+01
2.521843199999999996e+01
3.625149600000000305e+01
2.837073600000000084e+01
4.728456000000000614e+01
3.467534399999999550e+01
2.994688800000000128e+01
3.152304000000000173e+01
3.940380000000000393e+01
2.994688800000000128e+01
4.097995199999999727e+01
4.886071200000000658e+01
1.891382399999999819e+01
6.304608000000001766e+00
3.940380000000000393e+01
3.625149600000000305e+01
2.521843199999999996e+01
4.413225599999999815e+01
2.994688800000000128e+01
2.994688800000000128e+01
2.994688800000000128e+01
2.837073600000000084e+01
3.940380000000000393e+01
3.625149600000000305e+01
3.940380000000000393e+01
4.886071200000000658e+01
3.152304000000000173e+01
4.728455999999999904e+01
3.309919200000000217e+01
3.625149600000000305e+01
1.418536800000000042e+01
1.891382400000000175e+01
4.255610400000000482e+01
3.625149600000000305e+01
3.782764800000000349e+01
3.625149600000000305e+01
2.364227999999999952e+01
4.097995200000000438e+01
4.255610400000000482e+01
5.043686400000000702e+01
3.152304000000000173e+01
2.679458400000000040e+01
2.837073599999999729e+01
2.521843199999999996e+01
4.413225600000000526e+01
4.097995199999999727e+01
2.206612800000000263e+01
3.625149600000000305e+01
4.728455999999999904e+01
2.521843199999999996e+01
2.837073600000000084e+01
3.940380000000000393e+01
3.782764800000000349e+01
2.206612800000000618e+01
3.467534400000000261e+01
3.467534399999999550e+01
4.097995199999999727e+01
3.152304000000000173e+01
2.837073600000000440e+01
1.891382400000000175e+01
7.880760000000000431e+00
3.782764800000000349e+01
4.255610400000000482e+01
3.152304000000000173e+01
3.152304000000000173e+01
3.940380000000000393e+01
2.994688800000000128e+01
3.625149600000000305e+01
3.467534400000000261e+01
3.940379999999999683e+01
3.309919200000000217e+01
2.837073600000000084e+01
2.837073600000000084e+01
4.570840799999999859e+01
4.728455999999999904e+01
1.260921599999999998e+01
2.679458400000000040e+01
4.570840800000000570e+01
3.782764799999999639e+01
3.467534400000000261e+01
3.152304000000000173e+01
4.570840800000000570e+01
3.940380000000000393e+01
4.413225600000000526e+01
3.940380000000000393e+01
3.467534400000000261e+01
3.940380000000000393e+01
3.940380000000000393e+01
3.782764799999999639e+01
2.679458400000000040e+01
3.782764800000000349e+01
4.728456000000000614e+01
2.048997600000000219e+01
3.782764799999999639e+01
3.940380000000000393e+01
3.782764799999999639e+01
3.940380000000000393e+01
3.309919200000000217e+01
2.679458400000000040e+01
3.309919200000000217e+01
3.940380000000000393e+01
4.255610400000000482e+01
3.782764799999999639e+01
3.940380000000000393e+01
4.413225600000000526e+01
3.309919200000000217e+01
2.364228000000000307e+01
4.097995200000000438e+01
3.782764799999999639e+01
2.994688800000000128e+01
3.152304000000000173e+01
3.940380000000000393e+01
3.152304000000000173e+01
2.837073600000000084e+01
5.043686399999999992e+01
4.413225600000000526e+01
3.782764799999999639e+01
4.728455999999999904e+01
2.364227999999999952e+01
2.364227999999999952e+01
4.728455999999999904e+01
2.521843199999999996e+01
4.413225599999999815e+01
4.413225599999999815e+01
3.467534399999999550e+01
4.886071200000000658e+01
3.625149600000000305e+01
3.782764800000000349e+01
2.837073600000000084e+01
2.679458400000000040e+01
3.309919200000000217e+01
4.097995200000000438e+01
2.679458400000000040e+01
2.994688800000000128e+01
3.309919200000000217e+01
3.309919200000000217e+01
3.467534399999999550e+01
4.570840800000000570e+01
3.940379999999999683e+01
3.152304000000000173e+01
3.309919200000000217e+01
3.152304000000000173e+01
3.152304000000000528e+01
3.625149600000000305e+01
3.152304000000000173e+01
3.782764800000000349e+01
3.782764800000000349e+01
3.152304000000000173e+01
2.206612800000000263e+01
2.521843199999999996e+01
4.570840800000000570e+01
3.940380000000000393e+01
2.364227999999999952e+01
1.891382399999999819e+01
2.048997599999999863e+01
2.364227999999999952e+01
3.625149600000000305e+01
5.674147200000000169e+01
5.358916800000000080e+01
3.625149600000000305e+01
2.837073600000000440e+01
2.837073600000000084e+01
3.625149600000000305e+01
2.837073600000000084e+01
3.625149600000000305e+01
2.837073599999999729e+01
3.782764800000000349e+01
3.782764799999999639e+01
4.570840800000000570e+01
3.152304000000000173e+01
3.309919200000000217e+01
3.782764800000000349e+01
3.152304000000000173e+01
3.467534400000000261e+01
3.309919200000000217e+01
4.570840800000000570e+01
3.152304000000000173e+01
2.679458400000000040e+01
2.048997600000000219e+01
3.782764800000000349e+01
3.309919200000000217e+01
1.891382399999999819e+01
1.733767200000000130e+01
4.097995199999999727e+01
4.255610399999999771e+01
5.043686399999999992e+01
3.309919200000000217e+01
3.940380000000000393e+01
2.994688800000000128e+01
2.994688800000000128e+01
4.255610400000000482e+01
2.837073600000000084e+01
3.309919200000000217e+01
2.994688800000000484e+01
2.837073600000000084e+01
3.940380000000000393e+01
2.837073600000000084e+01
4.097995200000000438e+01
4.886071199999999948e+01
4.097995199999999727e+01
4.570840799999999859e+01
3.625149600000000305e+01
2.837073600000000084e+01
2.837073600000000084e+01
7.880760000000001320e+00
2.364227999999999952e+01
2.679458400000000040e+01
3.625149600000000305e+01
2.206612800000000263e+01
3.625149600000000305e+01
4.097995199999999727e+01
3.467534400000000261e+01
3.625149600000000305e+01
4.886071200000000658e+01
4.097995199999999727e+01
3.625149600000000305e+01
2.679458400000000040e+01
2.206612799999999908e+01
1.733767200000000486e+01
3.782764800000000349e+01
2.994688800000000128e+01
3.467534400000000261e+01
4.097995199999999727e+01
4.255610400000000482e+01
4.570840800000000570e+01
2.994688800000000128e+01
3.782764800000000349e+01
2.206612800000000263e+01
2.994688800000000128e+01
2.837073600000000084e+01
3.309919200000000217e+01
3.940380000000000393e+01
4.728455999999999904e+01
3.625149600000000305e+01
3.782764799999999639e+01
2.364228000000000307e+01
3.467534399999999550e+01
3.625149600000000305e+01
3.782764799999999639e+01
1.733767200000000130e+01
1.733767200000000130e+01
2.994688800000000128e+01
2.521843199999999996e+01
3.625149600000000305e+01
4.886071200000000658e+01
3.625149600000000305e+01
1.733767200000000130e+01
3.309919200000000217e+01
2.994688800000000128e+01
3.309919200000000217e+01
4.255610400000000482e+01
2.206612799999999908e+01
2.679458400000000040e+01
3.782764800000000349e+01
2.994688800000000128e+01
3.309919200000000217e+01
4.255610400000000482e+01
3.467534400000000261e+01
3.782764799999999639e+01
5.674147200000000169e+01
3.940380000000000393e+01
2.837073600000000084e+01
3.152304000000000173e+01
2.679458400000000395e+01
3.309919200000000217e+01
3.152304000000000173e+01
4.255610399999999771e+01
3.467534400000000261e+01
2.679458400000000040e+01
2.679458400000000395e+01
2.994688800000000128e+01
4.886071200000000658e+01
3.940380000000000393e+01
3.152303999999999817e+01
3.940380000000000393e+01
3.940380000000000393e+01
1.891382399999999819e+01
2.994688800000000128e+01
5.516532000000000835e+01
3.152304000000000173e+01
2.364227999999999952e+01
3.782764799999999639e+01
4.097995199999999727e+01
2.837073599999999729e+01
2.679458400000000040e+01
4.570840800000000570e+01
2.521843199999999996e+01
3.625149600000000305e+01
4.728456000000000614e+01
2.679458400000000040e+01
2.679458400000000040e+01
3.782764799999999639e+01
3.625149600000000305e+01
2.048997600000000219e+01
3.309919200000000217e+01
2.837073600000000084e+01
4.255610400000000482e+01
3.940380000000000393e+01
4.255610400000000482e+01
3.467534400000000261e+01
3.940380000000000393e+01
3.467534400000000261e+01
3.152304000000000173e+01
3.309919200000000217e+01
3.625149600000000305e+01
3.940380000000000393e+01
3.467534400000000261e+01
2.994688800000000128e+01
2.364227999999999952e+01
4.728455999999999904e+01
3.152304000000000173e+01
3.152304000000000173e+01
2.837073600000000084e+01
2.521843199999999996e+01
4.255610400000000482e+01
4.570840800000000570e+01
3.625149600000000305e+01
3.152304000000000173e+01
2.837073599999999729e+01
2.994688800000000484e+01
3.467534400000000261e+01
3.782764800000000349e+01
4.255610400000000482e+01
3.625149600000000305e+01
3.309919200000000217e+01
3.152304000000000173e+01
3.940380000000000393e+01
2.048997599999999863e+01
2.994688800000000484e+01
2.364228000000000307e+01
2.994688800000000128e+01
2.679458400000000040e+01
2.837073600000000084e+01
2.837073600000000084e+01
4.728455999999999904e+01
4.413225600000000526e+01
3.467534400000000261e+01
4.728456000000000614e+01
3.309919200000000217e+01
3.152304000000000173e+01
1.891382400000000175e+01
2.679458400000000040e+01
3.309919200000000217e+01
2.837073600000000084e+01
4.097995200000000438e+01
2.521843199999999996e+01
2.679458400000000040e+01
2.521843199999999996e+01
4.255610400000000482e+01
4.097995199999999727e+01
3.467534400000000261e+01
4.097995199999999727e+01
3.625149600000000305e+01
4.413225599999999815e+01
2.837073600000000084e+01
2.048997600000000219e+01
3.782764800000000349e+01
3.940380000000000393e+01
3.782764799999999639e+01
3.152304000000000528e+01
2.679458400000000040e+01
2.837073599999999729e+01
4.570840800000000570e+01
4.886071200000000658e+01
3.309919200000000217e+01
2.837073600000000084e+01
2.994688800000000128e+01
4.097995199999999727e+01
2.206612799999999908e+01
2.521843199999999996e+01
2.994688800000000128e+01
2.837073600000000084e+01
4.728456000000000614e+01
3.152304000000000173e+01
2.364227999999999952e+01
2.048997600000000219e+01
2.679458400000000040e+01
3.152304000000000528e+01
2.679458400000000040e+01
3.309919200000000217e+01
3.467534400000000261e+01
3.625149600000000305e+01
2.364227999999999952e+01
4.097995199999999727e+01
3.467534400000000261e+01
2.206612800000000263e+01
2.521843199999999996e+01
2.521843199999999996e+01
2.994688800000000128e+01
2.521843200000000706e+01
2.837073600000000084e+01
3.940380000000000393e+01
2.364228000000000307e+01
2.679458400000000040e+01
2.837073600000000084e+01
2.994688800000000128e+01
4.728455999999999904e+01
3.625149600000000305e+01
2.837073600000000084e+01
2.206612799999999908e+01
3.782764800000000349e+01
3.625149600000000305e+01
4.097995199999999727e+01
3.152304000000000173e+01
4.097995199999999727e+01
2.521843199999999996e+01
2.837073600000000084e+01
2.837073600000000084e+01
2.837073600000000084e+01
2.521843199999999996e+01
4.097995199999999727e+01
4.097995199999999727e+01
2.679458400000000040e+01
2.837073600000000084e+01
2.679458400000000040e+01
3.309919200000000217e+01
3.152304000000000173e+01
2.521843199999999996e+01
2.837073600000000084e+01
2.521843199999999996e+01
2.521843199999999996e+01
3.309919200000000217e+01
3.940380000000000393e+01
3.782764799999999639e+01
4.097995199999999727e+01
3.152304000000000173e+01
3.467534400000000261e+01
1.733767200000000130e+01
1.733767199999999775e+01
2.048997599999999863e+01
3.152304000000000173e+01
3.467534400000000261e+01
2.364227999999999952e+01
2.837073600000000084e+01
2.994688800000000128e+01
3.625149600000000305e+01
4.255610400000000482e+01
2.048997599999999863e+01
4.728455999999999904e+01
3.625149600000000305e+01
2.837073600000000084e+01
1.733767200000000130e+01
3.309919200000000217e+01
4.413225599999999815e+01
4.413225599999999815e+01
3.782764799999999639e+01
2.837073599999999729e+01
3.152303999999999817e+01
2.679458400000000040e+01
2.206612800000000263e+01
3.152304000000000173e+01
3.467534400000000261e+01
4.886071200000000658e+01
3.782764800000000349e+01
2.206612799999999908e+01
3.309919200000000217e+01
3.309919200000000217e+01
4.255610400000000482e+01
2.521843199999999996e+01
2.679458400000000040e+01
2.364227999999999952e+01
2.521843199999999996e+01
4.255610400000000482e+01
2.206612799999999908e+01
2.679458400000000040e+01
4.255610400000000482e+01
4.097995200000000438e+01
3.625149600000000305e+01
4.413225599999999815e+01
4.097995200000000438e+01
2.679458400000000040e+01
1.891382399999999819e+01
3.625149600000000305e+01
3.625149600000000305e+01
3.309919200000000217e+01
3.309919200000000217e+01
2.679458400000000040e+01
2.994688800000000128e+01
2.994688800000000128e+01
4.413225599999999815e+01
3.782764800000000349e+01
3.467534400000000261e+01
2.048997599999999863e+01
2.364228000000000307e+01
4.728455999999999904e+01
3.152304000000000173e+01
2.521843199999999996e+01
2.837073600000000084e+01
2.364227999999999952e+01
3.782764800000000349e+01
3.467534400000000261e+01
3.309919200000000217e+01
1.733767200000000130e+01
3.309919200000000217e+01
4.570840800000000570e+01
2.837073600000000084e+01
4.728455999999999904e+01
3.467534400000000261e+01
2.994688800000000128e+01
3.467534399999999550e+01
2.679458400000000040e+01
1.891382400000000175e+01
2.837073600000000084e+01
3.309919200000000217e+01
2.679458400000000040e+01
-1.576152000000000442e+00
1.418536800000000042e+01
2.521843200000000351e+01
2.837073600000000084e+01
4.728455999999999904e+01
3.625149600000000305e+01
2.837073600000000084e+01
2.206612800000000263e+01
3.782764799999999639e+01
5.358916800000000080e+01
3.152304000000000173e+01
3.625149600000000305e+01
5.043686399999999992e+01
4.255610400000000482e+01
3.152304000000000173e+01
2.994688800000000128e+01
4.255610400000000482e+01
4.255610400000000482e+01
3.467534400000000261e+01
3.467534400000000261e+01
3.625149600000000305e+01
2.521843199999999996e+01
3.152304000000000173e+01
3.309919200000000217e+01
4.255610399999999771e+01
2.521843199999999996e+01
3.309919200000000217e+01
2.837073600000000084e+01
3.467534400000000261e+01
2.679458400000000040e+01
4.255610399999999771e+01
3.309919200000000217e+01
1.576152000000000086e+01
3.940380000000000393e+01
2.994688800000000128e+01
2.206612800000000263e+01
2.206612799999999908e+01
2.521843199999999996e+01
4.097995199999999727e+01
3.152304000000000173e+01
3.940380000000000393e+01
3.467534399999999550e+01
4.097995200000000438e+01
3.309919200000000217e+01
3.940380000000000393e+01
3.625149600000000305e+01
2.994688800000000128e+01
3.309919200000000217e+01
4.255610400000000482e+01
3.309919200000000217e+01
2.679458400000000040e+01
2.364227999999999952e+01
2.679458400000000040e+01
2.837073600000000084e+01
2.837073600000000084e+01
1.260921599999999820e+01
3.782764800000000349e+01
4.413225600000000526e+01
5.043686399999999992e+01
4.097995199999999727e+01
4.413225599999999815e+01
2.837073600000000084e+01
1.733767200000000130e+01
4.255610400000000482e+01
4.097995199999999727e+01
3.467534400000000261e+01
3.152303999999999817e+01
4.255610400000000482e+01
3.940380000000000393e+01
2.837073600000000084e+01
2.994688800000000128e+01
3.782764800000000349e+01
6.304608000000001766e+00
2.837073599999999729e+01
3.309919200000000217e+01
2.679458400000000040e+01
4.255610400000000482e+01
3.309919200000000217e+01
2.048997600000000219e+01
3.625149600000000305e+01
3.467534400000000261e+01
3.940380000000000393e+01
3.782764800000000349e+01
3.309919200000000217e+01
3.467534400000000261e+01
5.043686399999999992e+01
3.782764800000000349e+01
3.625149600000000305e+01
2.837073600000000084e+01
2.994688800000000128e+01
2.837073600000000084e+01
3.625149600000000305e+01
4.255610400000000482e+01
3.467534399999999550e+01
3.625149600000000305e+01
3.782764800000000349e+01
1.733767199999999775e+01
3.782764800000000349e+01
3.309919200000000217e+01
2.837073600000000084e+01
3.625149600000000305e+01
3.467534399999999550e+01
3.309919200000000217e+01
3.782764799999999639e+01
2.994688800000000128e+01
2.679458400000000040e+01
3.467534400000000261e+01
2.994688800000000128e+01
2.048997599999999863e+01
3.152304000000000173e+01
3.309919200000000217e+01
3.152304000000000173e+01
3.467534400000000261e+01
3.940380000000000393e+01
3.309919200000000217e+01
3.782764800000000349e+01
3.467534399999999550e+01
3.625149600000000305e+01
3.467534399999999550e+01
2.048997599999999863e+01
2.206612799999999908e+01
2.364227999999999952e+01
4.413225599999999815e+01
3.467534400000000261e+01
3.467534400000000261e+01
2.994688800000000128e+01
3.625149600000000305e+01
2.679458400000000040e+01
3.625149600000000305e+01
1.576152000000000086e+01
2.837073600000000084e+01
2.521843199999999996e+01
3.309919200000000217e+01
1.418536800000000042e+01
2.364227999999999952e+01
4.255610400000000482e+01
3.309919200000000217e+01
3.309919200000000217e+01
2.364227999999999952e+01
2.994688800000000128e+01
1.733767200000000130e+01
1.103306399999999954e+01
2.364228000000000307e+01
1.891382400000000175e+01
3.467534400000000261e+01
2.679458400000000040e+01
3.152304000000000173e+01
3.467534400000000261e+01
2.521843199999999996e+01
2.679458400000000040e+01
2.994688800000000128e+01
1.891382400000000175e+01
4.097995199999999727e+01
3.309919200000000217e+01
4.097995200000000438e+01
3.309919200000000217e+01
3.625149600000000305e+01
1.733767200000000130e+01
3.309919200000000217e+01
2.837073600000000084e+01
4.255610400000000482e+01
4.097995199999999727e+01
2.364227999999999952e+01
1.418536800000000042e+01
3.309919200000000217e+01
3.782764800000000349e+01
3.782764800000000349e+01
3.152304000000000173e+01
2.994688800000000128e+01
1.576152000000000086e+01
2.837073600000000084e+01
2.837073600000000084e+01
4.570840800000000570e+01
2.048997599999999863e+01
2.679458400000000040e+01
2.994688800000000128e+01
2.364227999999999952e+01
2.837073600000000084e+01
3.309919200000000217e+01
3.782764799999999639e+01
3.940380000000000393e+01
2.521843200000000351e+01
1.891382400000000175e+01
2.994688800000000128e+01
2.521843199999999996e+01
3.152304000000000173e+01
2.679458400000000040e+01
2.521843199999999996e+01
3.309919200000000217e+01
2.679458400000000040e+01
2.364227999999999952e+01
3.152304000000000173e+01
3.309919200000000217e+01
2.837073600000000084e+01
1.891382400000000175e+01
3.467534400000000261e+01
3.309919200000000217e+01
2.364227999999999952e+01
2.364228000000000307e+01
2.521843199999999996e+01
3.467534400000000261e+01
2.837073600000000084e+01
3.782764800000000349e+01
2.994688800000000128e+01
3.309919200000000217e+01
2.521843199999999996e+01
3.152304000000000173e+01
1.418536799999999864e+01
2.679458400000000040e+01
3.467534400000000261e+01
2.679458400000000040e+01
2.837073600000000084e+01
2.206612799999999908e+01
3.625149600000000305e+01
2.994688800000000128e+01
2.994688800000000128e+01
3.152304000000000173e+01
2.837073600000000084e+01
2.679458400000000040e+01
2.521843200000000706e+01
4.097995200000000438e+01
2.679458400000000040e+01
1.891382399999999819e+01
3.625149600000000305e+01
4.255610400000000482e+01
3.782764800000000349e+01
3.467534399999999550e+01
2.679458400000000040e+01
2.206612800000000263e+01
2.837073600000000084e+01
2.679458400000000040e+01
2.994688800000000128e+01
3.625149600000000305e+01
3.625149600000000305e+01
2.048997599999999863e+01
3.152303999999999817e+01
2.994688800000000128e+01
3.309919200000000217e+01
2.521843199999999996e+01
2.679458400000000395e+01
3.152303999999999462e+01
2.521843200000000351e+01
2.206612800000000263e+01
2.994688800000000128e+01
3.625149600000000305e+01
1.103306400000000131e+01
1.103306400000000131e+01
2.679458400000000040e+01
2.048997600000000219e+01
9.456912000000000873e+00
2.521843199999999996e+01
3.782764800000000349e+01
2.679458400000000040e+01
3.940380000000000393e+01
2.994688800000000128e+01
3.467534400000000261e+01
1.891382400000000175e+01
2.837073600000000084e+01
2.206612799999999908e+01
2.364227999999999952e+01
2.994688800000000128e+01
2.364228000000000662e+01
3.782764799999999639e+01
3.309919200000000217e+01
4.886071200000000658e+01
3.309919200000000217e+01
2.994688800000000128e+01
2.521843199999999996e+01
4.570840800000000570e+01
4.570840800000000570e+01
2.679458400000000040e+01
2.206612799999999908e+01
1.418536800000000042e+01
3.467534399999999550e+01
2.679458400000000040e+01
3.467534400000000261e+01
2.206612799999999908e+01
3.625149600000000305e+01
3.152304000000000173e+01
3.309919200000000217e+01
2.994688800000000128e+01
2.521843199999999996e+01
4.255610400000000482e+01
3.309919200000000217e+01
2.837073600000000084e+01
4.097995199999999727e+01
3.467534400000000261e+01
3.782764799999999639e+01
3.309919200000000217e+01
2.837073600000000084e+01
3.782764799999999639e+01
3.309919200000000217e+01
3.309919200000000217e+01
2.994688800000000128e+01
2.837073600000000084e+01
2.206612800000000263e+01
1.891382399999999819e+01
2.679458400000000040e+01
2.048997599999999863e+01
2.206612799999999908e+01
4.097995199999999727e+01
2.837073600000000084e+01
1.891382400000000175e+01
3.152304000000000173e+01
1.260921599999999998e+01
2.364227999999999952e+01
2.837073600000000084e+01
2.206612799999999908e+01
3.625149600000000305e+01
1.418536800000000042e+01
2.521843199999999996e+01
1.418536800000000042e+01
3.152304000000000173e+01
3.782764800000000349e+01
2.679458400000000040e+01
2.521843199999999996e+01
2.679458400000000040e+01
3.309919200000000217e+01
1.733767200000000486e+01
5.201301600000000747e+01
2.837073600000000084e+01
3.467534400000000261e+01
2.206612799999999908e+01
2.679458400000000040e+01
1.733767199999999775e+01
2.994688800000000128e+01
2.679458400000000040e+01
3.940380000000000393e+01
3.467534400000000261e+01
1.891382399999999819e+01
1.733767200000000130e+01
3.309919200000000217e+01
3.152304000000000173e+01
1.733767200000000486e+01
6.304608000000001766e+00
1.891382399999999819e+01
2.521843199999999996e+01
3.152304000000000173e+01
3.152303999999999817e+01
2.364227999999999952e+01
4.570840800000000570e+01
3.309919200000000217e+01
2.994688800000000128e+01
2.837073600000000084e+01
2.206612799999999908e+01
2.679458400000000040e+01
2.364228000000000662e+01
2.521843199999999996e+01
1.260921599999999820e+01
1.891382400000000175e+01
1.103306400000000131e+01
2.521843199999999996e+01
3.309919200000000217e+01
1.418536800000000220e+01
3.940380000000000393e+01
1.733767199999999775e+01
2.521843200000000351e+01
3.625149600000000305e+01
3.152304000000000528e+01
2.994688800000000128e+01
3.152304000000000173e+01
3.782764800000000349e+01
1.733767200000000130e+01
2.837073600000000084e+01
3.467534399999999550e+01
2.364227999999999952e+01
3.625149600000000305e+01
4.255610400000000482e+01
3.625149600000000305e+01
2.837073600000000084e+01
2.048997600000000219e+01
3.152303999999999817e+01
2.521843199999999996e+01
3.467534400000000261e+01
3.940380000000000393e+01
2.521843199999999996e+01
1.576151999999999731e+01
1.576152000000000086e+01
3.782764800000000349e+01
2.364227999999999952e+01
9.456911999999999097e+00
1.891382399999999819e+01
2.994688800000000128e+01
2.679458400000000040e+01
1.576152000000000086e+01
3.782764800000000349e+01
2.994688800000000128e+01
3.152304000000000173e+01
2.994688800000000128e+01
2.837073600000000084e+01
2.679458400000000040e+01
2.679458400000000040e+01
2.364227999999999952e+01
2.994688800000000128e+01
2.206612799999999908e+01
2.837073600000000084e+01
3.782764800000000349e+01
1.733767199999999775e+01
2.994688800000000128e+01
2.679458400000000040e+01
3.940380000000000393e+01
2.048997599999999863e+01
2.048997599999999863e+01
2.837073600000000084e+01
2.679458400000000040e+01
3.309919200000000217e+01
3.467534400000000261e+01
3.625149600000000305e+01
3.467534399999999550e+01
3.152304000000000173e+01
2.521843199999999996e+01
2.521843199999999996e+01
2.837073600000000084e+01
1.260921600000000176e+01
2.364227999999999952e+01
2.206612799999999908e+01
1.733767199999999775e+01
3.467534400000000261e+01
3.625149600000000305e+01
3.152304000000000173e+01
2.837073600000000084e+01
2.048997600000000219e+01
1.733767200000000130e+01
2.679458400000000040e+01
1.576152000000000086e+01
2.206612799999999908e+01
3.309919200000000217e+01
3.782764799999999639e+01
1.891382400000000175e+01
3.467534400000000261e+01
1.576152000000000264e+01
2.994688800000000484e+01
7.880760000000000431e+00
3.309919200000000217e+01
1.418536799999999864e+01
2.679458400000000040e+01
2.994688800000000128e+01
2.206612800000000263e+01
2.679458400000000040e+01
1.891382399999999819e+01
3.152304000000000173e+01
2.994688800000000128e+01
2.048997599999999863e+01
9.456911999999999097e+00
1.891382400000000175e+01
3.940380000000000393e+01
3.782764800000000349e+01
2.206612799999999908e+01
2.206612799999999908e+01
3.152304000000000173e+01
2.206612799999999908e+01
2.206612800000000263e+01
2.837073600000000084e+01
2.364227999999999952e+01
2.048997600000000219e+01
4.255610400000000482e+01
3.152304000000000173e+01
2.679458400000000040e+01
2.837073600000000084e+01
4.255610399999999771e+01
4.097995199999999727e+01
3.467534400000000261e+01
2.994688800000000128e+01
3.152304000000000528e+01
2.994688800000000128e+01
3.152304000000000173e+01
4.413225599999999815e+01
3.467534400000000261e+01
1.733767200000000130e+01
2.521843200000000351e+01
3.152304000000000173e+01
2.206612800000000263e+01
1.733767200000000130e+01
2.994688800000000128e+01
1.891382399999999819e+01
4.097995200000000438e+01
2.521843200000000351e+01
2.837073600000000084e+01
3.625149600000000305e+01
7.880760000000000431e+00
1.576151999999999731e+01
1.891382399999999819e+01
2.206612799999999908e+01
3.309919200000000217e+01
2.521843199999999996e+01
1.733767200000000130e+01
3.152304000000000173e+01
4.255610400000000482e+01
4.097995199999999727e+01
2.521843200000000351e+01
2.521843199999999996e+01
1.103306399999999954e+01
1.260921599999999998e+01
2.048997599999999863e+01
3.152304000000000173e+01
2.679458400000000040e+01
1.891382399999999819e+01
2.364227999999999952e+01
1.891382400000000175e+01
2.837073600000000084e+01
2.994688800000000128e+01
3.309919200000000217e+01
1.418536800000000042e+01
2.679458400000000040e+01
2.364228000000000307e+01
4.570840800000000570e+01
2.364228000000000307e+01
3.782764799999999639e+01
2.521843199999999996e+01
2.364228000000000307e+01
2.837073600000000084e+01
2.679458400000000040e+01
1.418536800000000042e+01
3.152304000000000173e+01
1.418536800000000042e+01
3.152304000000000173e+01
2.364227999999999952e+01
2.994688800000000128e+01
3.152304000000000173e+01
3.782764800000000349e+01
3.625149600000000305e+01
2.364227999999999952e+01
2.679458400000000040e+01
2.206612800000000263e+01
2.364227999999999952e+01
2.837073600000000084e+01
2.364227999999999952e+01
3.152304000000000173e+01
3.309919200000000217e+01
1.418536800000000220e+01
3.152304000000000173e+01
2.206612799999999908e+01
1.733767200000000130e+01
3.309919200000000217e+01
3.309919200000000217e+01
2.521843199999999996e+01
3.782764800000000349e+01
1.733767200000000130e+01
2.364227999999999952e+01
3.940380000000000393e+01
2.364227999999999952e+01
9.456911999999999097e+00
2.206612799999999908e+01
2.679458400000000040e+01
2.206612799999999908e+01
1.576152000000000086e+01
2.364227999999999952e+01
3.625149600000000305e+01
2.837073599999999729e+01
3.152304000000000173e+01
2.048997599999999863e+01
3.309919200000000217e+01
1.103306399999999954e+01
1.891382399999999819e+01
4.097995200000000438e+01
4.413225600000000526e+01
2.679458400000000040e+01
2.364227999999999952e+01
3.309919200000000217e+01
3.309919200000000217e+01
2.837073600000000084e+01
2.206612799999999908e+01
3.309919200000000217e+01
3.309919200000000217e+01
1.891382399999999819e+01
3.782764800000000349e+01
2.364227999999999952e+01
1.103306399999999954e+01
2.364227999999999952e+01
3.625149600000000305e+01
3.625149600000000305e+01
1.576152000000000086e+01
3.940380000000000393e+01
3.309919200000000217e+01
3.625149600000000305e+01
6.462223199999999679e+01
8.511220800000000963e+01
1.560390480000000366e+02
2.175089759999999899e+02
2.837073600000000511e+02
4.066472160000000144e+02
3.577865040000000363e+02
3.199588560000000257e+02
3.057734879999999862e+02
2.789789040000000568e+02
2.742504480000000058e+02
2.789789040000000000e+02
2.663696879999999965e+02
2.490320159999999987e+02
2.584889279999999872e+02
2.427274079999999969e+02
2.584889280000000440e+02
2.127805199999999957e+02
2.301181919999999934e+02
2.222374319999999841e+02
2.332704959999999801e+02
2.206612800000000050e+02
2.143566720000000316e+02
1.907143920000000037e+02
2.033236080000000072e+02
1.875620880000000170e+02
1.859859360000000095e+02
1.938666960000000188e+02
1.796813280000000361e+02
1.450059840000000122e+02
1.465821360000000197e+02
1.544628960000000006e+02
1.481582879999999989e+02
1.497344400000000064e+02
1.450059839999999838e+02
1.339729199999999878e+02
1.213637039999999985e+02
1.308206160000000295e+02
1.213637040000000127e+02
1.166352479999999900e+02
1.213637039999999985e+02
9.929757600000002071e+01
1.182113999999999976e+02
1.056021839999999941e+02
1.040260320000000149e+02
1.008737279999999856e+02
9.929757600000002071e+01
1.134829440000000034e+02
1.040260320000000007e+02
9.299296800000001895e+01
6.935068800000000522e+01
9.456911999999999807e+01
8.511220799999998121e+01
8.826451200000001052e+01
8.511220800000000963e+01
7.250299200000000610e+01
8.984066400000000385e+01
8.826451199999999631e+01
9.456911999999999807e+01
7.723144800000000032e+01
7.565529600000000698e+01
7.092684000000001276e+01
7.407914399999999944e+01
7.723144800000000032e+01
6.777453599999999767e+01
6.462223199999999679e+01
5.989377600000000967e+01
6.619838400000000433e+01
6.146992800000001012e+01
6.935068800000000522e+01
6.146992800000000301e+01
6.619838400000000433e+01
5.043686399999999992e+01
5.201301600000000036e+01
4.097995200000000438e+01
4.413225599999999105e+01
5.516532000000000124e+01
5.201301599999999326e+01
4.413225599999999815e+01
5.201301600000000036e+01
4.886071199999999948e+01
4.255610399999999061e+01
6.304607999999998924e+01
5.516531999999999414e+01
4.413225600000001236e+01
5.831762400000000923e+01
4.097995199999999727e+01
4.570840799999999859e+01
4.255610399999999771e+01
3.782764799999999639e+01
4.255610399999999771e+01
5.201301599999999326e+01
5.043686399999999992e+01
3.467534400000000261e+01
4.728455999999999904e+01
4.570840799999999149e+01
5.201301600000000747e+01
5.358916800000000080e+01
4.886071200000000658e+01
5.358916800000000791e+01
3.782764800000000349e+01
4.886071199999999237e+01
4.097995199999999727e+01
1.891382400000000530e+01
4.255610400000000482e+01
5.989377599999998836e+01
5.516532000000000835e+01
4.413225599999999815e+01
4.413225599999999815e+01
2.837073600000000084e+01
3.152304000000000173e+01
5.674147200000000169e+01
4.570840799999999859e+01
3.467534399999999550e+01
3.625149600000001016e+01
4.255610399999999771e+01
3.309919199999999506e+01
3.309919200000000217e+01
3.625149600000001016e+01
4.255610399999999771e+01
5.989377599999999546e+01
4.097995199999999727e+01
4.097995199999999727e+01
3.309919200000000217e+01
3.467534400000000261e+01
2.994688800000000128e+01
3.309919200000000217e+01
5.831762400000000213e+01
3.309919200000000927e+01
2.521843199999999996e+01
5.201301599999999326e+01
4.413225599999999815e+01
5.201301599999999326e+01
5.358916800000000791e+01
3.467534400000000971e+01
3.782764800000000349e+01
3.782764800000000349e+01
3.940380000000000393e+01
3.309919200000000217e+01
5.358916799999999370e+01
3.940379999999999683e+01
3.152303999999999817e+01
4.570840800000000570e+01
6.146992800000001012e+01
3.782764799999999639e+01
4.097995199999999727e+01
4.097995199999999727e+01
3.940380000000000393e+01
4.886071200000000658e+01
4.570840800000000570e+01
4.413225599999999815e+01
3.467534399999999550e+01
2.994688800000000128e+01
3.940380000000000393e+01
3.625149600000000305e+01
2.679458400000000040e+01
2.364228000000000662e+01
2.521843199999999996e+01
4.413225599999999815e+01
3.625149600000000305e+01
4.097995199999999727e+01
4.255610400000000482e+01
4.413225599999999815e+01
3.309919200000000217e+01
3.782764800000000349e+01
4.097995199999999727e+01
9.456911999999999097e+00
9.456912000000002649e+00
2.837073600000000440e+01
2.364227999999999952e+01
1.733767199999999775e+01
4.886071200000000658e+01
3.467534399999999550e+01
2.994688799999999773e+01
3.940379999999999683e+01
3.940380000000000393e+01
2.521843199999999996e+01
3.625149599999998884e+01
2.994688799999999773e+01
2.521843200000000706e+01
3.625149600000000305e+01
4.255610400000000482e+01
4.728456000000001325e+01
4.570840800000000570e+01
4.097995199999999727e+01
3.309919200000000217e+01
4.728456000000001325e+01
4.728455999999999904e+01
2.994688800000000839e+01
2.364228000000000662e+01
4.728455999999999193e+01
4.886071200000000658e+01
2.679458400000000040e+01
2.206612800000000263e+01
5.201301600000000747e+01
4.728455999999999904e+01
3.152304000000000173e+01
2.521843199999999641e+01
3.940379999999999683e+01
2.521843200000000706e+01
2.206612800000000263e+01
1.891382399999999819e+01
1.733767200000000130e+01
2.679458400000000395e+01
2.994688799999999773e+01
3.467534400000000971e+01
3.467534399999999550e+01
4.097995199999999727e+01
3.782764799999999639e+01
3.625149600000000305e+01
3.625149600000000305e+01
1.891382399999999819e+01
3.940379999999999683e+01
3.309919200000000217e+01
2.994688799999999773e+01
4.097995199999999727e+01
5.674147200000000169e+01
4.728455999999999904e+01
3.625149600000000305e+01
3.625149599999998884e+01
3.152303999999999817e+01
4.255610399999999771e+01
3.309919200000000217e+01
2.364228000000000662e+01
2.206612799999999908e+01
3.152303999999999817e+01
2.048997600000000574e+01
2.206612799999999908e+01
2.994688799999999773e+01
2.364228000000000662e+01
2.837073600000000440e+01
3.152304000000000173e+01
2.521843200000000351e+01
3.467534399999999550e+01
2.994688799999999418e+01
3.309919200000000217e+01
2.521843200000000706e+01
4.413225599999999815e+01
4.097995199999999727e+01
3.309919200000000217e+01
3.782764799999999639e+01
4.097995199999999727e+01
2.837073600000000084e+01
2.679458400000000395e+01
3.782764799999999639e+01
1.891382400000000175e+01
1.260921599999999643e+01
3.467534399999999550e+01
3.467534399999999550e+01
2.206612800000000263e+01
2.994688800000000839e+01
3.467534399999999550e+01
3.309919200000000217e+01
2.994688799999999773e+01
2.994688799999999773e+01
3.940380000000000393e+01
2.837073600000000440e+01
2.994688800000000128e+01
3.309919200000000217e+01
2.994688799999999773e+01
3.625149600000000305e+01
2.206612800000000263e+01
3.152303999999999462e+01
2.521843199999999641e+01
2.521843200000000351e+01
4.413225599999999815e+01
3.309919200000000217e+01
2.837073599999999729e+01
3.309919200000000217e+01
3.782764800000000349e+01
2.994688799999999773e+01
4.728455999999999904e+01
4.413225599999999815e+01
2.994688799999999773e+01
3.467534399999999550e+01
3.940380000000000393e+01
2.364227999999999597e+01
2.048997600000000219e+01
2.364227999999999952e+01
3.782764799999999639e+01
2.206612800000000618e+01
2.521843200000000706e+01
2.521843199999999641e+01
3.152304000000000173e+01
2.994688800000000484e+01
3.782764800000000349e+01
3.309919200000000217e+01
2.994688800000000839e+01
2.206612800000000618e+01
3.309919200000000217e+01
2.994688800000000128e+01
3.152303999999999817e+01
4.413225599999999815e+01
1.891382400000000175e+01
2.837073600000000084e+01
4.097995199999999727e+01
3.309919200000000217e+01
1.576151999999999376e+01
4.255610400000000482e+01
4.413225599999999815e+01
4.728455999999999904e+01
4.728455999999999904e+01
3.309919200000000217e+01
1.891382400000000175e+01
2.837073600000000440e+01
2.994688800000000484e+01
2.521843200000000351e+01
3.625149600000000305e+01
2.679458400000000040e+01
2.364227999999999597e+01
2.679458399999999685e+01
4.413225599999999815e+01
4.413225599999999815e+01
3.625149600000000305e+01
3.625149600000000305e+01
2.994688799999999773e+01
2.679458400000000395e+01
2.679458400000000395e+01
2.994688800000000128e+01
3.940380000000000393e+01
2.521843199999999641e+01
3.940380000000000393e+01
2.994688799999999773e+01
3.625149600000000305e+01
3.309919200000000217e+01
3.940379999999999683e+01
3.782764799999999639e+01
1.418536800000000397e+01
4.570840799999999859e+01
3.152304000000000173e+01
4.413225599999999815e+01
3.625149600000000305e+01
3.152303999999999817e+01
3.625149599999999595e+01
3.940379999999999683e+01
1.103306399999999954e+01
3.782764799999999639e+01
2.837073599999999729e+01
2.206612800000000263e+01
3.940380000000000393e+01
3.782764799999999639e+01
2.521843199999999641e+01
2.994688800000000484e+01
4.728455999999999904e+01
3.625149600000000305e+01
2.679458399999999685e+01
2.994688800000000128e+01
3.467534399999999550e+01
3.309919200000000217e+01
3.467534400000000971e+01
1.891382399999999819e+01
2.679458400000000395e+01
3.152304000000000528e+01
2.679458400000000395e+01
3.782764799999999639e+01
3.625149600000000305e+01
3.152303999999999817e+01
3.152304000000000173e+01
3.782764799999999639e+01
4.570840799999999859e+01
1.418536800000000042e+01
2.679458399999999685e+01
2.364228000000000307e+01
1.891382400000000175e+01
3.152304000000000173e+01
4.255610400000000482e+01
3.152303999999999817e+01
2.679458400000000395e+01
2.206612800000000618e+01
1.733767199999999420e+01
3.625149600000000305e+01
3.782764800000000349e+01
2.679458399999999685e+01
2.679458400000000395e+01
2.994688799999999773e+01
2.837073600000000440e+01
3.152303999999999817e+01
2.994688799999999773e+01
9.456911999999995544e+00
3.309919200000000217e+01
3.467534399999999550e+01
1.891382400000000175e+01
2.679458399999999330e+01
3.625149600000000305e+01
3.467534399999999550e+01
3.625149600000000305e+01
4.570840799999999859e+01
2.521843200000000351e+01
4.255610399999999771e+01
2.364228000000000307e+01
3.782764799999999639e+01
4.413225599999999815e+01
3.940379999999999683e+01
3.940379999999999683e+01
2.679458399999999685e+01
1.733767200000000486e+01
3.467534400000000971e+01
3.309919200000000217e+01
3.625149600000000305e+01
3.309919200000000217e+01
2.679458400000000395e+01
2.364228000000000307e+01
2.679458399999999685e+01
2.837073600000000084e+01
2.521843200000000706e+01
4.413225599999999815e+01
3.625149600000000305e+01
4.728455999999999904e+01
4.097995199999999727e+01
3.467534399999999550e+01
4.728455999999999904e+01
3.625149600000000305e+01
2.994688800000000839e+01
3.467534399999999550e+01
2.679458400000000395e+01
1.576152000000000086e+01
3.625149600000000305e+01
4.570840799999999859e+01
2.837073600000000084e+01
3.309919200000000217e+01
1.733767199999999775e+01
3.467534399999999550e+01
2.994688799999999773e+01
4.255610399999999771e+01
3.940380000000000393e+01
2.521843200000000706e+01
2.679458400000000395e+01
3.467534399999999550e+01
4.570840800000000570e+01
3.467534400000000261e+01
4.886071199999999948e+01
3.782764799999999639e+01
2.837073599999999729e+01
3.152303999999999817e+01
3.309919200000000217e+01
3.782764799999999639e+01
2.521843200000000351e+01
2.837073599999999729e+01
4.728455999999999904e+01
3.467534399999999550e+01
2.364227999999999952e+01
3.625149600000000305e+01
2.994688800000000839e+01
3.625149600000000305e+01
2.521843199999999641e+01
3.309919200000000217e+01
3.467534399999999550e+01
3.940379999999999683e+01
1.576152000000000086e+01
3.309919200000000217e+01
2.364227999999999597e+01
3.309919200000000217e+01
2.679458400000000395e+01
2.994688799999999418e+01
3.152304000000000173e+01
1.733767200000000486e+01
2.521843200000000351e+01
2.837073600000000084e+01
2.364228000000000307e+01
2.679458400000000395e+01
2.679458400000000395e+01
2.679458399999999685e+01
2.994688800000000128e+01
3.467534400000000261e+01
2.994688799999999773e+01
2.521843199999999996e+01
3.152303999999999462e+01
9.456912000000002649e+00
3.152303999999999817e+01
3.467534399999999550e+01
2.521843199999999641e+01
2.994688799999999773e+01
2.206612800000000618e+01
3.625149599999999595e+01
3.152303999999999817e+01
2.837073600000000440e+01
2.364228000000000307e+01
3.782764799999999639e+01
1.418536800000000042e+01
2.679458400000000395e+01
1.891382400000000175e+01
2.521843199999999996e+01
3.309919200000000217e+01
3.782764799999999639e+01
3.309919200000000217e+01
2.837073600000000440e+01
3.625149600000000305e+01
3.152304000000000528e+01
9.456911999999999097e+00
3.625149599999999595e+01
2.679458400000000040e+01
2.837073600000000440e+01
2.521843199999999641e+01
2.994688800000000484e+01
1.891382400000000175e+01
3.152304000000000173e+01
4.097995199999999727e+01
3.940379999999999683e+01
2.048997600000000219e+01
2.679458400000000395e+01
2.679458400000000395e+01
2.048997600000000219e+01
2.206612799999999552e+01
2.679458400000000040e+01
2.521843199999999641e+01
2.048997600000000219e+01
3.309919200000000217e+01
2.521843200000000351e+01
3.309919200000000217e+01
2.206612800000000618e+01
2.048997599999999508e+01
3.467534399999999550e+01
2.206612799999999908e+01
4.413225600000000526e+01
2.364227999999999952e+01
2.521843199999999996e+01
2.994688800000000128e+01
2.364228000000000307e+01
3.152304000000000528e+01
1.891382399999999819e+01
2.994688800000000128e+01
3.309919200000000217e+01
2.521843199999999641e+01
2.679458400000000040e+01
3.625149600000000305e+01
2.521843199999999996e+01
2.994688799999999773e+01
2.994688799999999773e+01
2.048997600000000574e+01
1.576152000000000442e+01
3.309919200000000217e+01
2.206612799999999552e+01
2.994688800000000484e+01
4.728456000000000614e+01
3.467534400000000261e+01
2.521843199999999996e+01
2.679458400000000395e+01
1.891382400000000175e+01
1.576151999999999376e+01
1.260921599999999998e+01
2.521843199999999996e+01
1.733767200000000486e+01
2.837073600000000084e+01
2.994688800000000128e+01
2.206612799999999552e+01
1.733767200000000486e+01
3.152303999999999462e+01
3.467534399999999550e+01
2.679458399999999330e+01
3.940379999999999683e+01
2.679458400000000040e+01
3.467534400000000261e+01
2.679458400000000395e+01
3.309919200000000217e+01
3.782764799999999639e+01
3.309919200000000217e+01
2.994688799999999773e+01
2.364227999999999952e+01
2.364227999999999597e+01
3.309919199999999506e+01
3.152304000000000173e+01
2.521843199999999641e+01
2.521843200000000351e+01
3.625149599999999595e+01
2.048997599999999863e+01
3.309919199999999506e+01
3.309919200000000217e+01
1.418536799999999687e+01
7.880759999999998655e+00
2.837073600000000084e+01
3.467534400000000261e+01
3.782764800000000349e+01
3.309919200000000217e+01
2.679458400000000395e+01
4.255610399999999771e+01
3.940380000000000393e+01
4.570840799999999859e+01
3.152303999999999817e+01
4.097995199999999727e+01
4.097995199999999727e+01
2.206612800000000263e+01
2.679458400000000395e+01
3.309919200000000217e+01
2.837073600000000440e+01
2.994688799999999773e+01
1.260921600000000353e+01
4.728455999999999904e+01
3.940380000000000393e+01
2.837073599999999729e+01
2.837073600000000084e+01
2.837073599999999729e+01
2.837073600000000440e+01
2.521843200000000351e+01
2.364228000000000307e+01
2.206612800000000618e+01
3.467534400000000971e+01
1.733767200000000130e+01
3.152303999999999462e+01
3.782764799999999639e+01
2.364227999999999952e+01
2.837073600000000084e+01
3.782764799999999639e+01
1.891382400000000175e+01
1.891382400000000175e+01
2.679458400000000395e+01
3.467534400000000971e+01
3.782764800000000349e+01
2.837073600000000084e+01
2.364228000000000307e+01
2.048997600000000574e+01
2.048997600000000574e+01
1.576152000000000086e+01
1.418536800000000397e+01
3.625149600000000305e+01
2.521843199999999996e+01
2.048997599999999508e+01
2.364227999999999597e+01
2.048997600000000219e+01
2.048997600000000219e+01
2.679458399999999330e+01
2.837073600000000084e+01
2.994688800000000128e+01
3.152304000000000173e+01
2.364227999999999597e+01
3.152304000000000528e+01
3.467534400000000261e+01
2.364227999999999597e+01
3.940379999999999683e+01
4.886071199999999948e+01
5.201301600000000036e+01
3.940379999999999683e+01
3.782764799999999639e+01
2.679458399999999330e+01
1.260921599999999643e+01
3.467534400000000261e+01
4.570840799999999859e+01
3.940380000000000393e+01
1.733767200000000486e+01
2.837073600000000440e+01
3.152304000000000173e+01
3.467534400000000971e+01
2.679458400000000395e+01
3.309919200000000217e+01
2.521843200000000351e+01
3.940380000000000393e+01
2.048997599999999508e+01
1.891382400000000175e+01
2.364227999999999952e+01
3.782764799999999639e+01
2.048997600000000219e+01
2.521843200000000351e+01
4.097995199999999727e+01
3.152303999999999462e+01
2.679458400000000395e+01
2.364228000000000307e+01
3.152303999999999462e+01
3.782764800000000349e+01
2.679458400000000395e+01
3.782764799999999639e+01
3.152303999999999817e+01
2.837073599999999729e+01
2.048997600000000574e+01
3.309919200000000217e+01
5.043686399999999992e+01
3.309919200000000217e+01
2.837073600000000440e+01
2.994688799999999773e+01
3.467534400000000261e+01
2.364227999999999952e+01
2.679458400000000040e+01
3.309919200000000217e+01
3.940379999999999683e+01
3.309919200000000217e+01
4.413225599999999815e+01
2.048997600000000219e+01
1.733767199999999775e+01
1.103306399999999954e+01
3.467534400000000261e+01
2.679458399999999330e+01
3.309919199999999506e+01
2.837073600000000084e+01
2.048997600000000219e+01
2.521843200000000351e+01
2.206612799999999908e+01
2.994688800000000128e+01
2.994688800000000128e+01
3.782764799999999639e+01
3.782764800000000349e+01
2.521843200000000351e+01
2.521843199999999996e+01
1.576151999999999376e+01
4.413225599999999815e+01
2.994688800000000128e+01
2.364228000000000307e+01
2.994688800000000128e+01
5.201301600000000747e+01
2.364227999999999952e+01
2.521843199999999996e+01
3.152303999999999817e+01
4.255610400000000482e+01
2.837073600000000084e+01
2.837073600000000084e+01
4.570840799999999859e+01
4.570840799999999859e+01
3.467534400000000971e+01
3.152304000000000528e+01
4.570840799999999859e+01
3.625149599999999595e+01
2.364228000000000307e+01
3.940379999999999683e+01
2.521843200000000351e+01
1.733767200000000130e+01
1.891382400000000175e+01
2.994688800000000484e+01
2.679458400000000040e+01
3.625149599999999595e+01
3.152303999999999462e+01
2.364228000000000307e+01
3.625149600000000305e+01
3.152303999999999817e+01
2.994688800000000484e+01
2.679458400000000040e+01
2.679458400000000395e+01
2.679458400000000395e+01
3.467534400000000261e+01
2.521843199999999996e+01
2.679458399999999330e+01
2.837073599999999729e+01
3.152303999999999817e+01
1.891382400000000175e+01
1.891382400000000175e+01
2.837073599999999729e+01
2.837073599999999729e+01
1.418536800000000397e+01
2.364228000000000307e+01
2.679458400000000040e+01
4.097995199999999727e+01
1.418536800000000042e+01
2.837073600000000440e+01
2.994688800000000484e+01
2.206612800000000263e+01
3.782764799999999639e+01
3.152303999999999462e+01
1.733767199999999420e+01
1.418536800000000042e+01
3.467534400000000261e+01
2.837073600000000440e+01
3.625149600000000305e+01
3.309919200000000217e+01
3.309919200000000217e+01
4.255610399999999771e+01
2.994688800000000484e+01
2.364227999999999952e+01
2.521843200000000351e+01
2.837073600000000084e+01
2.679458400000000395e+01
2.364228000000000307e+01
7.880759999999998655e+00
2.837073600000000084e+01
2.994688800000000128e+01
3.467534400000000261e+01
3.309919200000000217e+01
3.467534399999999550e+01
4.728456000000000614e+01
4.097995199999999727e+01
3.625149600000000305e+01
2.679458400000000040e+01
2.994688800000000484e+01
2.206612800000000263e+01
2.048997599999999508e+01
2.048997600000000219e+01
3.782764800000000349e+01
3.309919199999999506e+01
1.418536800000000042e+01
1.576152000000000086e+01
3.940380000000000393e+01
2.679458400000000395e+01
1.733767199999999775e+01
2.994688800000000128e+01
3.940380000000000393e+01
2.206612800000000263e+01
2.206612800000000263e+01
2.679458400000000395e+01
4.413225599999999815e+01
3.782764799999999639e+01
3.625149600000000305e+01
3.625149599999999595e+01
2.206612800000000263e+01
3.782764799999999639e+01
2.521843199999999641e+01
2.679458400000000395e+01
3.940379999999999683e+01
3.782764799999999639e+01
3.782764800000000349e+01
3.782764800000000349e+01
3.152304000000000528e+01
2.837073599999999729e+01
1.418536800000000042e+01
1.260921599999999998e+01
2.521843199999999641e+01
2.994688800000000128e+01
2.994688800000000128e+01
3.782764800000000349e+01
3.152304000000000173e+01
3.467534399999999550e+01
2.206612800000000263e+01
1.891382400000000530e+01
2.679458400000000395e+01
3.152304000000000173e+01
3.152304000000000173e+01
9.456911999999999097e+00
2.994688800000000128e+01
4.097995200000000438e+01
2.048997600000000219e+01
1.576152000000000442e+01
4.570840799999999859e+01
2.994688800000000128e+01
4.413225599999999815e+01
3.152303999999999817e+01
3.152304000000000173e+01
2.048997600000000219e+01
3.309919200000000217e+01
2.206612799999999908e+01
4.413225599999999815e+01
1.418536800000000042e+01
2.679458400000000040e+01
3.152304000000000173e+01
2.994688800000000484e+01
2.364227999999999597e+01
1.260921599999999998e+01
2.837073600000000084e+01
2.679458400000000395e+01
2.679458400000000040e+01
2.837073599999999729e+01
4.255610400000000482e+01
4.413225600000000526e+01
3.309919200000000217e+01
2.994688799999999773e+01
2.837073600000000084e+01
2.521843199999999996e+01
2.679458400000000040e+01
3.467534400000000261e+01
3.152303999999999462e+01
2.837073600000000084e+01
2.521843200000000351e+01
1.733767200000000130e+01
3.625149600000000305e+01
2.994688800000000128e+01
3.625149600000000305e+01
4.255610399999999771e+01
3.309919200000000217e+01
3.940380000000000393e+01
1.891382400000000530e+01
3.152303999999999817e+01
3.625149600000000305e+01
3.152304000000000528e+01
2.679458400000000395e+01
3.625149600000000305e+01
3.625149599999999595e+01
2.206612799999999552e+01
3.309919199999999506e+01
2.048997600000000574e+01
2.837073599999999729e+01
2.206612799999999908e+01
3.625149600000000305e+01
3.309919200000000217e+01
4.570840799999999859e+01
4.728455999999999904e+01
2.521843199999999641e+01
3.309919200000000217e+01
2.048997600000000574e+01
3.625149600000000305e+01
2.521843199999999996e+01
1.891382400000000530e+01
3.309919199999999506e+01
4.728455999999999904e+01
2.521843200000000351e+01
3.152304000000000528e+01
2.048997599999999508e+01
3.309919200000000217e+01
3.467534400000000261e+01
2.994688800000000128e+01
2.206612800000000618e+01
3.309919200000000217e+01
2.994688800000000128e+01
4.413225599999999815e+01
3.467534400000000261e+01
2.837073600000000084e+01
3.940380000000000393e+01
3.467534400000000261e+01
3.940379999999999683e+01
4.255610400000000482e+01
2.364227999999999952e+01
4.413225600000000526e+01
2.837073600000000440e+01
2.994688799999999773e+01
3.782764799999999639e+01
2.521843200000000351e+01
2.521843200000000706e+01
1.891382400000000175e+01
2.206612799999999908e+01
3.467534399999999550e+01
3.625149600000000305e+01
4.570840799999999859e+01
2.679458400000000395e+01
3.467534399999999550e+01
3.152304000000000173e+01
4.570840800000000570e+01
4.728455999999999904e+01
3.782764800000000349e+01
1.733767199999999775e+01
2.521843199999999996e+01
2.679458400000000040e+01
3.467534400000000261e+01
3.152303999999999462e+01
3.309919200000000217e+01
2.837073600000000084e+01
3.467534400000000971e+01
2.364228000000000307e+01
3.309919200000000217e+01
3.782764800000000349e+01
4.097995199999999727e+01
2.679458400000000395e+01
3.782764800000000349e+01
1.576151999999999376e+01
3.309919200000000217e+01
3.625149599999999595e+01
3.940380000000000393e+01
2.837073600000000084e+01
2.521843199999999641e+01
3.625149600000000305e+01
1.891382400000000530e+01
4.097995200000000438e+01
3.625149599999999595e+01
5.358916800000000080e+01
4.570840799999999859e+01
3.625149599999999595e+01
3.467534400000000261e+01
4.255610400000000482e+01
3.309919200000000217e+01
3.467534400000000261e+01
3.152304000000000173e+01
3.309919200000000217e+01
3.940380000000000393e+01
3.625149600000000305e+01
4.097995200000000438e+01
1.418536800000000042e+01
3.152303999999999462e+01
3.782764800000000349e+01
3.467534400000000261e+01
2.837073600000000084e+01
3.152303999999999462e+01
3.782764800000000349e+01
4.097995199999999727e+01
2.364228000000000307e+01
2.521843200000000351e+01
2.206612800000000263e+01
3.782764800000000349e+01
2.521843200000000351e+01
2.837073599999999729e+01
3.782764799999999639e+01
4.413225600000000526e+01
1.733767199999999775e+01
2.364227999999999952e+01
4.413225599999999815e+01
2.679458400000000040e+01
2.679458400000000040e+01
3.940379999999999683e+01
2.206612799999999908e+01
3.467534400000000261e+01
3.152303999999999462e+01
3.625149600000000305e+01
3.309919200000000217e+01
4.255610400000000482e+01
2.837073600000000084e+01
3.309919200000000217e+01
1.891382400000000175e+01
3.152303999999999462e+01
3.309919200000000217e+01
2.837073600000000084e+01
2.837073600000000084e+01
3.309919200000000217e+01
3.625149599999999595e+01
2.837073599999999729e+01
3.625149599999999595e+01
3.782764800000000349e+01
2.994688800000000128e+01
4.097995200000000438e+01
3.467534399999999550e+01
2.521843200000000351e+01
2.364228000000000307e+01
2.364228000000000307e+01
2.837073600000000084e+01
1.576152000000000086e+01
4.097995199999999727e+01
2.679458400000000395e+01
2.994688800000000128e+01
3.309919200000000217e+01
3.467534400000000261e+01
3.152303999999999462e+01
3.940379999999999683e+01
4.728455999999999904e+01
3.940379999999999683e+01
4.255610400000000482e+01
4.728455999999999904e+01
4.728455999999999904e+01
3.309919200000000217e+01
2.364227999999999597e+01
1.733767199999999775e+01
3.309919200000000217e+01
3.625149599999999595e+01
1.733767200000000130e+01
3.152304000000000528e+01
2.994688800000000128e+01
4.413225600000000526e+01
4.097995199999999727e+01
2.364227999999999952e+01
2.837073599999999729e+01
2.521843200000000351e+01
2.521843199999999996e+01
2.206612799999999908e+01
4.728456000000000614e+01
2.994688800000000128e+01
2.521843199999999641e+01
2.837073599999999729e+01
3.152303999999999462e+01
2.364227999999999952e+01
3.625149600000000305e+01
3.309919200000000217e+01
3.309919200000000217e+01
2.364227999999999952e+01
3.309919200000000217e+01
3.152304000000000173e+01
2.521843199999999996e+01
1.576151999999999909e+01
1.891382400000000530e+01
2.364227999999999952e+01
4.570840799999999859e+01
4.097995199999999727e+01
4.570840800000000570e+01
3.625149600000000305e+01
3.467534399999999550e+01
1.576152000000000086e+01
2.521843199999999996e+01
2.994688800000000128e+01
4.097995200000000438e+01
3.625149600000000305e+01
4.413225599999999815e+01
2.521843200000000351e+01
2.994688800000000128e+01
4.097995199999999727e+01
3.940379999999999683e+01
3.940380000000000393e+01
3.309919200000000217e+01
3.309919200000000217e+01
3.467534399999999550e+01
3.152304000000000173e+01
3.467534399999999550e+01
2.521843199999999996e+01
2.206612799999999552e+01
1.260921600000000353e+01
1.891382400000000175e+01
2.364227999999999952e+01
2.679458400000000395e+01
4.255610399999999771e+01
4.097995199999999727e+01
4.097995200000000438e+01
2.837073600000000084e+01
3.782764800000000349e+01
2.994688799999999773e+01
3.309919200000000217e+01
1.418536800000000042e+01
2.521843199999999996e+01
2.837073600000000084e+01
2.521843199999999641e+01
3.467534400000000971e+01
3.152304000000000173e+01
2.521843200000000351e+01
3.940380000000000393e+01
3.309919200000000217e+01
3.940379999999999683e+01
1.260921599999999998e+01
1.891382400000000175e+01
2.364227999999999952e+01
2.679458400000000395e+01
3.309919200000000217e+01
4.728455999999999904e+01
3.940380000000000393e+01
1.891382400000000175e+01
2.521843199999999641e+01
2.837073600000000084e+01
2.994688799999999418e+01
4.728456000000000614e+01
2.994688800000000128e+01
3.467534400000000261e+01
2.837073600000000084e+01
2.994688800000000128e+01
2.994688800000000484e+01
3.309919200000000217e+01
3.940379999999999683e+01
2.837073600000000084e+01
3.625149599999999595e+01
2.206612799999999908e+01
3.782764800000000349e+01
3.782764799999999639e+01
2.521843200000000351e+01
3.782764800000000349e+01
3.152304000000000528e+01
2.048997599999999508e+01
3.309919200000000217e+01
2.364228000000000307e+01
3.467534399999999550e+01
3.782764799999999639e+01
3.625149600000000305e+01
3.309919200000000217e+01
5.201301600000000036e+01
5.201301600000000036e+01
3.467534400000000261e+01
2.364228000000000307e+01
2.521843199999999996e+01
2.521843199999999996e+01
3.782764799999999639e+01
3.152304000000000528e+01
1.576151999999999376e+01
3.940380000000000393e+01
4.886071199999999948e+01
2.521843199999999996e+01
3.152303999999999462e+01
4.728455999999999904e+01
2.994688799999999418e+01
5.043686399999999992e+01
4.728455999999999904e+01
4.097995199999999727e+01
3.940380000000000393e+01
1.733767199999999775e+01
1.891382400000000175e+01
3.309919200000000217e+01
3.309919199999999506e+01
3.940380000000000393e+01
2.364227999999999952e+01
2.521843199999999996e+01
2.679458400000000040e+01
4.097995200000000438e+01
3.309919200000000217e+01
2.679458400000000040e+01
3.940379999999999683e+01
4.097995199999999727e+01
2.206612799999999908e+01
2.994688800000000128e+01
2.837073600000000084e+01
3.309919200000000217e+01
3.782764800000000349e+01
2.994688800000000484e+01
4.097995200000000438e+01
4.413225599999999815e+01
4.728455999999999904e+01
2.994688800000000128e+01
2.994688800000000128e+01
2.994688800000000128e+01
3.152304000000000173e+01
2.364227999999999952e+01
3.940379999999999683e+01
3.309919200000000217e+01
3.782764799999999639e+01
4.255610399999999771e+01
1.418536799999999864e+01
3.625149600000000305e+01
2.837073600000000084e+01
1.576152000000000086e+01
3.940380000000000393e+01
1.891382400000000175e+01
4.097995199999999727e+01
3.467534400000000261e+01
3.467534399999999550e+01
2.837073600000000084e+01
3.782764799999999639e+01
4.097995200000000438e+01
3.152304000000000173e+01
3.309919200000000217e+01
3.467534399999999550e+01
2.994688800000000128e+01
3.625149600000000305e+01
2.679458400000000040e+01
3.625149600000000305e+01
3.782764799999999639e+01
3.625149600000000305e+01
2.837073600000000084e+01
4.255610399999999771e+01
2.994688800000000128e+01
2.679458400000000395e+01
3.152304000000000173e+01
2.364228000000000662e+01
3.782764800000000349e+01
1.891382399999999819e+01
3.467534400000000261e+01
2.837073600000000084e+01
3.467534400000000261e+01
2.206612800000000263e+01
2.521843199999999996e+01
2.994688800000000484e+01
2.837073600000000084e+01
4.255610400000000482e+01
4.097995199999999727e+01
3.467534399999999550e+01
2.837073599999999729e+01
3.940380000000000393e+01
3.309919200000000217e+01
1.733767200000000130e+01
2.048997599999999863e+01
3.309919200000000217e+01
2.994688800000000128e+01
2.837073600000000084e+01
4.097995199999999727e+01
3.782764799999999639e+01
4.886071200000000658e+01
2.364228000000000307e+01
3.152304000000000173e+01
2.994688800000000128e+01
2.994688800000000128e+01
3.152304000000000173e+01
2.837073600000000084e+01
3.467534400000000261e+01
4.570840800000000570e+01
3.782764800000000349e+01
3.782764799999999639e+01
3.152303999999999462e+01
2.521843199999999996e+01
3.467534400000000261e+01
3.782764800000000349e+01
3.309919199999999506e+01
1.891382400000000175e+01
1.733767200000000486e+01
3.625149600000000305e+01
3.782764800000000349e+01
2.994688800000000128e+01
2.679458400000000040e+01
2.837073600000000084e+01
5.674147200000000879e+01
4.097995200000000438e+01
3.152303999999999462e+01
3.940379999999999683e+01
3.467534399999999550e+01
1.891382400000000175e+01
3.467534400000000261e+01
3.625149600000000305e+01
3.625149600000000305e+01
3.940380000000000393e+01
3.782764799999999639e+01
5.201301600000000036e+01
2.994688800000000484e+01
3.625149600000000305e+01
2.521843200000000706e+01
3.309919200000000217e+01
3.940380000000000393e+01
3.467534400000000261e+01
4.886071199999999948e+01
4.255610400000000482e+01
3.625149600000000305e+01
4.097995199999999727e+01
2.994688799999999418e+01
3.309919200000000217e+01
2.364228000000000662e+01
1.576152000000000086e+01
2.364227999999999952e+01
2.994688800000000128e+01
3.309919199999999506e+01
3.309919200000000217e+01
4.886071199999999948e+01
3.152303999999999817e+01
4.886071200000000658e+01
4.097995200000000438e+01
2.679458400000000395e+01
2.521843199999999996e+01
2.679458400000000040e+01
3.940380000000000393e+01
3.940380000000000393e+01
3.309919200000000217e+01
4.728456000000000614e+01
4.886071199999999948e+01
2.994688800000000484e+01
2.364227999999999952e+01
1.576152000000000086e+01
2.048997600000000219e+01
5.201301600000000747e+01
5.516532000000000835e+01
2.364228000000000662e+01
4.570840800000000570e+01
4.255610400000000482e+01
3.625149600000000305e+01
3.625149600000000305e+01
4.255610400000000482e+01
3.309919200000000217e+01
3.940380000000000393e+01
3.152304000000000528e+01
3.940379999999999683e+01
2.994688799999999418e+01
2.206612799999999908e+01
3.782764800000000349e+01
3.625149600000000305e+01
3.940380000000000393e+01
2.994688800000000484e+01
2.206612800000000618e+01
3.625149600000000305e+01
3.625149600000000305e+01
3.782764800000000349e+01
3.467534400000000261e+01
4.097995199999999727e+01
2.837073599999999729e+01
3.152304000000000528e+01
3.940379999999999683e+01
5.674147200000000879e+01
5.201301600000000747e+01
2.837073600000000084e+01
3.152304000000000173e+01
2.206612799999999908e+01
3.152303999999999462e+01
2.679458400000000395e+01
2.994688800000000128e+01
2.679458400000000395e+01
4.097995199999999727e+01
3.940380000000000393e+01
4.255610400000000482e+01
5.201301599999999326e+01
2.994688800000000484e+01
1.891382400000000175e+01
3.467534400000000261e+01
2.679458400000000040e+01
3.467534399999999550e+01
2.206612799999999908e+01
4.097995199999999727e+01
2.994688799999999418e+01
3.940379999999999683e+01
2.679458400000000040e+01
3.782764800000000349e+01
3.782764800000000349e+01
2.837073600000000084e+01
3.309919200000000217e+01
3.309919200000000217e+01
4.570840800000000570e+01
1.260921600000000353e+01
1.891382400000000175e+01
2.048997600000000574e+01
3.309919200000000217e+01
4.728455999999999904e+01
3.152304000000000173e+01
4.886071200000000658e+01
3.625149599999999595e+01
3.152304000000000173e+01
2.994688800000000128e+01
3.309919200000000217e+01
4.255610400000000482e+01
3.467534400000000261e+01
4.570840800000000570e+01
2.837073600000000084e+01
3.940380000000000393e+01
4.728455999999999904e+01
3.782764799999999639e+01
3.940380000000000393e+01
2.048997599999999508e+01
3.152304000000000173e+01
3.467534399999999550e+01
3.782764800000000349e+01
3.152304000000000173e+01
2.521843200000000706e+01
2.364227999999999952e+01
2.679458400000000395e+01
2.521843199999999996e+01
2.364227999999999952e+01
3.152304000000000528e+01
2.364228000000000307e+01
4.097995199999999727e+01
2.994688800000000128e+01
2.521843199999999996e+01
2.679458400000000395e+01
2.837073600000000084e+01
3.152304000000000173e+01
4.097995200000000438e+01
2.837073600000000440e+01
3.309919200000000217e+01
2.679458400000000395e+01
3.625149600000000305e+01
3.467534399999999550e+01
4.097995200000000438e+01
4.255610400000000482e+01
3.467534400000000261e+01
4.886071200000000658e+01
3.940379999999999683e+01
3.467534399999999550e+01
4.886071199999999948e+01
3.625149600000000305e+01
3.782764800000000349e+01
2.679458400000000395e+01
3.309919200000000217e+01
2.679458400000000395e+01
3.625149599999999595e+01
3.782764800000000349e+01
4.097995199999999727e+01
3.625149600000000305e+01
3.940379999999999683e+01
2.994688800000000128e+01
3.782764799999999639e+01
3.152303999999999462e+01
3.309919200000000217e+01
2.206612799999999908e+01
2.679458400000000040e+01
3.625149600000000305e+01
5.358916800000000080e+01
3.309919200000000217e+01
3.940380000000000393e+01
3.782764800000000349e+01
3.152303999999999462e+01
3.782764800000000349e+01
2.364228000000000307e+01
2.364228000000000662e+01
2.679458400000000040e+01
3.940379999999999683e+01
4.886071199999999948e+01
3.152304000000000528e+01
4.097995200000000438e+01
2.521843199999999996e+01
3.309919200000000217e+01
3.309919199999999506e+01
4.413225599999999815e+01
3.467534399999999550e+01
4.413225599999999815e+01
5.201301600000000036e+01
5.043686400000000702e+01
4.097995200000000438e+01
3.152303999999999462e+01
1.260921600000000353e+01
2.521843200000000351e+01
3.782764800000000349e+01
5.831762400000000923e+01
3.625149599999999595e+01
3.309919200000000217e+01
2.837073600000000084e+01
3.467534399999999550e+01
9.456912000000002649e+00
3.782764800000000349e+01
3.152304000000000173e+01
2.521843199999999996e+01
2.837073600000000084e+01
2.206612799999999908e+01
2.048997600000000574e+01
3.940379999999999683e+01
2.364227999999999952e+01
5.674147200000000169e+01
4.097995200000000438e+01
2.994688800000000128e+01
2.679458400000000040e+01
2.521843199999999996e+01
3.467534399999999550e+01
3.467534399999999550e+01
3.467534400000000261e+01
4.413225600000000526e+01
3.467534400000000261e+01
3.152304000000000173e+01
2.206612800000000263e+01
3.782764800000000349e+01
2.521843199999999996e+01
2.837073600000000084e+01
2.206612799999999552e+01
3.940379999999999683e+01
4.097995200000000438e+01
4.097995200000000438e+01
3.152303999999999462e+01
2.048997599999999508e+01
3.625149599999999595e+01
4.728455999999999904e+01
3.467534399999999550e+01
4.413225600000000526e+01
4.886071200000000658e+01
3.782764799999999639e+01
4.255610400000000482e+01
4.097995199999999727e+01
4.886071199999999948e+01
3.309919200000000217e+01
2.994688800000000128e+01
4.413225599999999815e+01
3.782764800000000349e+01
1.891382399999999819e+01
2.994688800000000128e+01
3.152304000000000173e+01
3.152304000000000528e+01
2.679458400000000395e+01
2.994688800000000128e+01
3.309919199999999506e+01
2.679458400000000395e+01
3.467534400000000261e+01
4.097995199999999727e+01
3.625149600000000305e+01
2.837073600000000084e+01
1.891382400000000175e+01
3.467534400000000261e+01
2.994688800000000128e+01
3.309919200000000217e+01
4.255610399999999771e+01
3.940380000000000393e+01
3.782764799999999639e+01
3.467534400000000261e+01
5.516532000000000835e+01
3.940379999999999683e+01
1.891382400000000530e+01
2.364228000000000307e+01
2.206612799999999908e+01
3.152303999999999462e+01
2.206612799999999908e+01
2.364228000000000662e+01
2.679458400000000040e+01
2.206612799999999908e+01
4.413225599999999815e+01
3.782764800000000349e+01
2.837073600000000084e+01
2.837073600000000084e+01
2.048997599999999863e+01
3.467534400000000261e+01
4.255610400000000482e+01
3.940380000000000393e+01
4.255610400000000482e+01
2.364228000000000662e+01
3.309919200000000217e+01
3.782764800000000349e+01
4.570840800000000570e+01
2.994688800000000484e+01
2.994688800000000128e+01
4.570840800000000570e+01
4.728456000000000614e+01
2.521843200000000351e+01
3.467534400000000261e+01
4.413225600000000526e+01
3.940380000000000393e+01
3.782764800000000349e+01
3.152304000000000173e+01
3.782764800000000349e+01
3.467534400000000261e+01
4.097995199999999727e+01
4.570840799999999859e+01
4.097995200000000438e+01
2.994688799999999773e+01
2.364228000000000307e+01
2.679458400000000040e+01
4.886071199999999948e+01
5.516532000000000124e+01
3.467534400000000261e+01
2.837073600000000084e+01
3.309919200000000217e+01
3.940379999999999683e+01
3.940379999999999683e+01
5.043686399999999992e+01
2.994688800000000484e+01
3.309919200000000217e+01
3.309919200000000217e+01
4.413225599999999815e+01
4.255610399999999771e+01
5.043686399999999992e+01
4.886071200000000658e+01
3.782764799999999639e+01
3.467534399999999550e+01
2.679458400000000040e+01
3.625149600000000305e+01
3.940380000000000393e+01
4.728455999999999904e+01
4.255610399999999771e+01
5.358916800000000080e+01
5.043686400000000702e+01
5.043686400000000702e+01
3.152304000000000528e+01
3.625149600000000305e+01
3.309919200000000217e+01
3.782764800000000349e+01
4.728456000000000614e+01
3.940379999999999683e+01
3.782764799999999639e+01
3.625149599999999595e+01
2.364227999999999952e+01
2.994688799999999773e+01
3.782764799999999639e+01
2.994688799999999418e+01
1.733767200000000130e+01
3.309919200000000217e+01
3.940380000000000393e+01
2.679458400000000040e+01
3.625149599999999595e+01
3.782764799999999639e+01
4.097995200000000438e+01
5.043686399999999992e+01
2.837073599999999729e+01
2.994688800000000484e+01
3.309919200000000217e+01
3.940379999999999683e+01
5.043686399999999992e+01
3.782764800000000349e+01
2.994688799999999418e+01
2.994688800000000128e+01
3.625149599999999595e+01
4.255610399999999771e+01
3.152304000000000173e+01
3.467534400000000261e+01
3.309919200000000217e+01
4.097995200000000438e+01
4.413225599999999815e+01
4.255610400000000482e+01
4.413225599999999815e+01
3.152304000000000173e+01
2.837073599999999729e+01
3.152304000000000173e+01
4.886071199999999948e+01
5.674147200000000169e+01
4.097995200000000438e+01
2.521843200000000351e+01
4.097995200000000438e+01
3.940380000000000393e+01
3.940379999999999683e+01
4.097995200000000438e+01
3.940380000000000393e+01
2.994688800000000128e+01
4.097995199999999727e+01
2.521843200000000351e+01
4.570840799999999859e+01
4.570840800000000570e+01
2.679458400000000040e+01
2.994688800000000128e+01
4.728455999999999904e+01
5.674147200000000169e+01
4.728455999999999904e+01
3.467534400000000971e+01
3.940380000000000393e+01
4.570840799999999859e+01
4.097995200000000438e+01
3.152304000000000173e+01
3.467534400000000261e+01
4.886071199999999948e+01
2.837073600000000084e+01
2.994688800000000128e+01
3.467534399999999550e+01
3.152304000000000173e+01
3.467534399999999550e+01
5.989377600000000257e+01
4.570840800000000570e+01
3.782764800000000349e+01
3.782764800000000349e+01
3.782764800000000349e+01
3.782764800000000349e+01
4.570840799999999859e+01
2.679458399999999330e+01
2.521843199999999641e+01
4.413225599999999815e+01
3.940380000000000393e+01
5.201301600000000747e+01
4.886071199999999948e+01
4.413225600000000526e+01
3.467534399999999550e+01
4.570840800000000570e+01
4.255610400000000482e+01
2.048997600000000219e+01
5.043686399999999992e+01
3.309919200000000217e+01
3.625149600000000305e+01
4.255610399999999771e+01
3.782764799999999639e+01
4.886071200000000658e+01
2.679458400000000395e+01
1.733767200000000486e+01
2.837073599999999729e+01
1.576152000000000086e+01
4.097995199999999727e+01
3.940380000000000393e+01
4.886071199999999948e+01
3.940380000000000393e+01
3.625149600000000305e+01
5.358916800000000080e+01
2.679458400000000040e+01
2.679458400000000395e+01
4.570840800000000570e+01
5.358916800000000080e+01
3.940380000000000393e+01
5.516532000000000124e+01
2.994688800000000484e+01
3.467534400000000261e+01
3.152304000000000173e+01
3.152304000000000173e+01
2.994688800000000128e+01
3.940380000000000393e+01
3.152304000000000173e+01
2.837073600000000084e+01
3.940380000000000393e+01
3.467534399999999550e+01
5.043686399999999992e+01
3.940380000000000393e+01
4.413225600000000526e+01
2.364227999999999952e+01
2.679458400000000040e+01
2.837073600000000084e+01
4.570840800000000570e+01
4.886071199999999948e+01
4.570840799999999859e+01
4.413225600000000526e+01
5.831762400000000213e+01
3.309919200000000217e+01
4.255610399999999771e+01
4.728456000000000614e+01
3.152304000000000173e+01
2.679458400000000395e+01
3.467534399999999550e+01
4.728455999999999904e+01
5.989377600000000257e+01
6.146992800000000301e+01
3.782764800000000349e+01
4.728456000000000614e+01
4.097995200000000438e+01
4.728455999999999904e+01
4.097995199999999727e+01
3.467534400000000971e+01
4.097995199999999727e+01
4.255610400000000482e+01
3.309919200000000217e+01
4.097995200000000438e+01
2.679458400000000040e+01
1.891382400000000175e+01
3.152303999999999462e+01
4.255610399999999771e+01
5.043686399999999992e+01
4.413225599999999815e+01
3.152304000000000528e+01
3.625149599999999595e+01
2.837073600000000084e+01
4.570840800000000570e+01
4.413225599999999815e+01
3.152304000000000173e+01
4.728455999999999904e+01
3.467534400000000261e+01
3.152304000000000528e+01
4.097995200000000438e+01
3.625149599999999595e+01
1.891382400000000175e+01
3.940380000000000393e+01
4.570840799999999859e+01
5.201301599999999326e+01
3.309919200000000217e+01
3.782764799999999639e+01
4.255610399999999771e+01
3.152304000000000173e+01
2.206612799999999908e+01
3.940379999999999683e+01
2.837073600000000440e+01
4.413225600000000526e+01
4.413225599999999815e+01
4.570840800000000570e+01
3.940380000000000393e+01
4.728455999999999904e+01
3.467534399999999550e+01
3.940379999999999683e+01
4.570840799999999859e+01
3.625149600000000305e+01
4.413225599999999815e+01
5.516532000000000124e+01
4.255610400000000482e+01
4.570840800000000570e+01
3.782764800000000349e+01
3.940379999999999683e+01
3.940380000000000393e+01
5.831762399999999502e+01
6.619838400000000433e+01
4.570840799999999859e+01
4.097995200000000438e+01
3.625149600000000305e+01
2.837073600000000084e+01
3.625149600000000305e+01
4.886071199999999948e+01
3.625149599999999595e+01
4.886071199999999948e+01
4.097995200000000438e+01
4.570840799999999859e+01
5.043686400000000702e+01
5.043686399999999992e+01
3.625149599999999595e+01
3.625149600000000305e+01
2.837073600000000084e+01
4.886071200000000658e+01
3.467534400000000261e+01
2.837073599999999729e+01
5.043686399999999992e+01
5.516532000000000124e+01
3.467534399999999550e+01
4.886071199999999948e+01
4.413225600000000526e+01
5.516532000000000835e+01
4.728455999999999904e+01
4.097995200000000438e+01
4.255610399999999771e+01
5.989377600000000257e+01
4.570840799999999859e+01
4.570840799999999859e+01
4.570840799999999859e+01
5.831762400000000213e+01
5.358916800000000080e+01
2.521843200000000351e+01
3.467534400000000261e+01
3.940380000000000393e+01
5.358916800000000791e+01
5.831762400000000213e+01
5.043686399999999992e+01
3.940380000000000393e+01
3.625149600000000305e+01
4.255610399999999771e+01
3.940380000000000393e+01
5.989377599999999546e+01
4.728455999999999904e+01
2.521843199999999641e+01
2.994688800000000128e+01
3.940380000000000393e+01
5.674147200000000169e+01
5.831762400000000923e+01
3.782764800000000349e+01
2.048997600000000574e+01
3.625149599999999595e+01
2.837073599999999729e+01
4.413225599999999815e+01
4.255610399999999771e+01
4.413225599999999815e+01
4.413225600000000526e+01
4.570840800000000570e+01
4.413225600000000526e+01
3.309919200000000217e+01
5.043686399999999992e+01
6.304608000000000345e+01
4.413225599999999815e+01
4.886071199999999948e+01
2.837073600000000440e+01
4.886071200000000658e+01
4.886071200000000658e+01
4.097995199999999727e+01
4.728455999999999904e+01
3.940380000000000393e+01
3.467534400000000261e+01
3.782764800000000349e+01
4.255610399999999771e+01
4.097995200000000438e+01
6.304607999999999635e+01
4.570840799999999859e+01
4.255610399999999771e+01
3.152303999999999462e+01
2.679458400000000395e+01
3.467534400000000971e+01
4.255610399999999771e+01
3.467534400000000261e+01
2.994688800000000484e+01
4.728455999999999904e+01
6.304608000000000345e+01
4.097995200000000438e+01
3.625149600000000305e+01
4.570840799999999859e+01
4.413225600000000526e+01
4.886071199999999948e+01
4.886071199999999948e+01
6.146992800000000301e+01
6.462223199999999679e+01
4.570840799999999859e+01
3.940380000000000393e+01
4.097995199999999727e+01
3.782764800000000349e+01
3.467534399999999550e+01
3.625149600000000305e+01
5.043686400000000702e+01
5.043686399999999992e+01
3.625149599999999595e+01
5.201301600000000036e+01
4.886071199999999948e+01
4.728456000000000614e+01
2.679458400000000395e+01
4.097995200000000438e+01
3.940380000000000393e+01
6.146992800000000301e+01
6.462223199999999679e+01
5.674147200000000169e+01
5.674147200000000169e+01
3.782764799999999639e+01
4.255610400000000482e+01
5.516532000000000124e+01
5.201301600000000036e+01
6.304608000000000345e+01
4.728455999999999904e+01
3.782764800000000349e+01
3.625149600000000305e+01
3.782764799999999639e+01
5.674147200000000879e+01
5.043686400000000702e+01
4.413225599999999815e+01
4.886071199999999948e+01
6.146992800000000301e+01
4.255610400000000482e+01
3.940380000000000393e+01
4.570840800000000570e+01
4.097995199999999727e+01
5.043686400000000702e+01
5.358916800000000080e+01
4.255610399999999771e+01
5.516531999999999414e+01
5.043686400000000702e+01
5.831762400000000923e+01
5.201301599999999326e+01
5.201301600000000036e+01
5.358916800000000080e+01
5.831762400000000213e+01
4.255610399999999771e+01
5.358916800000000080e+01
4.886071199999999948e+01
4.255610399999999771e+01
4.886071199999999948e+01
5.831762400000000213e+01
5.516531999999999414e+01
5.043686399999999992e+01
5.043686399999999992e+01
6.619838400000000433e+01
3.782764799999999639e+01
5.831762399999999502e+01
5.674147200000000169e+01
5.043686400000000702e+01
4.413225599999999815e+01
5.989377600000000967e+01
3.940380000000000393e+01
3.940380000000000393e+01
4.886071199999999948e+01
5.674147200000000879e+01
5.201301600000000036e+01
5.201301600000000036e+01
3.782764799999999639e+01
4.255610399999999771e+01
5.043686400000000702e+01
5.043686399999999992e+01
4.097995199999999727e+01
4.413225600000000526e+01
5.831762400000000923e+01
4.728455999999999904e+01
5.516532000000000835e+01
4.413225599999999815e+01
4.255610399999999771e+01
5.201301600000000036e+01
4.728456000000000614e+01
4.728455999999999904e+01
5.674147200000000169e+01
6.304607999999999635e+01
4.886071199999999948e+01
3.940380000000000393e+01
3.467534400000000261e+01
4.886071200000000658e+01
6.304608000000000345e+01
5.201301600000000036e+01
4.255610400000000482e+01
5.043686399999999992e+01
5.831762399999999502e+01
5.201301600000000036e+01
2.837073599999999729e+01
5.043686400000000702e+01
5.516532000000000124e+01
3.940379999999999683e+01
5.989377600000000257e+01
5.358916800000000080e+01
4.097995200000000438e+01
5.674147200000000169e+01
4.728456000000000614e+01
5.831762400000000213e+01
4.570840799999999859e+01
5.201301600000000036e+01
5.043686399999999992e+01
5.201301600000000036e+01
4.570840799999999859e+01
5.358916800000000080e+01
4.886071199999999948e+01
5.201301600000000747e+01
5.831762400000000213e+01
5.043686399999999992e+01
5.358916800000000080e+01
4.886071199999999948e+01
5.358916799999999370e+01
4.570840800000000570e+01
4.255610399999999771e+01
4.570840799999999859e+01
5.516532000000000124e+01
5.201301600000000036e+01
5.358916800000000791e+01
7.250299200000000610e+01
5.043686399999999992e+01
5.989377600000000257e+01
5.516532000000000124e+01
5.201301600000000036e+01
5.201301599999999326e+01
6.146992800000001012e+01
3.782764799999999639e+01
6.304608000000000345e+01
5.674147200000000169e+01
5.043686399999999992e+01
5.358916800000000080e+01
5.043686399999999992e+01
5.358916800000000080e+01
6.935068799999999101e+01
5.674147200000000169e+01
3.940379999999999683e+01
5.201301600000000036e+01
4.097995199999999727e+01
4.413225599999999815e+01
6.146992800000000301e+01
5.989377600000000257e+01
6.146992800000000301e+01
5.358916800000000080e+01
5.043686399999999281e+01
4.886071199999999948e+01
4.097995200000000438e+01
4.413225599999999815e+01
4.413225599999999815e+01
6.146992800000000301e+01
6.935068800000000522e+01
5.516531999999999414e+01
5.516532000000000835e+01
5.674147200000000169e+01
5.831762400000000213e+01
5.831762400000000213e+01
4.570840800000000570e+01
4.570840800000000570e+01
5.358916800000000080e+01
5.674147200000000169e+01
4.728455999999999904e+01
4.886071200000000658e+01
5.831762400000000213e+01
4.728455999999999904e+01
7.250299199999999189e+01
3.625149599999999595e+01
5.043686399999999992e+01
6.462223199999999679e+01
6.619838399999999012e+01
6.619838400000000433e+01
5.989377600000000257e+01
6.146992800000000301e+01
4.886071199999999948e+01
3.625149600000000305e+01
4.413225599999999815e+01
5.043686399999999992e+01
4.413225599999999815e+01
4.728455999999999904e+01
5.201301600000000036e+01
5.358916800000000080e+01
4.728455999999999193e+01
5.201301600000000036e+01
5.201301600000000036e+01
5.201301599999999326e+01
5.043686400000000702e+01
5.831762400000000213e+01
5.831762400000000923e+01
4.413225599999999815e+01
5.831762400000000213e+01
4.570840799999999859e+01
5.674147200000000879e+01
3.940379999999999683e+01
5.989377600000000967e+01
6.146992800000001012e+01
6.304608000000000345e+01
4.570840799999999859e+01
4.413225599999999815e+01
4.255610400000000482e+01
5.989377600000000257e+01
5.201301600000000036e+01
5.674147200000000169e+01
4.255610399999999771e+01
4.886071199999999948e+01
4.413225599999999815e+01
5.358916800000000080e+01
5.989377600000000257e+01
4.097995199999999727e+01
5.674147200000000169e+01
5.043686399999999992e+01
5.358916800000000080e+01
6.146992800000000301e+01
4.728455999999999904e+01
3.625149599999999595e+01
5.201301600000000036e+01
4.886071199999999948e+01
5.516532000000000124e+01
4.097995199999999727e+01
6.146992800000000301e+01
5.831762400000000213e+01
4.886071200000000658e+01
6.146992800000001012e+01
5.674147200000000169e+01
5.989377600000000257e+01
5.201301600000000036e+01
4.570840799999999859e+01
5.358916800000000080e+01
5.831762400000000213e+01
4.728455999999999904e+01
4.886071199999999948e+01
6.777453600000001188e+01
5.674147200000000169e+01
4.886071199999999948e+01
4.255610400000000482e+01
5.201301600000000036e+01
5.043686399999999992e+01
5.831762400000000213e+01
4.728456000000000614e+01
5.201301600000000036e+01
3.940380000000000393e+01
5.989377600000000257e+01
5.674147200000000169e+01
5.674147200000000169e+01
4.728455999999999904e+01
6.462223200000001100e+01
5.516532000000000124e+01
5.674147200000000169e+01
5.989377600000000257e+01
5.831762400000000213e+01
4.255610399999999771e+01
4.570840800000000570e+01
5.831762400000000213e+01
5.043686399999999992e+01
4.728456000000000614e+01
4.255610399999999771e+01
5.043686399999999992e+01
5.831762400000000213e+01
4.255610400000000482e+01
5.516532000000000124e+01
6.462223199999999679e+01
4.570840799999999859e+01
5.516532000000000835e+01
5.831762400000000923e+01
4.728455999999999904e+01
6.304608000000000345e+01
4.886071199999999948e+01
4.886071199999999948e+01
5.201301600000000036e+01
5.043686400000000702e+01
5.516532000000000124e+01
4.570840799999999859e+01
6.304608000000000345e+01
3.152303999999999817e+01
5.831762400000000213e+01
5.358916800000000080e+01
5.043686400000000702e+01
3.625149600000000305e+01
5.201301600000000036e+01
6.146992800000000301e+01
6.462223199999999679e+01
5.831762400000000213e+01
3.625149600000000305e+01
4.728456000000000614e+01
5.201301600000000036e+01
5.674147200000000879e+01
4.728455999999999904e+01
3.940380000000000393e+01
6.777453600000001188e+01
5.358916800000000791e+01
5.358916800000000080e+01
5.201301600000000036e+01
6.462223199999999679e+01
6.146992800000001012e+01
4.728455999999999193e+01
4.886071200000000658e+01
6.304608000000001056e+01
6.777453599999999767e+01
5.674147200000000169e+01
4.728455999999999904e+01
3.625149600000000305e+01
4.570840799999999859e+01
4.728456000000000614e+01
6.146992800000000301e+01
5.831762400000000213e+01
6.777453599999999767e+01
5.201301600000000036e+01
4.413225599999999815e+01
5.989377600000000257e+01
7.092683999999999855e+01
6.146992799999999590e+01
4.728455999999999904e+01
5.201301600000000036e+01
6.304608000000000345e+01
5.989377600000000257e+01
4.886071200000000658e+01
4.413225599999999815e+01
5.516532000000000124e+01
4.413225599999999815e+01
6.619838400000000433e+01
5.516532000000000124e+01
6.304607999999999635e+01
6.146992800000000301e+01
6.619838400000000433e+01
5.358916800000000791e+01
5.831762400000000213e+01
6.462223199999999679e+01
5.358916799999999370e+01
6.304608000000000345e+01
5.516532000000000124e+01
6.304608000000000345e+01
5.674147199999999458e+01
5.674147200000000169e+01
5.516532000000000124e+01
7.092683999999999855e+01
7.092683999999999855e+01
3.625149599999999595e+01
4.413225599999999815e+01
5.516532000000000124e+01
5.043686399999999992e+01
6.146992800000000301e+01
6.304607999999999635e+01
5.201301600000000036e+01
5.989377600000000257e+01
6.304608000000000345e+01
7.407914399999999944e+01
6.146992800000000301e+01
6.777453599999999767e+01
4.570840799999999859e+01
5.989377600000000257e+01
5.358916799999999370e+01
6.619838400000000433e+01
5.831762400000000213e+01
5.358916799999999370e+01
7.565529599999999277e+01
6.935068800000000522e+01
5.674147199999999458e+01
5.831762400000000213e+01
6.462223199999999679e+01
4.255610399999999771e+01
4.886071199999999948e+01
4.728456000000000614e+01
6.304608000000000345e+01
3.782764799999999639e+01
6.619838399999999012e+01
5.831762399999999502e+01
5.201301600000000036e+01
5.989377600000000257e+01
6.462223199999999679e+01
6.304607999999999635e+01
6.619838400000000433e+01
6.462223199999999679e+01
4.097995200000000438e+01
5.358916800000000080e+01
4.255610399999999771e+01
4.570840800000000570e+01
5.201301600000000747e+01
5.358916799999999370e+01
5.201301600000000747e+01
6.146992800000000301e+01
5.989377600000000257e+01
4.886071199999999948e+01
6.304608000000000345e+01
5.674147200000000169e+01
4.570840799999999859e+01
4.097995200000000438e+01
5.989377600000000257e+01
5.674147200000000169e+01
4.413225599999999815e+01
5.201301600000000747e+01
6.146992800000000301e+01
5.358916800000000080e+01
6.777453599999999767e+01
6.304608000000000345e+01
6.146992799999999590e+01
5.831762400000000923e+01
6.304608000000000345e+01
5.201301600000000036e+01
6.777453599999999767e+01
5.358916800000000080e+01
4.886071199999999948e+01
5.201301600000000747e+01
5.831762400000000213e+01
5.358916800000000080e+01
7.092683999999999855e+01
7.092683999999999855e+01
5.516532000000000835e+01
4.728456000000001325e+01
5.831762399999999502e+01
7.092683999999999855e+01
5.831762400000000213e+01
5.043686399999999992e+01
4.570840799999999859e+01
6.462223200000001100e+01
4.097995200000000438e+01
4.255610400000000482e+01
4.886071200000000658e+01
5.358916800000000080e+01
6.146992800000000301e+01
5.358916800000000080e+01
6.304608000000000345e+01
6.146992800000000301e+01
5.674147200000000169e+01
6.146992800000001012e+01
6.146992800000000301e+01
6.777453599999999767e+01
5.043686399999999992e+01
4.728455999999999904e+01
4.097995199999999727e+01
6.935068800000000522e+01
5.043686399999999281e+01
4.255610399999999771e+01
5.201301600000000036e+01
5.674147200000000169e+01
4.886071199999999948e+01
4.097995200000000438e+01
4.255610399999999771e+01
6.304608000000000345e+01
4.097995199999999727e+01
4.097995200000000438e+01
5.831762400000000213e+01
6.935068800000000522e+01
5.201301600000000036e+01
5.358916800000000080e+01
5.516532000000000124e+01
5.043686399999999992e+01
3.940379999999999683e+01
5.358916800000000080e+01
5.989377600000000257e+01
5.516532000000000124e+01
4.413225599999999815e+01
6.619838400000000433e+01
5.201301600000000036e+01
5.043686400000000702e+01
5.201301600000000036e+01
6.304608000000000345e+01
6.146992800000000301e+01
4.413225599999999815e+01
5.674147200000000169e+01
4.886071199999999948e+01
6.146992799999999590e+01
6.462223199999999679e+01
6.777453599999999767e+01
6.304608000000000345e+01
6.619838400000000433e+01
5.358916800000000080e+01
5.989377600000000967e+01
5.516532000000000124e+01
8.195990399999999454e+01
6.146992799999999590e+01
5.043686399999999992e+01
5.831762400000000213e+01
5.831762400000000213e+01
5.043686399999999992e+01
4.886071200000000658e+01
4.886071200000000658e+01
5.043686399999999992e+01
7.250299199999999189e+01
4.886071199999999948e+01
4.570840800000000570e+01
4.728456000000000614e+01
4.255610399999999771e+01
5.516531999999999414e+01
5.201301600000000036e+01
4.413225600000000526e+01
6.304608000000000345e+01
5.674147200000000169e+01
5.201301599999999326e+01
5.201301600000000036e+01
5.043686399999999992e+01
5.831762400000000213e+01
6.146992799999999590e+01
5.516532000000000124e+01
6.462223199999999679e+01
4.886071200000000658e+01
6.304608000000000345e+01
6.777453599999999767e+01
5.201301600000000036e+01
6.146992800000000301e+01
4.413225600000000526e+01
4.097995199999999727e+01
3.625149600000000305e+01
4.097995199999999727e+01
5.989377599999999546e+01
5.989377600000000257e+01
4.570840799999999859e+01
5.201301600000000747e+01
5.043686399999999992e+01
6.462223199999999679e+01
5.201301600000000747e+01
4.413225600000000526e+01
6.619838400000000433e+01
6.619838400000000433e+01
3.625149599999999595e+01
5.516532000000000124e+01
6.304608000000001056e+01
5.043686399999999992e+01
4.886071199999999948e+01
5.989377600000000257e+01
4.570840799999999859e+01
5.201301600000000036e+01
5.043686400000000702e+01
5.989377600000000967e+01
5.043686399999999992e+01
5.831762400000000213e+01
5.674147200000000879e+01
6.619838400000000433e+01
6.304608000000000345e+01
5.516532000000000124e+01
4.886071199999999948e+01
6.462223199999999679e+01
5.831762400000000213e+01
5.989377600000000967e+01
5.831762400000000213e+01
5.043686399999999992e+01
5.674147200000000879e+01
6.777453599999999767e+01
4.255610399999999771e+01
5.043686399999999992e+01
4.728456000000000614e+01
6.462223199999999679e+01
5.516532000000000124e+01
6.462223199999999679e+01
4.886071199999999948e+01
6.619838400000000433e+01
5.201301599999999326e+01
5.516532000000000835e+01
5.043686400000000702e+01
6.462223199999999679e+01
6.146992799999999590e+01
6.146992800000000301e+01
4.886071199999999948e+01
5.201301600000000036e+01
6.935068800000000522e+01
6.935068799999999101e+01
6.777453599999999767e+01
6.935068799999999101e+01
5.358916800000000080e+01
4.728455999999999904e+01
5.201301600000000036e+01
6.146992800000001012e+01
5.989377600000000257e+01
6.304607999999999635e+01
7.092683999999999855e+01
6.777453599999999767e+01
7.250299200000000610e+01
6.462223199999999679e+01
5.201301600000000747e+01
5.674147200000000879e+01
5.674147200000000169e+01
5.831762400000000923e+01
5.201301600000000036e+01
5.358916800000000080e+01
4.886071199999999948e+01
6.146992800000000301e+01
6.146992800000001012e+01
6.619838400000000433e+01
5.674147200000000169e+01
4.570840800000000570e+01
4.886071200000000658e+01
5.831762400000000213e+01
5.831762400000000213e+01
5.516532000000000124e+01
5.358916800000000080e+01
5.674147200000000169e+01
6.146992800000000301e+01
5.358916800000000080e+01
6.304608000000000345e+01
6.304608000000001056e+01
7.092683999999999855e+01
5.516532000000000124e+01
6.146992799999999590e+01
5.358916800000000080e+01
5.831762399999999502e+01
6.462223199999999679e+01
7.723144800000000032e+01
7.880760000000000787e+01
6.619838399999999012e+01
4.413225600000000526e+01
3.782764799999999639e+01
6.462223199999999679e+01
7.092684000000001276e+01
5.674147200000000169e+01
5.831762400000000923e+01
5.358916800000000080e+01
4.886071199999999237e+01
5.358916800000000080e+01
6.777453599999999767e+01
6.619838400000000433e+01
5.989377600000000967e+01
6.462223199999999679e+01
6.935068799999999101e+01
6.146992800000001012e+01
6.777453599999999767e+01
5.358916800000000080e+01
5.831762400000000213e+01
7.565529600000000698e+01
7.092683999999999855e+01
6.935068799999999101e+01
7.407914399999999944e+01
6.777453599999999767e+01
5.516532000000000124e+01
5.516532000000000124e+01
5.201301600000000036e+01
7.092683999999999855e+01
7.250299200000000610e+01
7.723144800000000032e+01
6.777453599999999767e+01
5.516532000000000124e+01
6.304608000000000345e+01
7.565529599999999277e+01
6.935068800000000522e+01
7.250299199999999189e+01
7.407914399999999944e+01
6.619838400000000433e+01
6.304608000000000345e+01
6.619838399999999012e+01
6.777453599999999767e+01
5.831762400000000213e+01
5.674147200000000169e+01
4.570840800000000570e+01
6.619838400000000433e+01
6.146992800000001012e+01
5.831762399999999502e+01
5.989377600000000257e+01
6.777453599999999767e+01
8.038375200000000120e+01
7.880759999999999366e+01
6.619838400000000433e+01
6.777453599999999767e+01
5.358916800000000080e+01
5.989377600000000257e+01
5.043686399999999992e+01
6.935068800000000522e+01
7.407914399999999944e+01
7.880759999999999366e+01
7.880759999999999366e+01
6.146992800000000301e+01
7.092683999999999855e+01
6.304608000000000345e+01
5.043686399999999992e+01
6.619838399999999012e+01
5.831762400000000213e+01
5.989377599999999546e+01
6.462223200000001100e+01
7.250299200000000610e+01
6.462223200000001100e+01
7.092683999999999855e+01
7.407914399999999944e+01
8.668836000000000297e+01
8.195990399999999454e+01
7.092683999999999855e+01
7.880759999999999366e+01
7.250299200000000610e+01
5.831762400000000213e+01
5.674147200000000169e+01
6.146992799999999590e+01
5.043686399999999992e+01
8.511220800000000963e+01
6.777453599999999767e+01
5.989377599999999546e+01
8.195990399999999454e+01
5.516531999999999414e+01
6.777453599999999767e+01
6.935068800000000522e+01
5.989377600000000257e+01
7.723144800000000032e+01
6.146992799999999590e+01
6.462223199999999679e+01
5.516531999999999414e+01
6.619838400000000433e+01
7.880759999999999366e+01
6.935068800000000522e+01
6.146992800000001012e+01
7.407914399999999944e+01
7.250299200000000610e+01
5.674147199999999458e+01
5.989377600000000257e+01
6.777453599999999767e+01
7.880759999999999366e+01
4.413225599999999815e+01
6.304608000000000345e+01
6.304608000000000345e+01
6.304607999999999635e+01
6.462223199999999679e+01
5.516532000000000835e+01
5.831762399999999502e+01
6.304608000000000345e+01
6.462223199999999679e+01
7.565529600000000698e+01
6.619838400000000433e+01
5.358916800000000080e+01
6.777453599999999767e+01
7.092683999999999855e+01
6.146992799999999590e+01
5.831762400000000213e+01
6.619838400000000433e+01
6.935068799999999101e+01
7.723144800000001453e+01
6.304608000000000345e+01
6.146992800000001012e+01
5.516532000000000124e+01
6.462223199999999679e+01
5.358916799999999370e+01
5.989377600000000257e+01
5.674147200000000879e+01
5.989377600000000967e+01
6.462223199999999679e+01
5.674147200000000169e+01
7.723144800000000032e+01
6.304608000000001056e+01
5.358916800000000080e+01
6.304607999999999635e+01
6.146992799999999590e+01
6.462223200000001100e+01
5.989377600000000257e+01
8.195990400000000875e+01
5.201301600000000036e+01
6.619838399999999012e+01
5.043686399999999992e+01
5.516531999999999414e+01
6.146992799999999590e+01
6.619838399999999012e+01
5.989377600000000257e+01
5.516532000000000124e+01
7.250299199999999189e+01
7.407914399999999944e+01
6.146992799999999590e+01
5.989377599999999546e+01
5.831762400000000923e+01
5.831762400000000213e+01
6.935068799999999101e+01
6.619838399999999012e+01
6.462223199999999679e+01
6.304608000000000345e+01
7.092683999999999855e+01
6.146992800000000301e+01
7.092683999999999855e+01
5.358916800000000080e+01
6.619838400000000433e+01
6.619838400000000433e+01
6.304607999999999635e+01
6.462223199999999679e+01
5.831762400000000213e+01
6.462223200000001100e+01
6.777453600000001188e+01
5.989377599999999546e+01
5.674147199999999458e+01
6.935068799999999101e+01
6.462223199999999679e+01
7.092683999999999855e+01
5.989377600000000257e+01
6.462223199999999679e+01
8.038375200000000120e+01
6.935068800000000522e+01
6.462223199999999679e+01
6.777453599999999767e+01
7.565529600000000698e+01
9.141681599999999719e+01
6.462223199999999679e+01
6.619838399999999012e+01
6.304608000000000345e+01
7.407914399999999944e+01
6.304608000000000345e+01
6.777453599999999767e+01
6.462223199999999679e+01
5.989377600000000257e+01
7.092683999999999855e+01
5.516532000000000124e+01
6.304608000000000345e+01
7.092683999999999855e+01
6.935068800000000522e+01
6.462223200000001100e+01
8.195990400000000875e+01
7.565529599999999277e+01
7.565529599999999277e+01
6.777453599999999767e+01
6.146992800000001012e+01
7.407914399999999944e+01
6.304608000000001056e+01
7.407914399999999944e+01
6.462223200000001100e+01
6.619838399999999012e+01
6.935068800000000522e+01
7.880759999999999366e+01
6.146992800000000301e+01
7.565529600000000698e+01
6.146992800000000301e+01
6.304608000000000345e+01
8.668836000000000297e+01
7.250299200000000610e+01
5.831762400000000213e+01
7.250299199999999189e+01
7.407914399999999944e+01
7.723144800000000032e+01
7.407914399999999944e+01
6.619838400000000433e+01
5.831762400000000213e+01
6.462223199999999679e+01
5.989377600000000257e+01
6.462223199999999679e+01
6.304608000000000345e+01
6.935068799999999101e+01
6.935068800000000522e+01
5.831762400000000923e+01
6.619838400000000433e+01
8.038375200000000120e+01
7.407914399999999944e+01
7.092683999999999855e+01
7.565529599999999277e+01
6.777453600000001188e+01
8.038375200000000120e+01
7.407914399999999944e+01
6.462223199999999679e+01
8.984066400000000385e+01
7.723144800000000032e+01
6.462223199999999679e+01
5.989377599999999546e+01
6.619838400000000433e+01
8.038375200000000120e+01
6.935068800000000522e+01
7.250299200000000610e+01
9.141681599999999719e+01
8.826451200000001052e+01
7.565529600000000698e+01
8.038375200000000120e+01
6.146992800000000301e+01
7.723144800000000032e+01
7.723144800000000032e+01
8.038375200000000120e+01
6.935068800000000522e+01
6.619838400000000433e+01
6.619838400000000433e+01
6.935068800000000522e+01
6.304608000000000345e+01
7.723144800000000032e+01
6.935068800000000522e+01
5.989377600000000257e+01
6.619838399999999012e+01
6.462223200000001100e+01
5.831762399999999502e+01
7.565529599999999277e+01
6.304608000000000345e+01
7.723144800000000032e+01
7.880760000000000787e+01
7.723144799999998611e+01
8.038375200000000120e+01
6.619838400000000433e+01
6.935068800000000522e+01
6.462223199999999679e+01
7.407914399999999944e+01
6.619838400000000433e+01
7.407914399999999944e+01
9.456912000000001228e+01
7.723144800000000032e+01
6.935068800000000522e+01
5.674147200000000169e+01
6.935068800000000522e+01
8.195990399999999454e+01
7.880760000000000787e+01
6.777453599999999767e+01
5.674147200000000169e+01
7.092683999999999855e+01
8.511220799999999542e+01
8.826451199999999631e+01
8.353605600000000209e+01
7.092683999999999855e+01
6.935068800000000522e+01
9.299296799999999052e+01
7.723144800000000032e+01
7.250299200000000610e+01
7.723144800000000032e+01
6.462223199999999679e+01
7.723144800000000032e+01
7.880760000000000787e+01
6.777453599999999767e+01
8.038375199999998699e+01
7.092683999999999855e+01
7.880759999999999366e+01
7.880759999999999366e+01
8.668836000000000297e+01
6.462223199999999679e+01
7.880759999999999366e+01
7.407914399999999944e+01
6.777453599999999767e+01
6.462223199999999679e+01
7.723144800000000032e+01
6.935068800000000522e+01
8.038375200000000120e+01
7.723144800000000032e+01
6.146992800000000301e+01
7.565529600000000698e+01
7.880759999999999366e+01
7.880759999999999366e+01
7.092684000000001276e+01
8.038375200000000120e+01
6.777453599999999767e+01
5.831762399999999502e+01
7.407914399999999944e+01
8.826451199999999631e+01
8.195990399999999454e+01
8.668836000000000297e+01
8.353605600000000209e+01
8.195990399999999454e+01
8.038375200000000120e+01
7.250299199999999189e+01
6.935068800000000522e+01
8.038375200000000120e+01
8.511220800000000963e+01
6.462223199999999679e+01
6.462223199999999679e+01
6.777453599999999767e+01
7.565529599999999277e+01
9.141681599999999719e+01
8.668836000000000297e+01
6.935068800000000522e+01
6.462223200000001100e+01
7.407914400000001365e+01
7.407914399999999944e+01
7.723144800000000032e+01
7.250299199999999189e+01
6.146992800000000301e+01
6.935068800000000522e+01
6.146992799999999590e+01
7.092683999999999855e+01
8.038375200000000120e+01
8.353605600000000209e+01
1.040260320000000007e+02
7.880759999999999366e+01
8.826451199999999631e+01
7.880759999999999366e+01
8.038375200000000120e+01
9.299296799999999052e+01
7.880759999999999366e+01
8.511220800000000963e+01
6.619838400000000433e+01
6.777453599999999767e+01
7.880759999999999366e+01
7.565529600000000698e+01
6.146992799999999590e+01
8.038375200000000120e+01
7.407914399999999944e+01
7.723144800000000032e+01
8.195990400000000875e+01
7.565529599999999277e+01
6.619838400000000433e+01
6.935068800000000522e+01
6.619838400000000433e+01
5.674147200000000169e+01
7.565529599999999277e+01
7.723144800000000032e+01
7.565529600000000698e+01
6.304607999999999635e+01
8.195990400000000875e+01
6.935068800000000522e+01
7.092683999999999855e+01
7.407914399999999944e+01
6.304608000000000345e+01
6.146992800000000301e+01
7.880760000000000787e+01
9.299296800000000474e+01
8.038375200000000120e+01
8.038375200000000120e+01
6.619838399999999012e+01
8.826451199999999631e+01
6.935068800000000522e+01
6.935068800000000522e+01
6.935068800000000522e+01
6.777453599999999767e+01
9.456911999999999807e+01
7.407914399999999944e+01
6.777453599999999767e+01
6.619838400000000433e+01
7.092683999999999855e+01
7.723144800000000032e+01
6.619838400000000433e+01
7.092683999999999855e+01
8.984066400000000385e+01
8.984066400000000385e+01
8.668836000000000297e+01
7.250299200000000610e+01
8.195990400000000875e+01
7.880759999999999366e+01
7.250299200000000610e+01
8.668836000000000297e+01
6.462223200000001100e+01
7.880760000000000787e+01
7.880759999999999366e+01
8.195990399999999454e+01
8.668836000000000297e+01
8.984066400000000385e+01
8.353605600000000209e+01
8.038375200000000120e+01
7.565529600000000698e+01
8.038375200000000120e+01
8.038375200000000120e+01
7.723144800000000032e+01
8.038375200000000120e+01
8.511220800000000963e+01
8.668836000000000297e+01
9.299296800000000474e+01
7.250299200000000610e+01
8.038375200000000120e+01
8.195990399999999454e+01
6.619838400000000433e+01
7.723144800000000032e+01
7.723144800000000032e+01
8.038375200000000120e+01
1.040260320000000149e+02
8.668836000000000297e+01
6.777453600000001188e+01
8.038375200000000120e+01
7.880760000000000787e+01
6.777453599999999767e+01
7.723144800000000032e+01
7.723144800000000032e+01
6.935068799999999101e+01
7.407914399999999944e+01
7.092683999999999855e+01
7.407914399999999944e+01
7.723144800000000032e+01
6.935068800000000522e+01
6.935068799999999101e+01
8.984066400000000385e+01
7.723144800000001453e+01
8.511220799999999542e+01
8.826451199999999631e+01
8.668836000000000297e+01
7.565529600000000698e+01
7.723144800000000032e+01
8.038375200000000120e+01
8.195990399999999454e+01
8.984066399999998964e+01
7.407914399999999944e+01
7.407914399999999944e+01
9.299296800000000474e+01
8.195990400000000875e+01
7.407914399999999944e+01
9.456912000000001228e+01
8.038375200000000120e+01
8.195990399999999454e+01
6.935068800000000522e+01
7.723144800000000032e+01
7.723144800000000032e+01
7.723144800000000032e+01
7.565529600000000698e+01
9.614527200000000562e+01
8.984066400000000385e+01
6.777453599999999767e+01
6.935068799999999101e+01
8.195990399999999454e+01
7.880760000000000787e+01
9.456911999999999807e+01
9.929757599999999229e+01
8.038375200000000120e+01
7.407914399999999944e+01
8.511220800000000963e+01
9.141681599999999719e+01
7.407914399999999944e+01
5.516531999999999414e+01
6.935068799999999101e+01
8.353605600000000209e+01
8.826451200000001052e+01
8.668836000000000297e+01
9.456911999999999807e+01
9.929757600000000650e+01
7.407914399999999944e+01
7.880759999999999366e+01
8.984066400000000385e+01
8.353605600000000209e+01
7.723144800000000032e+01
8.826451199999999631e+01
8.668836000000000297e+01
7.250299200000000610e+01
7.880759999999999366e+01
7.565529599999999277e+01
8.038375200000001541e+01
7.723144800000000032e+01
7.723144800000000032e+01
7.092683999999999855e+01
8.668836000000000297e+01
8.038375200000000120e+01
8.826451199999999631e+01
8.038375200000000120e+01
7.723144800000000032e+01
8.511220799999999542e+01
7.880759999999999366e+01
7.723144800000000032e+01
8.353605600000000209e+01
7.565529600000000698e+01
7.250299200000000610e+01
7.880759999999999366e+01
7.565529599999999277e+01
8.668836000000000297e+01
8.195990399999999454e+01
7.092683999999999855e+01
6.935068800000000522e+01
9.299296800000000474e+01
7.565529600000000698e+01
7.092683999999999855e+01
7.250299199999999189e+01
1.040260320000000149e+02
8.038375200000000120e+01
8.826451199999999631e+01
9.141681599999999719e+01
8.195990399999999454e+01
7.250299200000000610e+01
7.092683999999999855e+01
6.462223200000001100e+01
8.511220800000000963e+01
8.038375200000000120e+01
7.565529600000000698e+01
7.565529599999999277e+01
7.565529600000000698e+01
8.038375200000000120e+01
7.092683999999999855e+01
8.668836000000000297e+01
8.353605600000000209e+01
7.092683999999999855e+01
8.195990400000000875e+01
8.353605600000000209e+01
8.511220799999999542e+01
6.304608000000000345e+01
7.565529600000000698e+01
8.511220799999999542e+01
9.141681600000001140e+01
9.141681599999999719e+01
8.984066400000000385e+01
8.353605600000000209e+01
7.880759999999999366e+01
8.195990399999999454e+01
8.353605600000000209e+01
8.511220800000000963e+01
7.880759999999999366e+01
9.141681599999999719e+01
8.353605600000000209e+01
8.984066400000000385e+01
8.038375200000000120e+01
7.723144800000000032e+01
9.299296800000000474e+01
8.984066400000000385e+01
8.984066400000000385e+01
7.880759999999999366e+01
7.565529600000000698e+01
8.038375199999998699e+01
9.141681599999999719e+01
7.723144799999998611e+01
1.040260320000000007e+02
8.038375200000000120e+01
8.195990399999999454e+01
8.511220800000000963e+01
7.723144800000000032e+01
9.772142399999999895e+01
8.511220799999999542e+01
8.195990400000000875e+01
7.092683999999999855e+01
6.462223200000001100e+01
8.668836000000000297e+01
9.141681599999999719e+01
7.250299200000000610e+01
7.565529600000000698e+01
8.668836000000000297e+01
8.195990399999999454e+01
9.141681599999999719e+01
8.984066400000000385e+01
7.407914399999999944e+01
7.723144800000000032e+01
8.038375200000000120e+01
7.407914399999999944e+01
6.304607999999999635e+01
6.777453599999999767e+01
7.092683999999999855e+01
8.984066400000000385e+01
8.826451199999999631e+01
8.353605600000000209e+01
7.407914399999999944e+01
8.195990399999999454e+01
6.935068800000000522e+01
6.462223199999999679e+01
8.353605600000000209e+01
8.353605600000000209e+01
8.511220800000000963e+01
8.195990399999999454e+01
7.250299200000000610e+01
6.619838400000000433e+01
7.880760000000000787e+01
7.092683999999999855e+01
7.880760000000000787e+01
8.511220800000000963e+01
8.353605600000000209e+01
8.511220799999999542e+01
7.880760000000000787e+01
8.038375200000000120e+01
8.353605600000000209e+01
7.092683999999999855e+01
6.619838400000000433e+01
8.038375200000000120e+01
7.092683999999999855e+01
7.407914399999999944e+01
9.299296799999999052e+01
7.092683999999999855e+01
8.195990399999999454e+01
8.195990399999999454e+01
7.880760000000000787e+01
7.565529599999999277e+01
6.619838400000000433e+01
6.777453599999999767e+01
7.092683999999999855e+01
7.723144799999998611e+01
7.723144800000000032e+01
8.038375200000000120e+01
6.935068799999999101e+01
8.195990399999999454e+01
7.880759999999999366e+01
5.358916800000000080e+01
8.195990399999999454e+01
7.565529600000000698e+01
7.565529600000000698e+01
7.250299199999999189e+01
7.565529600000000698e+01
6.777453599999999767e+01
7.880759999999999366e+01
9.141681600000001140e+01
8.353605600000000209e+01
7.092684000000001276e+01
8.353605600000000209e+01
1.008737279999999998e+02
7.880759999999999366e+01
6.462223199999999679e+01
8.195990399999999454e+01
7.565529599999999277e+01
6.462223200000001100e+01
6.146992800000000301e+01
9.141681599999999719e+01
9.141681599999999719e+01
6.619838399999999012e+01
6.619838399999999012e+01
7.723144800000000032e+01
7.723144800000000032e+01
8.353605600000000209e+01
7.407914399999999944e+01
7.250299200000000610e+01
7.565529600000000698e+01
8.038375200000000120e+01
6.777453599999999767e+01
7.565529600000000698e+01
5.989377600000000257e+01
7.565529599999999277e+01
7.407914399999999944e+01
8.668836000000000297e+01
7.407914399999999944e+01
7.250299199999999189e+01
6.146992800000000301e+01
6.304608000000001056e+01
7.092683999999999855e+01
7.407914399999999944e+01
8.826451199999999631e+01
8.038375200000000120e+01
6.777453600000001188e+01
5.201301600000000036e+01
7.092683999999999855e+01
7.250299199999999189e+01
7.407914399999999944e+01
6.777453599999999767e+01
7.723144800000000032e+01
6.777453599999999767e+01
7.565529600000000698e+01
8.511220799999999542e+01
7.723144800000000032e+01
8.038375200000000120e+01
7.880760000000000787e+01
6.777453600000001188e+01
5.674147200000000169e+01
7.880759999999999366e+01
8.038375200000000120e+01
8.826451199999999631e+01
6.935068800000000522e+01
7.407914400000001365e+01
5.831762400000000923e+01
7.092683999999999855e+01
8.511220800000000963e+01
7.723144800000000032e+01
7.092684000000001276e+01
7.092683999999999855e+01
7.565529600000000698e+01
7.723144800000000032e+01
7.092683999999999855e+01
6.146992799999999590e+01
6.619838400000000433e+01
7.723144800000000032e+01
7.407914400000001365e+01
6.777453599999999767e+01
8.353605600000000209e+01
8.195990399999999454e+01
7.565529600000000698e+01
5.989377600000000257e+01
6.462223200000001100e+01
6.462223200000001100e+01
6.304608000000000345e+01
7.092683999999999855e+01
6.462223199999999679e+01
5.989377600000000257e+01
7.565529599999999277e+01
7.092684000000001276e+01
5.516532000000000124e+01
7.565529599999999277e+01
5.201301600000000747e+01
6.304607999999999635e+01
7.723144800000000032e+01
7.250299200000000610e+01
7.723144800000000032e+01
7.565529600000000698e+01
6.462223199999999679e+01
7.092683999999999855e+01
7.092683999999999855e+01
5.358916800000000080e+01
6.619838400000000433e+01
5.831762400000000923e+01
8.038375200000000120e+01
6.146992800000001012e+01
4.886071199999999948e+01
4.886071199999999948e+01
6.462223199999999679e+01
6.462223199999999679e+01
6.935068800000000522e+01
6.619838400000000433e+01
6.619838400000000433e+01
7.092683999999999855e+01
6.304608000000000345e+01
6.462223199999999679e+01
6.304607999999999635e+01
5.358916800000000080e+01
6.304608000000000345e+01
6.619838400000000433e+01
5.831762400000000213e+01
4.728455999999999904e+01
7.407914399999999944e+01
7.723144800000000032e+01
4.097995199999999727e+01
5.201301600000000036e+01
6.304607999999999635e+01
6.619838400000000433e+01
6.777453599999999767e+01
6.777453600000001188e+01
5.831762400000000213e+01
6.462223199999999679e+01
6.304608000000000345e+01
7.250299200000000610e+01
8.353605600000000209e+01
6.462223199999999679e+01
5.674147199999999458e+01
7.880759999999999366e+01
5.516532000000000835e+01
6.777453600000001188e+01
5.201301600000000036e+01
5.989377600000000257e+01
6.777453599999999767e+01
6.619838400000000433e+01
7.565529600000000698e+01
7.250299199999999189e+01
6.619838400000000433e+01
5.674147200000000169e+01
6.304608000000000345e+01
5.516532000000000124e+01
6.619838400000000433e+01
5.043686400000000702e+01
6.462223199999999679e+01
6.935068799999999101e+01
5.674147199999999458e+01
6.304608000000000345e+01
6.146992799999999590e+01
7.250299200000000610e+01
5.989377600000000257e+01
5.989377600000000257e+01
6.462223199999999679e+01
6.777453599999999767e+01
7.250299199999999189e+01
6.619838400000000433e+01
7.250299200000000610e+01
5.201301600000000036e+01
6.146992800000000301e+01
7.092683999999999855e+01
6.304608000000000345e+01
5.989377600000000257e+01
7.092683999999999855e+01
6.146992800000000301e+01
6.777453599999999767e+01
7.880759999999999366e+01
7.565529600000000698e+01
6.777453600000001188e+01
6.935068800000000522e+01
7.723144800000000032e+01
5.831762400000000213e+01
5.358916800000000791e+01
7.565529600000000698e+01
4.570840799999999859e+01
6.462223199999999679e+01
6.146992799999999590e+01
7.250299200000000610e+01
8.511220800000000963e+01
5.043686399999999992e+01
6.619838400000000433e+01
6.304608000000000345e+01
5.831762400000000213e+01
7.092684000000001276e+01
7.723144800000000032e+01
6.146992799999999590e+01
6.935068800000000522e+01
6.462223199999999679e+01
6.304608000000000345e+01
6.146992799999999590e+01
5.201301600000000036e+01
6.935068800000000522e+01
6.304608000000000345e+01
4.728456000000000614e+01
6.777453599999999767e+01
6.146992800000000301e+01
4.255610400000000482e+01
6.619838400000000433e+01
4.413225599999999815e+01
6.146992800000000301e+01
5.201301600000000747e+01
6.462223199999999679e+01
6.462223199999999679e+01
5.358916800000000080e+01
6.146992800000001012e+01
7.565529599999999277e+01
5.989377600000000257e+01
5.201301600000000036e+01
7.092683999999999855e+01
6.619838399999999012e+01
4.097995200000000438e+01
5.674147200000000169e+01
5.674147200000000169e+01
6.935068799999999101e+01
6.619838400000000433e+01
6.619838400000000433e+01
5.043686399999999992e+01
5.674147200000000169e+01
5.674147200000000169e+01
6.777453599999999767e+01
5.674147200000000169e+01
6.146992799999999590e+01
6.146992800000000301e+01
5.674147200000000879e+01
4.413225599999999815e+01
5.043686399999999992e+01
5.831762400000000923e+01
4.886071200000000658e+01
3.152303999999999817e+01
6.619838400000000433e+01
4.886071200000000658e+01
5.674147200000000169e+01
6.462223199999999679e+01
7.092684000000001276e+01
5.674147200000000169e+01
5.674147200000000169e+01
5.201301599999999326e+01
5.358916800000000080e+01
4.413225600000000526e+01
4.255610399999999771e+01
6.619838400000000433e+01
5.201301600000000747e+01
6.146992799999999590e+01
5.989377600000000257e+01
4.886071200000000658e+01
5.043686399999999992e+01
3.625149600000000305e+01
5.201301600000000747e+01
5.674147200000000169e+01
5.831762400000000923e+01
4.886071200000000658e+01
4.255610400000000482e+01
6.619838400000000433e+01
5.989377600000000257e+01
4.886071199999999948e+01
5.516531999999999414e+01
5.043686399999999992e+01
3.782764800000000349e+01
5.201301600000000747e+01
4.097995200000000438e+01
4.255610400000000482e+01
5.831762400000000213e+01
5.674147200000000169e+01
4.886071200000000658e+01
2.837073600000000084e+01
4.570840800000000570e+01
5.201301599999999326e+01
4.255610400000000482e+01
5.516532000000000124e+01
5.674147200000000169e+01
4.570840799999999859e+01
4.255610399999999771e+01
4.728455999999999904e+01
5.831762400000000923e+01
5.674147200000000169e+01
5.201301600000000747e+01
3.625149600000000305e+01
4.255610400000000482e+01
5.043686399999999992e+01
5.989377600000000257e+01
3.625149600000000305e+01
5.674147200000000169e+01
3.625149600000000305e+01
4.728456000000000614e+01
4.413225600000000526e+01
4.886071199999999948e+01
2.521843200000000351e+01
4.097995200000000438e+01
4.255610400000000482e+01
5.358916800000000080e+01
5.201301600000000747e+01
4.255610400000000482e+01
4.413225600000000526e+01
4.097995200000000438e+01
5.201301600000000036e+01
5.201301600000000747e+01
3.467534400000000261e+01
3.625149600000000305e+01
5.674147200000000169e+01
4.413225600000000526e+01
3.625149600000000305e+01
3.940380000000000393e+01
3.467534400000000261e+01
5.201301600000000036e+01
5.043686399999999992e+01
2.679458400000000040e+01
3.625149600000000305e+01
3.625149600000000305e+01
3.625149600000000305e+01
3.152304000000000173e+01
2.521843199999999996e+01
4.097995200000000438e+01
2.994688800000000128e+01
3.782764800000000349e+01
4.413225599999999815e+01
4.728455999999999904e+01
4.413225599999999815e+01
3.625149600000000305e+01
2.679458400000000040e+01
4.255610400000000482e+01
3.309919200000000217e+01
3.152304000000000173e+01
3.309919200000000217e+01
3.940380000000000393e+01
5.043686399999999992e+01
4.886071200000000658e+01
4.570840800000000570e+01
2.994688800000000128e+01
2.206612800000000263e+01
3.152304000000000173e+01
4.413225599999999815e+01
5.831762399999999502e+01
2.521843200000000351e+01
3.152304000000000173e+01
3.152304000000000173e+01
2.994688800000000128e+01
3.152304000000000173e+01
3.467534400000000261e+01
3.625149600000000305e+01
2.679458400000000040e+01
2.679458400000000040e+01
4.097995200000000438e+01
1.260921599999999998e+01
3.309919200000000217e+01
3.625149600000000305e+01
3.782764800000000349e+01
2.521843199999999996e+01
3.940380000000000393e+01
4.097995199999999727e+01
3.782764799999999639e+01
2.837073600000000084e+01
2.994688800000000128e+01
3.152304000000000173e+01
2.679458400000000040e+01
3.309919200000000217e+01
4.886071200000000658e+01
4.413225599999999815e+01
3.152304000000000173e+01
1.418536800000000042e+01
2.364227999999999952e+01
1.891382400000000175e+01
2.521843199999999996e+01
4.097995200000000438e+01
2.994688800000000128e+01
3.309919200000000217e+01
3.625149600000000305e+01
3.152304000000000173e+01
2.364227999999999952e+01
3.940380000000000393e+01
3.467534400000000261e+01
2.994688800000000484e+01
2.048997600000000219e+01
2.048997599999999863e+01
2.521843199999999996e+01
2.837073600000000084e+01
3.940380000000000393e+01
3.467534399999999550e+01
4.413225600000000526e+01
3.940380000000000393e+01
3.625149600000000305e+01
3.152304000000000173e+01
2.994688800000000128e+01
2.837073600000000084e+01
4.886071200000000658e+01
2.837073599999999729e+01
2.679458400000000040e+01
3.782764799999999639e+01
2.679458400000000040e+01
3.467534399999999550e+01
2.837073600000000084e+01
2.521843199999999996e+01
2.521843199999999996e+01
3.152304000000000173e+01
3.782764799999999639e+01
4.097995199999999727e+01
3.782764800000000349e+01
2.679458400000000040e+01
2.206612799999999908e+01
2.048997599999999863e+01
2.521843199999999996e+01
2.206612799999999908e+01
2.521843199999999996e+01
1.576152000000000086e+01
4.097995199999999727e+01
3.940380000000000393e+01
2.048997599999999863e+01
2.364227999999999952e+01
3.309919200000000217e+01
3.467534400000000261e+01
1.891382400000000175e+01
4.886071199999999948e+01
3.782764800000000349e+01
1.576152000000000086e+01
3.309919200000000217e+01
1.733767200000000130e+01
3.782764800000000349e+01
3.782764799999999639e+01
3.467534400000000261e+01
2.837073600000000084e+01
3.467534400000000261e+01
3.467534400000000261e+01
3.152304000000000173e+01
2.206612800000000263e+01
2.679458400000000040e+01
3.940380000000000393e+01
4.255610400000000482e+01
3.940380000000000393e+01
2.364227999999999952e+01
2.521843199999999996e+01
2.048997599999999863e+01
3.152304000000000173e+01
3.152304000000000173e+01
5.831762400000000213e+01
3.625149600000000305e+01
3.309919200000000217e+01
4.255610400000000482e+01
4.413225600000000526e+01
4.255610400000000482e+01
2.837073600000000084e+01
2.994688800000000128e+01
2.048997600000000219e+01
1.733767200000000130e+01
3.467534399999999550e+01
2.364227999999999952e+01
2.994688800000000128e+01
2.206612799999999908e+01
3.625149600000000305e+01
2.837073600000000084e+01
2.837073600000000084e+01
3.782764800000000349e+01
3.309919200000000217e+01
3.782764799999999639e+01
4.255610400000000482e+01
2.679458400000000040e+01
2.364227999999999952e+01
3.152304000000000173e+01
3.782764799999999639e+01
2.994688800000000128e+01
2.994688800000000128e+01
2.206612800000000263e+01
4.413225599999999815e+01
3.467534400000000261e+01
3.782764800000000349e+01
2.994688800000000128e+01
1.891382399999999819e+01
2.679458400000000040e+01
3.467534400000000261e+01
4.413225600000000526e+01
4.097995199999999727e+01
3.467534400000000261e+01
2.837073600000000084e+01
2.679458400000000040e+01
1.576152000000000086e+01
3.625149600000000305e+01
2.048997600000000219e+01
2.837073600000000084e+01
3.467534400000000261e+01
4.570840800000000570e+01
3.309919200000000217e+01
3.940380000000000393e+01
4.097995199999999727e+01
4.255610400000000482e+01
5.043686399999999992e+01
1.733767199999999775e+01
3.309919200000000217e+01
3.940380000000000393e+01
3.309919200000000217e+01
3.625149600000000305e+01
5.201301600000000747e+01
4.570840800000000570e+01
3.152304000000000173e+01
3.309919200000000217e+01
3.309919200000000217e+01
3.309919200000000217e+01
2.521843199999999996e+01
3.782764799999999639e+01
1.733767200000000130e+01
4.097995199999999727e+01
3.625149600000000305e+01
4.255610400000000482e+01
4.570840800000000570e+01
3.625149600000000305e+01
3.309919200000000217e+01
3.940380000000000393e+01
1.891382399999999819e+01
2.521843200000000351e+01
3.467534399999999550e+01
4.255610400000000482e+01
2.521843200000000351e+01
4.570840800000000570e+01
4.255610400000000482e+01
2.994688800000000128e+01
3.152304000000000173e+01
5.358916800000000080e+01
2.679458400000000040e+01
1.733767200000000130e+01
4.255610400000000482e+01
3.940380000000000393e+01
3.152304000000000173e+01
3.782764799999999639e+01
4.255610400000000482e+01
4.570840799999999859e+01
4.728456000000000614e+01
3.309919200000000217e+01
3.467534400000000261e+01
3.782764800000000349e+01
4.097995200000000438e+01
5.201301600000000747e+01
2.679458400000000040e+01
4.097995199999999727e+01
2.521843199999999996e+01
4.255610400000000482e+01
1.576152000000000086e+01
4.255610400000000482e+01
4.728456000000000614e+01
3.152304000000000173e+01
2.994688800000000128e+01
3.152304000000000173e+01
4.886071200000000658e+01
4.886071200000000658e+01
3.625149600000000305e+01
4.413225599999999815e+01
3.625149600000000305e+01
2.837073600000000440e+01
2.206612799999999908e+01
4.255610400000000482e+01
2.837073600000000084e+01
2.994688800000000128e+01
5.516532000000000835e+01
5.043686399999999992e+01
2.994688800000000128e+01
3.152304000000000173e+01
2.521843199999999996e+01
2.994688800000000128e+01
2.837073600000000084e+01
4.570840800000000570e+01
3.625149600000000305e+01
3.467534400000000261e+01
3.309919200000000217e+01
4.413225599999999815e+01
3.309919200000000217e+01
3.782764800000000349e+01
2.364227999999999952e+01
3.467534400000000261e+01
2.364228000000000307e+01
2.994688800000000128e+01
4.255610400000000482e+01
4.728455999999999904e+01
4.413225600000000526e+01
3.940380000000000393e+01
4.886071200000000658e+01
4.255610400000000482e+01
2.364228000000000662e+01
3.467534400000000261e+01
3.309919200000000217e+01
3.782764799999999639e+01
4.097995199999999727e+01
3.467534400000000261e+01
4.570840800000000570e+01
2.048997599999999863e+01
2.994688800000000128e+01
3.467534400000000261e+01
4.097995199999999727e+01
3.940380000000000393e+01
3.152304000000000173e+01
2.679458400000000040e+01
3.309919200000000217e+01
3.152304000000000173e+01
4.255610400000000482e+01
3.309919200000000217e+01
4.255610400000000482e+01
2.521843199999999996e+01
2.521843199999999996e+01
3.309919200000000217e+01
3.782764800000000349e+01
3.625149600000000305e+01
3.940380000000000393e+01
3.940380000000000393e+01
5.043686399999999992e+01
2.994688800000000128e+01
3.152304000000000173e+01
4.413225600000000526e+01
4.413225599999999815e+01
2.837073599999999729e+01
2.521843199999999996e+01
4.097995199999999727e+01
4.097995199999999727e+01
2.837073600000000084e+01
2.364227999999999952e+01
2.206612799999999908e+01
2.679458400000000040e+01
3.782764800000000349e+01
3.467534400000000261e+01
3.940380000000000393e+01
3.309919200000000217e+01
5.674147200000000169e+01
3.625149600000000305e+01
4.570840800000000570e+01
3.152304000000000173e+01
3.467534400000000261e+01
2.364227999999999952e+01
2.364227999999999952e+01
2.679458400000000040e+01
2.679458400000000040e+01
4.255610400000000482e+01
3.467534400000000261e+01
3.782764799999999639e+01
3.152304000000000173e+01
4.255610400000000482e+01
3.309919200000000217e+01
2.048997599999999863e+01
2.679458400000000040e+01
2.364227999999999952e+01
3.625149600000000305e+01
3.309919200000000217e+01
2.837073599999999729e+01
2.521843199999999996e+01
1.891382400000000175e+01
3.467534399999999550e+01
3.625149600000000305e+01
3.152304000000000173e+01
3.782764800000000349e+01
5.043686400000000702e+01
4.570840800000000570e+01
4.097995200000000438e+01
3.309919200000000217e+01
3.309919200000000217e+01
4.570840800000000570e+01
4.097995200000000438e+01
3.152304000000000173e+01
7.880760000000000431e+00
1.418536800000000042e+01
3.625149600000000305e+01
3.467534400000000261e+01
4.255610400000000482e+01
3.309919200000000217e+01
1.733767200000000130e+01
2.206612799999999908e+01
4.413225599999999815e+01
4.255610400000000482e+01
3.309919200000000217e+01
3.625149600000000305e+01
1.733767199999999775e+01
3.940380000000000393e+01
3.152304000000000173e+01
3.940380000000000393e+01
3.467534400000000261e+01
9.456912000000000873e+00
2.679458400000000040e+01
2.206612800000000263e+01
3.309919200000000217e+01
3.467534400000000261e+01
3.152304000000000173e+01
2.837073600000000084e+01
2.994688800000000128e+01
1.733767200000000130e+01
2.837073600000000084e+01
3.940380000000000393e+01
3.940380000000000393e+01
5.201301600000000747e+01
3.940380000000000393e+01
3.309919200000000217e+01
2.994688800000000128e+01
2.364227999999999952e+01
3.782764799999999639e+01
4.886071200000000658e+01
2.521843199999999996e+01
3.467534400000000261e+01
1.891382399999999819e+01
4.255610400000000482e+01
4.413225600000000526e+01
2.364227999999999952e+01
3.467534400000000261e+01
2.837073600000000084e+01
2.994688800000000128e+01
5.201301599999999326e+01
4.097995199999999727e+01
2.994688800000000128e+01
2.994688800000000128e+01
3.152304000000000173e+01
2.206612799999999908e+01
3.625149600000000305e+01
2.521843199999999996e+01
3.625149600000000305e+01
4.728455999999999904e+01
3.309919200000000217e+01
3.467534399999999550e+01
3.625149600000000305e+01
3.467534400000000261e+01
3.625149600000000305e+01
3.152304000000000173e+01
2.994688800000000128e+01
2.994688800000000128e+01
2.679458400000000040e+01
3.782764800000000349e+01
4.255610399999999771e+01
3.309919200000000217e+01
5.516531999999999414e+01
2.994688800000000128e+01
2.994688800000000128e+01
3.940379999999999683e+01
4.728456000000000614e+01
2.679458400000000040e+01
1.733767199999999775e+01
3.152304000000000173e+01
3.152304000000000528e+01
4.728456000000000614e+01
3.467534399999999550e+01
4.097995199999999727e+01
3.309919200000000217e+01
4.255610400000000482e+01
5.358916800000000080e+01
4.097995199999999727e+01
1.418536800000000042e+01
3.782764799999999639e+01
3.467534400000000261e+01
3.152304000000000173e+01
3.152304000000000173e+01
3.940380000000000393e+01
3.782764800000000349e+01
3.625149600000000305e+01
4.728455999999999904e+01
4.570840799999999859e+01
4.097995200000000438e+01
3.940380000000000393e+01
4.097995199999999727e+01
2.048997600000000219e+01
2.679458400000000040e+01
4.728455999999997772e+00
2.679458400000000040e+01
1.260921599999999998e+01
2.994688800000000128e+01
5.043686399999999992e+01
2.837073600000000084e+01
1.576152000000000086e+01
2.994688800000000128e+01
3.309919200000000217e+01
4.886071200000000658e+01
4.886071200000000658e+01
3.782764800000000349e+01
3.467534400000000261e+01
4.255610400000000482e+01
2.837073600000000084e+01
4.570840800000000570e+01
4.413225599999999815e+01
2.994688800000000128e+01
3.309919200000000217e+01
2.521843199999999996e+01
2.521843199999999996e+01
2.994688800000000128e+01
3.940380000000000393e+01
3.309919200000000217e+01
3.625149600000000305e+01
2.837073600000000084e+01
3.940380000000000393e+01
3.625149600000000305e+01
4.728455999999999904e+01
2.364228000000000307e+01
3.467534400000000261e+01
4.255610400000000482e+01
2.837073600000000084e+01
2.364228000000000307e+01
4.097995200000000438e+01
4.728455999999999904e+01
3.152304000000000173e+01
2.206612799999999908e+01
3.940380000000000393e+01
4.255610400000000482e+01
4.413225599999999815e+01
3.940380000000000393e+01
4.728456000000000614e+01
3.940380000000000393e+01
3.625149600000000305e+01
3.782764800000000349e+01
3.152304000000000173e+01
3.152304000000000173e+01
4.097995200000000438e+01
2.837073600000000084e+01
2.521843199999999996e+01
2.521843200000000351e+01
4.097995200000000438e+01
3.940380000000000393e+01
3.467534400000000261e+01
2.679458400000000040e+01
2.521843199999999996e+01
3.940380000000000393e+01
1.891382400000000175e+01
3.467534400000000261e+01
2.521843200000000351e+01
2.837073600000000084e+01
2.364227999999999952e+01
4.255610400000000482e+01
4.728456000000000614e+01
2.364227999999999952e+01
2.364227999999999952e+01
4.886071200000000658e+01
3.625149600000000305e+01
3.152304000000000173e+01
4.097995200000000438e+01
5.043686400000000702e+01
2.837073600000000084e+01
3.309919200000000217e+01
2.679458400000000040e+01
4.097995199999999727e+01
4.728455999999999904e+01
3.782764800000000349e+01
4.570840800000000570e+01
4.097995200000000438e+01
4.255610400000000482e+01
4.413225599999999815e+01
2.679458400000000040e+01
3.152304000000000173e+01
4.728455999999999904e+01
4.886071200000000658e+01
2.994688800000000128e+01
3.152303999999999817e+01
2.679458400000000040e+01
2.521843199999999996e+01
3.467534400000000261e+01
2.837073599999999729e+01
3.782764800000000349e+01
3.467534399999999550e+01
3.782764799999999639e+01
3.309919200000000217e+01
1.260921599999999998e+01
4.097995200000000438e+01
3.940380000000000393e+01
3.309919200000000217e+01
5.043686399999999992e+01
2.994688800000000128e+01
3.309919200000000217e+01
2.679458400000000040e+01
4.728455999999999904e+01
3.782764799999999639e+01
5.201301600000000036e+01
4.097995199999999727e+01
3.782764800000000349e+01
3.940380000000000393e+01
3.940380000000000393e+01
4.413225599999999815e+01
2.994688800000000484e+01
3.309919200000000217e+01
3.467534400000000261e+01
2.206612799999999908e+01
3.625149600000000305e+01
5.043686399999999992e+01
2.521843199999999996e+01
1.891382399999999819e+01
4.570840800000000570e+01
2.364228000000000307e+01
2.994688800000000128e+01
3.152304000000000173e+01
5.674147200000000169e+01
3.940380000000000393e+01
2.679458400000000040e+01
2.994688800000000128e+01
3.782764799999999639e+01
2.837073600000000084e+01
2.679458400000000040e+01
2.679458400000000040e+01
2.364227999999999952e+01
1.733767200000000130e+01
3.782764799999999639e+01
4.570840800000000570e+01
3.940380000000000393e+01
2.521843199999999996e+01
3.782764799999999639e+01
4.886071200000000658e+01
3.152304000000000173e+01
3.782764800000000349e+01
3.782764800000000349e+01
2.837073600000000084e+01
1.733767200000000130e+01
4.255610400000000482e+01
2.994688800000000128e+01
3.625149600000000305e+01
3.467534400000000261e+01
4.886071200000000658e+01
2.679458400000000040e+01
3.309919200000000217e+01
3.625149600000000305e+01
3.782764800000000349e+01
4.570840800000000570e+01
3.467534400000000261e+01
3.152304000000000173e+01
3.625149600000000305e+01
2.679458400000000040e+01
2.048997599999999863e+01
1.733767199999999775e+01
3.625149600000000305e+01
4.097995200000000438e+01
2.679458400000000040e+01
2.679458400000000040e+01
2.364228000000000307e+01
3.309919200000000217e+01
3.309919200000000217e+01
3.625149600000000305e+01
4.255610400000000482e+01
4.097995200000000438e+01
3.467534399999999550e+01
2.679458400000000040e+01
3.782764800000000349e+01
3.940380000000000393e+01
2.206612800000000263e+01
3.625149600000000305e+01
2.679458400000000040e+01
2.679458400000000040e+01
2.048997600000000219e+01
3.782764800000000349e+01
2.048997599999999863e+01
3.625149600000000305e+01
4.097995199999999727e+01
3.152304000000000173e+01
2.679458400000000040e+01
3.309919200000000217e+01
3.152304000000000173e+01
2.521843199999999996e+01
2.364228000000000307e+01
3.152304000000000173e+01
4.255610400000000482e+01
4.255610400000000482e+01
4.413225600000000526e+01
2.837073600000000084e+01
3.309919200000000217e+01
2.679458400000000040e+01
3.467534400000000261e+01
2.994688800000000128e+01
4.413225599999999815e+01
5.043686399999999992e+01
3.309919200000000217e+01
2.521843199999999996e+01
1.418536800000000042e+01
2.837073600000000084e+01
3.152304000000000173e+01
2.048997600000000219e+01
1.891382400000000175e+01
2.837073600000000084e+01
3.782764799999999639e+01
5.674147200000000169e+01
4.886071200000000658e+01
1.733767200000000130e+01
2.206612799999999908e+01
2.206612800000000263e+01
2.994688800000000484e+01
2.206612800000000263e+01
1.418536799999999864e+01
3.782764800000000349e+01
2.994688800000000128e+01
2.679458400000000395e+01
4.255610400000000482e+01
3.309919200000000217e+01
2.837073599999999729e+01
2.206612799999999908e+01
4.097995199999999727e+01
3.309919200000000217e+01
3.467534400000000261e+01
2.994688800000000128e+01
2.994688800000000128e+01
2.364227999999999952e+01
2.364227999999999952e+01
2.364228000000000307e+01
2.364228000000000307e+01
3.625149600000000305e+01
2.837073600000000084e+01
3.782764800000000349e+01
2.364227999999999952e+01
3.309919200000000217e+01
2.364228000000000307e+01
2.994688800000000128e+01
2.048997599999999863e+01
1.260921599999999998e+01
2.837073600000000084e+01
3.467534400000000261e+01
3.309919200000000217e+01
2.206612799999999908e+01
2.206612799999999908e+01
2.679458400000000040e+01
2.837073600000000084e+01
3.940380000000000393e+01
2.521843199999999996e+01
3.625149600000000305e+01
4.886071199999999948e+01
2.048997600000000574e+01
2.994688800000000128e+01
3.309919200000000217e+01
3.625149600000000305e+01
1.891382400000000175e+01
3.625149600000000305e+01
2.679458400000000040e+01
1.576151999999999731e+01
2.521843199999999996e+01
2.206612800000000263e+01
3.940380000000000393e+01
4.255610400000000482e+01
2.521843199999999996e+01
2.206612799999999908e+01
2.837073600000000084e+01
2.679458400000000040e+01
3.152303999999999817e+01
1.576152000000000086e+01
3.782764800000000349e+01
3.309919200000000217e+01
2.679458400000000040e+01
3.152304000000000173e+01
3.940380000000000393e+01
3.467534399999999550e+01
3.309919200000000217e+01
2.837073600000000084e+01
2.994688800000000128e+01
3.309919200000000217e+01
3.940380000000000393e+01
3.309919200000000217e+01
3.625149600000000305e+01
4.255610399999999771e+01
1.103306400000000131e+01
3.309919200000000217e+01
1.103306400000000131e+01
2.679458400000000040e+01
2.521843199999999996e+01
2.837073600000000084e+01
9.456912000000000873e+00
2.048997599999999863e+01
2.994688800000000484e+01
2.364227999999999952e+01
2.521843199999999996e+01
3.309919200000000217e+01
3.467534399999999550e+01
4.413225599999999815e+01
2.364228000000000307e+01
2.206612799999999908e+01
2.206612799999999908e+01
4.097995199999999727e+01
3.467534400000000261e+01
2.206612799999999908e+01
4.097995200000000438e+01
3.625149600000000305e+01
3.625149600000000305e+01
2.994688800000000128e+01
3.309919200000000217e+01
3.152304000000000528e+01
3.782764799999999639e+01
2.521843199999999996e+01
4.255610400000000482e+01
4.413225599999999815e+01
2.837073600000000084e+01
1.733767200000000130e+01
2.048997599999999863e+01
2.364227999999999952e+01
2.048997600000000219e+01
1.733767200000000130e+01
3.467534399999999550e+01
5.358916800000000080e+01
3.782764799999999639e+01
3.309919200000000217e+01
2.994688800000000128e+01
4.255610400000000482e+01
3.152304000000000173e+01
2.994688800000000128e+01
1.891382400000000175e+01
2.837073600000000084e+01
1.891382400000000175e+01
3.625149600000000305e+01
4.255610400000000482e+01
4.570840800000000570e+01
2.206612799999999908e+01
2.048997599999999863e+01
3.625149600000000305e+01
2.206612800000000263e+01
4.413225600000000526e+01
3.940380000000000393e+01
2.521843199999999996e+01
2.837073600000000084e+01
3.782764799999999639e+01
3.152304000000000173e+01
3.309919200000000217e+01
2.994688800000000128e+01
3.940380000000000393e+01
3.940380000000000393e+01
2.048997599999999863e+01
1.891382400000000175e+01
4.413225600000000526e+01
3.309919200000000217e+01
4.255610400000000482e+01
2.679458400000000040e+01
3.152304000000000528e+01
2.679458400000000040e+01
2.521843199999999996e+01
2.521843199999999996e+01
4.255610400000000482e+01
2.837073600000000084e+01
2.679458400000000040e+01
2.679458400000000040e+01
3.309919200000000217e+01
3.782764800000000349e+01
3.940380000000000393e+01
3.152304000000000173e+01
3.152304000000000173e+01
2.837073600000000084e+01
2.679458400000000395e+01
2.364228000000000307e+01
3.309919200000000217e+01
3.152304000000000173e+01
2.679458400000000040e+01
3.152304000000000173e+01
1.103306399999999776e+01
1.733767200000000130e+01
3.625149600000000305e+01
2.206612800000000263e+01
2.364228000000000307e+01
4.255610400000000482e+01
3.782764800000000349e+01
4.886071200000000658e+01
4.413225599999999815e+01
2.679458400000000040e+01
2.048997599999999863e+01
2.364228000000000307e+01
3.782764800000000349e+01
4.570840800000000570e+01
2.994688800000000484e+01
2.994688800000000128e+01
2.994688800000000128e+01
2.206612799999999908e+01
3.467534400000000261e+01
2.521843200000000351e+01
2.364228000000000307e+01
2.048997599999999863e+01
2.521843199999999996e+01
3.467534400000000261e+01
4.255610400000000482e+01
2.994688800000000128e+01
4.255610400000000482e+01
2.048997600000000219e+01
2.048997599999999863e+01
3.782764800000000349e+01
1.891382399999999819e+01
3.625149600000000305e+01
3.309919200000000217e+01
3.152304000000000173e+01
4.255610400000000482e+01
2.521843200000000706e+01
2.048997600000000219e+01
1.733767200000000486e+01
1.891382400000000175e+01
3.467534399999999550e+01
3.152304000000000173e+01
3.152304000000000173e+01
2.206612800000000263e+01
3.309919200000000217e+01
2.994688800000000128e+01
3.625149600000000305e+01
3.940380000000000393e+01
2.679458400000000040e+01
2.521843200000000351e+01
2.837073600000000084e+01
2.364227999999999952e+01
9.456912000000000873e+00
3.782764799999999639e+01
2.521843199999999996e+01
3.940380000000000393e+01
2.837073600000000084e+01
3.309919200000000217e+01
2.521843200000000351e+01
2.994688800000000128e+01
3.625149600000000305e+01
3.152304000000000173e+01
2.521843199999999996e+01
3.940380000000000393e+01
2.837073600000000084e+01
3.309919200000000217e+01
2.994688800000000128e+01
3.467534400000000261e+01
2.837073600000000084e+01
2.048997599999999863e+01
3.309919200000000217e+01
2.521843200000000351e+01
4.097995200000000438e+01
4.570840800000000570e+01
2.837073600000000440e+01
4.413225600000000526e+01
2.994688800000000128e+01
2.521843199999999996e+01
4.097995200000000438e+01
3.625149600000000305e+01
4.413225600000000526e+01
3.782764799999999639e+01
4.728455999999999904e+01
4.097995199999999727e+01
2.679458400000000040e+01
2.994688800000000128e+01
2.048997599999999863e+01
1.891382400000000175e+01
1.576152000000000264e+01
2.521843199999999996e+01
5.043686399999999992e+01
3.940380000000000393e+01
3.940380000000000393e+01
3.152304000000000173e+01
2.837073600000000084e+01
3.782764800000000349e+01
3.782764799999999639e+01
2.521843200000000351e+01
1.418536800000000220e+01
2.364228000000000307e+01
2.048997599999999863e+01
1.260921600000000353e+01
4.255610400000000482e+01
5.043686399999999992e+01
2.994688800000000128e+01
2.994688800000000128e+01
3.152304000000000528e+01
2.994688800000000128e+01
2.994688800000000128e+01
3.309919200000000217e+01
3.625149600000000305e+01
1.418536799999999864e+01
1.576152000000000086e+01
2.364227999999999952e+01
3.152304000000000173e+01
2.206612799999999908e+01
3.152304000000000528e+01
4.570840800000000570e+01
2.679458400000000040e+01
1.576151999999999909e+01
2.994688800000000484e+01
4.255610400000000482e+01
2.048997599999999863e+01
2.206612799999999908e+01
3.309919200000000217e+01
2.994688800000000128e+01
2.206612799999999908e+01
3.467534400000000261e+01
4.413225599999999815e+01
2.206612799999999908e+01
1.891382399999999819e+01
2.994688800000000128e+01
9.456912000000000873e+00
2.048997600000000219e+01
2.364228000000000307e+01
3.309919200000000217e+01
3.940380000000000393e+01
3.625149600000000305e+01
2.994688800000000128e+01
2.679458400000000040e+01
2.206612800000000263e+01
2.048997600000000219e+01
2.837073600000000084e+01
2.837073600000000084e+01
2.521843199999999996e+01
1.418536799999999864e+01
4.097995200000000438e+01
2.048997599999999863e+01
3.940380000000000393e+01
3.467534400000000261e+01
2.679458400000000040e+01
1.576152000000000086e+01
2.994688800000000128e+01
1.891382400000000175e+01
3.625149600000000305e+01
2.048997599999999863e+01
2.994688800000000128e+01
2.048997599999999863e+01
2.364227999999999952e+01
2.364227999999999952e+01
2.679458400000000040e+01
3.309919200000000217e+01
2.994688800000000128e+01
2.679458400000000040e+01
1.891382400000000175e+01
3.625149600000000305e+01
2.994688800000000128e+01
1.733767200000000130e+01
3.309919200000000217e+01
3.625149600000000305e+01
1.260921600000000176e+01
4.097995200000000438e+01
3.309919200000000217e+01
1.260921599999999998e+01
2.837073600000000084e+01
2.679458400000000040e+01
2.364227999999999952e+01
3.940380000000000393e+01
3.309919200000000217e+01
1.733767199999999775e+01
2.994688800000000128e+01
3.467534400000000261e+01
3.467534400000000261e+01
3.625149600000000305e+01
3.467534399999999550e+01
3.940380000000000393e+01
3.467534400000000261e+01
3.309919200000000217e+01
4.413225599999999815e+01
2.521843199999999996e+01
2.837073600000000084e+01
1.891382400000000175e+01
1.891382399999999819e+01
2.048997600000000219e+01
4.570840800000000570e+01
2.521843200000000351e+01
2.679458400000000040e+01
2.679458400000000040e+01
2.837073600000000084e+01
3.782764800000000349e+01
3.940380000000000393e+01
3.625149600000000305e+01
3.152304000000000173e+01
1.260921599999999998e+01
1.733767199999999775e+01
3.625149600000000305e+01
2.679458400000000040e+01
2.994688800000000484e+01
4.413225599999999815e+01
1.733767200000000130e+01
1.576152000000000086e+01
2.994688800000000128e+01
2.364228000000000307e+01
2.679458400000000040e+01
2.837073600000000084e+01
2.837073600000000084e+01
3.152304000000000173e+01
3.467534399999999550e+01
2.364227999999999952e+01
1.733767200000000130e+01
1.733767200000000130e+01
4.570840800000000570e+01
3.309919200000000217e+01
2.364227999999999952e+01
2.994688800000000128e+01
2.994688800000000128e+01
2.521843199999999996e+01
2.048997600000000219e+01
2.364227999999999952e+01
2.364227999999999952e+01
2.048997600000000219e+01
3.467534399999999550e+01
4.413225599999999815e+01
3.940380000000000393e+01
3.309919200000000217e+01
2.364227999999999952e+01
3.152304000000000173e+01
2.521843199999999996e+01
3.309919200000000217e+01
3.152304000000000173e+01
2.994688800000000128e+01
9.456911999999999097e+00
1.103306400000000131e+01
2.521843199999999996e+01
3.467534400000000261e+01
2.837073599999999729e+01
2.206612799999999908e+01
3.467534400000000261e+01
3.625149600000000305e+01
1.733767200000000130e+01
3.152303999999999817e+01
2.521843199999999996e+01
2.048997599999999863e+01
2.206612799999999908e+01
2.994688800000000128e+01
3.467534400000000261e+01
2.364227999999999952e+01
2.837073600000000084e+01
2.994688800000000128e+01
3.309919200000000217e+01
3.940380000000000393e+01
4.255610400000000482e+01
2.837073600000000084e+01
2.048997599999999863e+01
3.782764800000000349e+01
2.521843199999999996e+01
2.048997599999999863e+01
2.521843199999999996e+01
1.733767199999999775e+01
2.994688800000000128e+01
2.679458400000000040e+01
1.260921600000000176e+01
2.206612800000000263e+01
1.891382400000000175e+01
3.940380000000000393e+01
3.940380000000000393e+01
2.206612800000000263e+01
