"current"
9.968028480841482519e+00
-2.662803519158519094e+00
-7.399365519158521920e+00
-7.399365519158521920e+00
1.786229848084148131e+01
-4.241657519158522405e+00
4.949044808414804208e-01
-5.820511519158522162e+00
8.389174480841475656e+00
-2.662803519158519094e+00
1.470459048084148179e+01
4.949044808414804208e-01
4.949044808414768681e-01
5.231466480841479694e+00
5.231466480841490352e+00
-1.083949519158519337e+00
-1.687248951915851691e+01
9.968028480841475414e+00
-4.241657519158518852e+00
5.231466480841476141e+00
-8.978219519158521678e+00
5.231466480841476141e+00
-8.978219519158518125e+00
-2.662803519158515542e+00
8.389174480841475656e+00
1.944115248084148106e+01
-1.083949519158522889e+00
-7.399365519158518367e+00
4.949044808414804208e-01
1.628344448084148155e+01
-2.662803519158515542e+00
-2.662803519158519094e+00
6.810320480841479451e+00
3.652612480841476383e+00
1.470459048084148179e+01
-2.662803519158519094e+00
4.949044808414768681e-01
-2.318790551915850884e+01
9.968028480841482519e+00
2.073758480841476626e+00
8.389174480841475656e+00
-2.662803519158519094e+00
4.949044808414804208e-01
2.073758480841476626e+00
1.470459048084148534e+01
2.073758480841483731e+00
2.073758480841480178e+00
1.312573648084148203e+01
5.231466480841479694e+00
-8.978219519158521678e+00
-1.213592751915851942e+01
-2.662803519158519094e+00
1.154688248084147517e+01
-8.978219519158518125e+00
2.073758480841476626e+00
9.968028480841482519e+00
1.154688248084148228e+01
-4.241657519158518852e+00
2.073758480841480178e+00
6.810320480841479451e+00
-1.083949519158515784e+00
-2.662803519158522647e+00
-5.820511519158518610e+00
5.231466480841479694e+00
-1.083949519158522889e+00
-1.083949519158519337e+00
1.470459048084148179e+01
5.231466480841476141e+00
-4.241657519158518852e+00
3.652612480841476383e+00
-4.241657519158518852e+00
-8.978219519158514572e+00
1.628344448084148155e+01
2.073758480841476626e+00
4.949044808414804208e-01
-7.399365519158518367e+00
-1.083949519158522889e+00
-1.371478151915851740e+01
1.312573648084148203e+01
1.628344448084148155e+01
4.949044808414804208e-01
-1.083949519158522889e+00
-1.055707351915851788e+01
-1.371478151915852095e+01
-1.845134351915850957e+01
-2.318790551915851594e+01
6.810320480841475899e+00
-1.371478151915851029e+01
8.389174480841482762e+00
-2.662803519158519094e+00
-7.399365519158518367e+00
6.810320480841475899e+00
1.154688248084147517e+01
6.810320480841483004e+00
-1.213592751915851764e+01
8.389174480841489867e+00
1.470459048084147469e+01
9.968028480841475414e+00
-2.662803519158519094e+00
2.073758480841476626e+00
-2.662803519158519094e+00
3.207198448084148623e+01
1.470459048084147469e+01
-1.371478151915851917e+01
-1.687248951915852047e+01
-8.978219519158518125e+00
1.312573648084148203e+01
3.652612480841476383e+00
8.389174480841475656e+00
4.949044808414768681e-01
-1.055707351915851788e+01
-2.476675951915850860e+01
-8.978219519158518125e+00
2.102000648084148082e+01
-4.241657519158518852e+00
2.259886048084148058e+01
5.231466480841483246e+00
8.389174480841475656e+00
-7.399365519158518367e+00
-2.662803519158522647e+00
-2.662803519158522647e+00
1.470459048084148179e+01
-2.662803519158519094e+00
-5.820511519158518610e+00
-1.055707351915851078e+01
4.949044808414768681e-01
3.652612480841479936e+00
4.949044808414768681e-01
3.652612480841483489e+00
-2.662803519158519094e+00
1.154688248084147517e+01
8.389174480841482762e+00
-2.662803519158522647e+00
2.102000648084148082e+01
2.102000648084148082e+01
9.968028480841475414e+00
5.231466480841476141e+00
1.470459048084148534e+01
-2.662803519158522647e+00
-2.662803519158522647e+00
-2.662803519158519094e+00
6.810320480841475899e+00
4.949044808414804208e-01
-1.213592751915852119e+01
2.073758480841476626e+00
3.652612480841476383e+00
1.312573648084148203e+01
9.968028480841475414e+00
1.312573648084148203e+01
-2.662803519158515542e+00
-7.399365519158518367e+00
4.949044808414804208e-01
-5.820511519158507951e+00
4.949044808414804208e-01
6.810320480841483004e+00
5.231466480841476141e+00
9.968028480841475414e+00
-1.055707351915851078e+01
-7.399365519158518367e+00
3.652612480841479936e+00
1.470459048084147469e+01
-2.662803519158522647e+00
-1.055707351915851788e+01
3.652612480841483489e+00
-8.978219519158518125e+00
9.968028480841478967e+00
-2.662803519158522647e+00
9.968028480841475414e+00
4.949044808414910790e-01
-5.820511519158518610e+00
8.389174480841486314e+00
1.470459048084148534e+01
-8.978219519158521678e+00
3.652612480841476383e+00
5.231466480841476141e+00
-2.662803519158522647e+00
9.968028480841482519e+00
4.949044808414768681e-01
-5.820511519158518610e+00
-2.662803519158519094e+00
1.628344448084148155e+01
-7.399365519158511262e+00
-2.662803519158519094e+00
2.733542248084148696e+01
-4.241657519158522405e+00
-1.687248951915851691e+01
-4.241657519158522405e+00
1.312573648084148203e+01
-1.055707351915852144e+01
-1.083949519158519337e+00
8.389174480841479209e+00
-1.055707351915852144e+01
8.389174480841475656e+00
1.786229848084147420e+01
-2.160905151915851619e+01
-1.083949519158522889e+00
-5.820511519158522162e+00
2.073758480841480178e+00
-5.820511519158515057e+00
9.968028480841475414e+00
2.417771448084148034e+01
5.231466480841479694e+00
1.312573648084147493e+01
1.786229848084148131e+01
2.073758480841476626e+00
-8.978219519158518125e+00
6.810320480841475899e+00
1.470459048084148179e+01
1.154688248084148228e+01
6.810320480841475899e+00
1.628344448084148155e+01
9.968028480841482519e+00
-1.529363551915851360e+01
1.786229848084148131e+01
-2.662803519158522647e+00
-7.399365519158518367e+00
3.652612480841476383e+00
-2.662803519158522647e+00
-4.241657519158518852e+00
6.810320480841475899e+00
1.470459048084147469e+01
2.073758480841480178e+00
-2.318790551915851594e+01
-1.083949519158515784e+00
1.470459048084147469e+01
-1.213592751915852119e+01
9.968028480841478967e+00
9.968028480841475414e+00
6.810320480841475899e+00
-4.241657519158522405e+00
1.154688248084147517e+01
1.154688248084148228e+01
-5.820511519158522162e+00
1.312573648084147493e+01
1.628344448084148155e+01
4.949044808414804208e-01
4.949044808414804208e-01
-2.003019751915851288e+01
-1.055707351915851788e+01
-4.241657519158518852e+00
8.389174480841475656e+00
3.652612480841479936e+00
2.073758480841476626e+00
8.389174480841475656e+00
6.810320480841475899e+00
5.231466480841476141e+00
9.968028480841475414e+00
8.389174480841475656e+00
-1.083949519158519337e+00
1.312573648084148203e+01
1.154688248084147517e+01
2.073758480841480178e+00
-1.845134351915850957e+01
-1.213592751915851764e+01
3.652612480841483489e+00
2.733542248084147985e+01
-1.083949519158519337e+00
4.949044808414910790e-01
-1.213592751915851409e+01
-7.399365519158518367e+00
-5.820511519158518610e+00
-2.662803519158522647e+00
4.949044808414768681e-01
2.073758480841480178e+00
8.389174480841475656e+00
-7.399365519158521920e+00
5.231466480841476141e+00
8.389174480841475656e+00
-1.055707351915852144e+01
6.810320480841479451e+00
5.231466480841479694e+00
2.073758480841480178e+00
2.073758480841476626e+00
-1.083949519158519337e+00
-1.055707351915851788e+01
5.231466480841476141e+00
-2.662803519158519094e+00
-8.978219519158518125e+00
-1.083949519158519337e+00
6.810320480841483004e+00
9.968028480841486072e+00
4.949044808414768681e-01
-1.371478151915851740e+01
3.652612480841479936e+00
2.102000648084148082e+01
4.949044808414804208e-01
1.154688248084148583e+01
-4.241657519158522405e+00
-1.687248951915852047e+01
4.949044808414804208e-01
-4.241657519158518852e+00
1.786229848084148131e+01
9.968028480841475414e+00
-1.083949519158519337e+00
2.102000648084148082e+01
-1.213592751915851764e+01
9.968028480841475414e+00
-8.978219519158518125e+00
-5.820511519158518610e+00
1.312573648084148203e+01
2.073758480841476626e+00
-1.055707351915851788e+01
-1.083949519158519337e+00
1.786229848084148131e+01
-2.662803519158519094e+00
-4.241657519158522405e+00
-2.662803519158522647e+00
8.389174480841482762e+00
-5.820511519158518610e+00
-8.978219519158518125e+00
-1.213592751915851053e+01
-1.529363551915852071e+01
-1.083949519158522889e+00
3.652612480841476383e+00
-2.662803519158519094e+00
-1.213592751915852119e+01
1.154688248084147872e+01
-4.241657519158518852e+00
1.628344448084148155e+01
-2.662803519158519094e+00
-2.662803519158522647e+00
5.231466480841476141e+00
2.073758480841480178e+00
2.259886048084148058e+01
9.968028480841486072e+00
8.389174480841479209e+00
-8.978219519158521678e+00
-2.662803519158522647e+00
-1.055707351915851788e+01
8.389174480841479209e+00
-2.318790551915851950e+01
4.949044808414768681e-01
-2.662803519158519094e+00
-5.820511519158518610e+00
2.259886048084148058e+01
1.470459048084148179e+01
5.231466480841476141e+00
-1.845134351915852022e+01
-5.820511519158522162e+00
1.312573648084148203e+01
-1.083949519158522889e+00
-5.820511519158522162e+00
-1.083949519158519337e+00
-1.213592751915851764e+01
5.231466480841479694e+00
4.949044808414768681e-01
5.231466480841479694e+00
-5.820511519158518610e+00
2.073758480841480178e+00
3.652612480841476383e+00
-7.399365519158521920e+00
2.073758480841476626e+00
-5.820511519158518610e+00
6.810320480841483004e+00
2.102000648084148082e+01
3.652612480841479936e+00
-1.055707351915851788e+01
3.652612480841476383e+00
-2.662803519158522647e+00
-1.055707351915851788e+01
6.810320480841475899e+00
-5.820511519158518610e+00
9.968028480841475414e+00
-1.083949519158522889e+00
2.073758480841480178e+00
-1.083949519158519337e+00
9.968028480841486072e+00
2.073758480841480178e+00
-1.213592751915851764e+01
2.073758480841483731e+00
1.944115248084148106e+01
-2.476675951915851925e+01
3.652612480841476383e+00
1.944115248084148106e+01
-1.213592751915851764e+01
8.389174480841475656e+00
-2.318790551915850884e+01
1.470459048084147469e+01
-8.978219519158518125e+00
2.073758480841476626e+00
1.312573648084148203e+01
3.652612480841479936e+00
2.102000648084148082e+01
-1.213592751915851053e+01
2.073758480841480178e+00
-2.160905151915851263e+01
1.154688248084148228e+01
-4.241657519158522405e+00
-1.845134351915852022e+01
5.231466480841479694e+00
4.949044808414804208e-01
-1.055707351915852144e+01
3.049313048084148647e+01
9.968028480841475414e+00
-5.820511519158518610e+00
1.786229848084148131e+01
3.652612480841476383e+00
1.312573648084147493e+01
-4.241657519158518852e+00
-5.820511519158518610e+00
3.652612480841476383e+00
-4.241657519158518852e+00
-8.978219519158518125e+00
-1.687248951915852047e+01
9.968028480841478967e+00
9.968028480841486072e+00
1.312573648084148203e+01
-1.687248951915852047e+01
1.312573648084147848e+01
-8.978219519158514572e+00
2.073758480841476626e+00
3.652612480841476383e+00
9.968028480841478967e+00
-8.978219519158521678e+00
-1.083949519158519337e+00
1.786229848084147420e+01
-7.399365519158518367e+00
-1.083949519158522889e+00
-1.083949519158519337e+00
2.073758480841480178e+00
-1.083949519158515784e+00
-1.213592751915851764e+01
5.231466480841483246e+00
-7.399365519158518367e+00
9.968028480841482519e+00
-4.241657519158518852e+00
-4.241657519158518852e+00
3.652612480841479936e+00
-2.003019751915851643e+01
6.810320480841475899e+00
2.575656848084148010e+01
-5.820511519158515057e+00
1.628344448084148155e+01
-1.083949519158515784e+00
8.389174480841475656e+00
8.389174480841482762e+00
-1.213592751915851053e+01
-4.241657519158518852e+00
1.154688248084147517e+01
1.628344448084148155e+01
1.628344448084148155e+01
1.312573648084147493e+01
6.810320480841483004e+00
-5.820511519158518610e+00
-1.529363551915851716e+01
-1.845134351915852022e+01
2.417771448084148744e+01
9.968028480841475414e+00
1.312573648084148203e+01
-1.055707351915852144e+01
3.652612480841483489e+00
2.073758480841483731e+00
-2.662803519158519094e+00
-1.055707351915851788e+01
-1.083949519158522889e+00
1.312573648084148203e+01
4.949044808414804208e-01
3.652612480841476383e+00
-1.083949519158519337e+00
-4.241657519158518852e+00
-1.083949519158519337e+00
6.810320480841475899e+00
-2.003019751915850932e+01
-8.978219519158518125e+00
-1.213592751915851764e+01
-1.687248951915850981e+01
8.389174480841479209e+00
-5.820511519158518610e+00
6.810320480841483004e+00
2.575656848084148010e+01
1.154688248084148583e+01
-8.978219519158518125e+00
-5.820511519158518610e+00
6.810320480841475899e+00
-1.083949519158522889e+00
1.154688248084147517e+01
3.652612480841479936e+00
8.389174480841482762e+00
5.231466480841479694e+00
-2.160905151915851619e+01
2.102000648084148082e+01
9.968028480841478967e+00
-7.399365519158521920e+00
3.652612480841479936e+00
3.652612480841479936e+00
5.231466480841476141e+00
5.231466480841476141e+00
6.810320480841475899e+00
1.154688248084147517e+01
2.073758480841480178e+00
-1.083949519158519337e+00
3.652612480841479936e+00
4.949044808414768681e-01
9.968028480841478967e+00
3.652612480841483489e+00
-8.978219519158518125e+00
-2.662803519158522647e+00
-1.083949519158522889e+00
1.786229848084147420e+01
-4.241657519158518852e+00
-5.820511519158518610e+00
-1.687248951915852047e+01
9.968028480841475414e+00
1.786229848084147420e+01
-1.213592751915851764e+01
-4.241657519158518852e+00
-1.529363551915852071e+01
8.389174480841475656e+00
-7.399365519158521920e+00
1.312573648084148203e+01
1.154688248084147872e+01
-1.083949519158522889e+00
-1.687248951915850981e+01
1.154688248084147517e+01
1.312573648084148203e+01
1.628344448084148155e+01
5.231466480841476141e+00
5.231466480841479694e+00
2.073758480841480178e+00
-8.978219519158518125e+00
9.968028480841475414e+00
4.949044808414768681e-01
3.652612480841483489e+00
1.154688248084148228e+01
4.949044808414768681e-01
-4.241657519158522405e+00
4.949044808414804208e-01
-1.845134351915851667e+01
2.073758480841490837e+00
-1.055707351915851788e+01
-1.055707351915850722e+01
-7.399365519158518367e+00
5.231466480841483246e+00
-2.662803519158519094e+00
3.522969248084148575e+01
-1.371478151915851917e+01
-1.083949519158522889e+00
-7.399365519158518367e+00
2.575656848084148010e+01
2.073758480841476626e+00
1.628344448084148155e+01
-1.055707351915852144e+01
8.389174480841475656e+00
-4.241657519158518852e+00
-1.371478151915851740e+01
-5.820511519158522162e+00
-8.978219519158518125e+00
3.652612480841476383e+00
-5.820511519158518610e+00
-5.820511519158518610e+00
-1.055707351915851788e+01
-1.371478151915851740e+01
6.810320480841475899e+00
-1.845134351915852022e+01
1.628344448084148155e+01
2.073758480841480178e+00
2.073758480841480178e+00
-1.055707351915851788e+01
-1.083949519158519337e+00
8.389174480841475656e+00
-1.083949519158519337e+00
1.786229848084147420e+01
-7.399365519158518367e+00
5.231466480841476141e+00
3.652612480841479936e+00
-1.083949519158522889e+00
-4.241657519158518852e+00
-2.662803519158519094e+00
-8.978219519158518125e+00
-5.820511519158518610e+00
2.073758480841476626e+00
-8.978219519158518125e+00
-8.978219519158518125e+00
1.470459048084148179e+01
3.652612480841476383e+00
-1.371478151915851029e+01
-5.820511519158522162e+00
-7.399365519158518367e+00
6.810320480841475899e+00
6.810320480841479451e+00
9.968028480841475414e+00
-1.055707351915851788e+01
5.231466480841476141e+00
5.231466480841479694e+00
-7.399365519158521920e+00
-1.213592751915851409e+01
-2.160905151915851974e+01
-7.399365519158521920e+00
-1.687248951915852047e+01
-4.241657519158518852e+00
-1.845134351915851667e+01
4.949044808414768681e-01
-7.399365519158518367e+00
-2.662803519158519094e+00
3.652612480841479936e+00
-1.055707351915852144e+01
-2.662803519158522647e+00
-1.055707351915851788e+01
-1.055707351915852144e+01
-1.371478151915852095e+01
4.949044808414768681e-01
-1.371478151915851740e+01
-2.662803519158515542e+00
1.786229848084148131e+01
-7.399365519158521920e+00
-2.476675951915851570e+01
5.231466480841476141e+00
-1.083949519158522889e+00
6.810320480841475899e+00
5.231466480841476141e+00
-1.371478151915851029e+01
-4.241657519158515299e+00
-1.687248951915851691e+01
6.810320480841475899e+00
-8.978219519158518125e+00
-7.399365519158518367e+00
-1.687248951915851691e+01
-5.820511519158522162e+00
-5.820511519158518610e+00
-1.213592751915851053e+01
2.073758480841476626e+00
1.944115248084148106e+01
2.073758480841483731e+00
9.968028480841475414e+00
-1.213592751915851764e+01
9.968028480841482519e+00
2.073758480841476626e+00
-2.634561351915850835e+01
-5.820511519158518610e+00
-4.241657519158515299e+00
-8.978219519158518125e+00
3.652612480841479936e+00
-4.241657519158515299e+00
1.786229848084148131e+01
5.231466480841479694e+00
3.652612480841483489e+00
-4.241657519158518852e+00
-1.083949519158515784e+00
-1.529363551915852071e+01
1.154688248084148228e+01
-2.318790551915851950e+01
1.628344448084148155e+01
3.652612480841483489e+00
6.810320480841475899e+00
-1.083949519158519337e+00
-5.820511519158518610e+00
4.949044808414804208e-01
-8.978219519158521678e+00
1.312573648084148203e+01
-8.978219519158518125e+00
6.810320480841479451e+00
-5.820511519158518610e+00
9.968028480841475414e+00
9.968028480841478967e+00
-1.371478151915852095e+01
1.154688248084147517e+01
-4.241657519158518852e+00
-1.529363551915851005e+01
4.949044808414768681e-01
1.786229848084148131e+01
4.949044808414768681e-01
3.652612480841476383e+00
-8.978219519158519901e+00
1.154688248084147517e+01
-1.213592751915852119e+01
9.968028480841475414e+00
3.652612480841476383e+00
2.073758480841480178e+00
1.312573648084147493e+01
-1.213592751915851764e+01
-8.978219519158518125e+00
-7.399365519158511262e+00
-2.634561351915851901e+01
-1.083949519158519337e+00
8.389174480841475656e+00
9.968028480841482519e+00
-1.529363551915851005e+01
6.810320480841475899e+00
-8.978219519158518125e+00
-2.662803519158522647e+00
-2.662803519158508436e+00
1.786229848084147420e+01
1.312573648084148203e+01
-2.634561351915851901e+01
-1.845134351915851667e+01
9.968028480841475414e+00
-1.055707351915851788e+01
-1.371478151915851740e+01
-1.529363551915851716e+01
-2.662803519158522647e+00
-1.529363551915851893e+01
-7.399365519158521920e+00
-1.371478151915851740e+01
-1.529363551915851360e+01
-2.950332151915851142e+01
-4.241657519158522405e+00
-4.241657519158522405e+00
-8.978219519158518125e+00
4.949044808414768681e-01
2.102000648084148082e+01
3.652612480841483489e+00
-2.662803519158519094e+00
-1.213592751915851053e+01
9.968028480841482519e+00
-5.820511519158515057e+00
-1.529363551915851716e+01
4.949044808414768681e-01
-1.371478151915851740e+01
2.073758480841476626e+00
-7.399365519158518367e+00
-7.399365519158521920e+00
-1.055707351915852144e+01
1.628344448084148155e+01
-1.083949519158522889e+00
8.389174480841475656e+00
4.949044808414910790e-01
9.968028480841475414e+00
6.810320480841475899e+00
5.231466480841476141e+00
4.949044808414768681e-01
-1.055707351915851788e+01
8.389174480841475656e+00
9.968028480841482519e+00
2.073758480841476626e+00
-1.213592751915851053e+01
-1.055707351915852144e+01
-4.241657519158522405e+00
4.949044808414910790e-01
-1.083949519158515784e+00
-1.845134351915852022e+01
3.652612480841476383e+00
-1.529363551915851360e+01
3.652612480841485265e+00
-1.055707351915851788e+01
-1.529363551915851716e+01
-2.662803519158522647e+00
-1.687248951915851691e+01
-1.687248951915850981e+01
1.786229848084148131e+01
-1.213592751915851764e+01
-2.160905151915851263e+01
-2.662803519158519094e+00
5.231466480841476141e+00
1.628344448084148155e+01
6.810320480841475899e+00
3.652612480841483489e+00
9.968028480841475414e+00
-1.083949519158519337e+00
1.312573648084148203e+01
-1.213592751915851409e+01
-5.820511519158522162e+00
4.949044808414839736e-01
2.073758480841476626e+00
6.810320480841475899e+00
-2.662803519158522647e+00
-7.399365519158511262e+00
8.389174480841475656e+00
-2.662803519158515542e+00
1.154688248084147517e+01
-5.820511519158522162e+00
-2.003019751915851998e+01
-1.083949519158515784e+00
-1.845134351915852022e+01
9.968028480841482519e+00
-8.978219519158518125e+00
8.389174480841475656e+00
-1.371478151915852095e+01
-1.055707351915851788e+01
-1.529363551915851716e+01
-4.241657519158518852e+00
-4.241657519158518852e+00
3.049313048084148647e+01
1.154688248084147517e+01
-2.003019751915851643e+01
-7.399365519158518367e+00
-4.241657519158515299e+00
2.073758480841476626e+00
-8.978219519158518125e+00
-4.241657519158518852e+00
-1.529363551915851716e+01
-4.241657519158518852e+00
9.968028480841475414e+00
1.470459048084148179e+01
5.231466480841479694e+00
-7.399365519158518367e+00
-2.662803519158519094e+00
6.810320480841475899e+00
1.154688248084148228e+01
-1.083949519158519337e+00
9.968028480841475414e+00
2.073758480841476626e+00
-2.318790551915850884e+01
4.949044808414768681e-01
-1.687248951915852047e+01
1.312573648084147493e+01
6.810320480841483004e+00
-5.820511519158507951e+00
8.389174480841475656e+00
1.154688248084147517e+01
-5.820511519158515057e+00
-2.003019751915851998e+01
-1.055707351915851788e+01
-1.055707351915852144e+01
9.968028480841482519e+00
-5.820511519158518610e+00
-2.662803519158522647e+00
-5.820511519158522162e+00
3.652612480841476383e+00
-8.978219519158518125e+00
6.810320480841483004e+00
-5.820511519158518610e+00
5.231466480841479694e+00
9.968028480841482519e+00
-1.529363551915852071e+01
-1.371478151915851740e+01
-1.083949519158522889e+00
-1.083949519158522889e+00
3.652612480841483489e+00
-7.399365519158518367e+00
-1.845134351915851667e+01
3.652612480841483489e+00
-8.978219519158514572e+00
2.073758480841476626e+00
3.652612480841476383e+00
-2.476675951915851570e+01
-5.820511519158518610e+00
6.810320480841475899e+00
-8.978219519158514572e+00
-1.371478151915851740e+01
8.389174480841489867e+00
6.810320480841483004e+00
-8.978219519158518125e+00
-4.241657519158518852e+00
2.073758480841483731e+00
-7.399365519158518367e+00
-5.820511519158518610e+00
-2.476675951915851925e+01
9.968028480841482519e+00
4.949044808414768681e-01
-8.978219519158514572e+00
-5.820511519158518610e+00
-2.662803519158519094e+00
8.389174480841479209e+00
9.968028480841475414e+00
-1.213592751915851764e+01
-4.241657519158522405e+00
-5.820511519158518610e+00
-1.529363551915851716e+01
-7.399365519158521920e+00
4.949044808414768681e-01
3.652612480841476383e+00
-2.662803519158519094e+00
5.231466480841476141e+00
-1.687248951915852047e+01
4.949044808414839736e-01
-1.529363551915851360e+01
-7.399365519158521920e+00
-7.399365519158518367e+00
6.810320480841475899e+00
4.949044808414804208e-01
5.231466480841479694e+00
6.810320480841483004e+00
9.968028480841475414e+00
-5.820511519158522162e+00
-5.820511519158518610e+00
-7.399365519158518367e+00
-4.241657519158518852e+00
-7.399365519158518367e+00
-1.371478151915851385e+01
-1.213592751915851764e+01
-1.083949519158515784e+00
1.154688248084147517e+01
-5.820511519158518610e+00
1.628344448084148155e+01
-1.083949519158519337e+00
6.810320480841475899e+00
-8.978219519158521678e+00
-5.820511519158518610e+00
-4.241657519158522405e+00
-7.399365519158521920e+00
1.154688248084148228e+01
-8.978219519158518125e+00
1.154688248084147517e+01
-1.845134351915850957e+01
-1.055707351915852144e+01
-1.083949519158515784e+00
-2.662803519158519094e+00
2.733542248084147985e+01
-2.662803519158519094e+00
6.810320480841483004e+00
5.231466480841476141e+00
1.154688248084147517e+01
-2.662803519158522647e+00
-1.371478151915852095e+01
-5.820511519158522162e+00
-1.687248951915851691e+01
6.810320480841479451e+00
4.949044808414804208e-01
5.231466480841476141e+00
-2.662803519158522647e+00
8.389174480841482762e+00
-4.241657519158522405e+00
9.968028480841482519e+00
-8.978219519158518125e+00
4.949044808414768681e-01
-8.978219519158514572e+00
-1.083949519158515784e+00
-1.083949519158522889e+00
5.231466480841479694e+00
-1.371478151915852095e+01
-5.820511519158518610e+00
-1.055707351915851788e+01
-1.055707351915851788e+01
-1.371478151915852095e+01
2.073758480841476626e+00
3.652612480841476383e+00
-1.687248951915852047e+01
3.652612480841476383e+00
-1.529363551915852071e+01
-1.529363551915851716e+01
-1.845134351915851667e+01
1.628344448084148155e+01
-2.476675951915851570e+01
-8.978219519158518125e+00
3.652612480841483489e+00
4.949044808414839736e-01
-7.399365519158518367e+00
-8.978219519158518125e+00
2.073758480841476626e+00
-1.213592751915851764e+01
-8.978219519158521678e+00
4.949044808414910790e-01
-3.266102951915851094e+01
2.073758480841483731e+00
-2.476675951915851570e+01
-2.318790551915851594e+01
-1.529363551915851360e+01
-1.687248951915851691e+01
-1.529363551915851716e+01
-2.003019751915851643e+01
-7.399365519158521920e+00
-4.241657519158518852e+00
-1.687248951915851691e+01
-1.055707351915851788e+01
2.073758480841483731e+00
-4.241657519158518852e+00
-4.241657519158522405e+00
4.949044808414768681e-01
4.949044808414804208e-01
-5.820511519158518610e+00
-4.241657519158522405e+00
-1.055707351915851788e+01
-1.055707351915852144e+01
1.312573648084148203e+01
-8.978219519158518125e+00
-1.083949519158515784e+00
-2.318790551915851950e+01
-1.055707351915851788e+01
4.949044808414768681e-01
4.949044808414804208e-01
6.810320480841483004e+00
-2.662803519158522647e+00
-1.213592751915851764e+01
-2.662803519158515542e+00
-1.845134351915852022e+01
-4.241657519158518852e+00
-1.083949519158522889e+00
9.968028480841482519e+00
5.231466480841476141e+00
-2.662803519158515542e+00
8.389174480841475656e+00
-8.978219519158518125e+00
-2.160905151915851263e+01
-2.662803519158519094e+00
5.231466480841476141e+00
1.154688248084148228e+01
-7.399365519158518367e+00
-1.213592751915851409e+01
6.810320480841486557e+00
6.810320480841479451e+00
-5.820511519158518610e+00
-1.083949519158522889e+00
1.154688248084147517e+01
-1.371478151915851917e+01
6.810320480841475899e+00
-2.662803519158522647e+00
5.231466480841483246e+00
-5.820511519158515057e+00
3.652612480841476383e+00
-1.371478151915852095e+01
8.389174480841482762e+00
-1.083949519158522889e+00
9.968028480841475414e+00
-7.399365519158514815e+00
-1.083949519158522889e+00
-8.978219519158521678e+00
-1.529363551915851716e+01
1.944115248084148106e+01
-4.241657519158522405e+00
5.231466480841476141e+00
-1.371478151915851740e+01
6.810320480841479451e+00
-2.662803519158508436e+00
2.073758480841476626e+00
2.073758480841476626e+00
9.968028480841482519e+00
8.389174480841482762e+00
9.968028480841482519e+00
5.231466480841476141e+00
-1.845134351915851667e+01
-1.529363551915852071e+01
-4.241657519158515299e+00
2.073758480841480178e+00
-7.399365519158518367e+00
2.733542248084147985e+01
9.968028480841475414e+00
-2.662803519158522647e+00
5.231466480841476141e+00
4.949044808414910790e-01
9.968028480841475414e+00
-1.055707351915850722e+01
-7.399365519158521920e+00
-2.662803519158522647e+00
-2.662803519158515542e+00
-4.241657519158522405e+00
-8.978219519158514572e+00
-5.820511519158515057e+00
-1.055707351915851078e+01
5.231466480841483246e+00
-8.978219519158514572e+00
9.968028480841475414e+00
-5.820511519158518610e+00
6.810320480841475899e+00
4.949044808414839736e-01
-2.476675951915851925e+01
-5.820511519158522162e+00
2.073758480841476626e+00
6.810320480841475899e+00
-2.003019751915851643e+01
-1.845134351915852022e+01
1.312573648084148203e+01
4.949044808414804208e-01
-1.055707351915851788e+01
1.312573648084148203e+01
-1.083949519158522889e+00
-8.978219519158518125e+00
-1.083949519158522889e+00
6.810320480841475899e+00
3.652612480841476383e+00
-2.634561351915851901e+01
2.073758480841476626e+00
-2.003019751915851998e+01
2.073758480841480178e+00
2.073758480841476626e+00
-5.820511519158518610e+00
5.231466480841476141e+00
-1.687248951915851691e+01
-2.003019751915851998e+01
-2.003019751915851288e+01
9.968028480841475414e+00
-1.083949519158522889e+00
2.073758480841476626e+00
-4.241657519158518852e+00
-1.371478151915851917e+01
-5.820511519158518610e+00
-1.055707351915851788e+01
-1.083949519158519337e+00
1.154688248084148583e+01
-4.241657519158522405e+00
3.652612480841483489e+00
-2.662803519158515542e+00
-1.083949519158522889e+00
-5.820511519158522162e+00
-8.978219519158521678e+00
-2.662803519158522647e+00
-7.399365519158521920e+00
-4.241657519158518852e+00
4.949044808414768681e-01
-7.399365519158511262e+00
-4.241657519158522405e+00
-1.083949519158519337e+00
-2.662803519158522647e+00
-1.055707351915852144e+01
3.652612480841476383e+00
-2.160905151915851619e+01
-8.978219519158521678e+00
5.231466480841476141e+00
-7.399365519158518367e+00
-2.662803519158522647e+00
-1.055707351915851788e+01
-1.371478151915851029e+01
4.949044808414804208e-01
-5.820511519158518610e+00
-7.399365519158511262e+00
-4.241657519158522405e+00
-1.055707351915852144e+01
-2.662803519158519094e+00
8.389174480841475656e+00
5.231466480841476141e+00
8.389174480841475656e+00
-1.055707351915851788e+01
-1.845134351915851667e+01
-8.978219519158521678e+00
-2.662803519158515542e+00
-7.399365519158511262e+00
3.652612480841483489e+00
-8.978219519158521678e+00
1.312573648084148203e+01
-5.820511519158522162e+00
-1.687248951915851691e+01
-8.978219519158518125e+00
-4.241657519158522405e+00
8.389174480841475656e+00
-2.662803519158522647e+00
4.949044808414768681e-01
5.231466480841479694e+00
-2.662803519158522647e+00
-5.820511519158515057e+00
1.154688248084148228e+01
8.389174480841482762e+00
-1.371478151915851740e+01
-4.241657519158515299e+00
5.231466480841476141e+00
-2.662803519158519094e+00
-2.792446751915851522e+01
6.810320480841483004e+00
-1.055707351915851788e+01
-1.529363551915852071e+01
6.810320480841475899e+00
6.810320480841475899e+00
-2.662803519158522647e+00
1.628344448084147444e+01
2.073758480841480178e+00
-2.003019751915851643e+01
-1.083949519158519337e+00
5.231466480841483246e+00
4.949044808414768681e-01
-7.399365519158518367e+00
-5.820511519158522162e+00
-7.399365519158521920e+00
2.259886048084148058e+01
3.652612480841483489e+00
-1.083949519158522889e+00
-7.399365519158511262e+00
-8.978219519158518125e+00
8.389174480841475656e+00
-4.241657519158518852e+00
-4.241657519158518852e+00
2.073758480841476626e+00
-8.978219519158518125e+00
-1.213592751915851764e+01
-1.083949519158519337e+00
8.389174480841475656e+00
-1.083949519158522889e+00
-1.371478151915851740e+01
-2.318790551915851950e+01
8.389174480841482762e+00
-1.529363551915852071e+01
1.312573648084148203e+01
-1.055707351915851788e+01
2.073758480841476626e+00
1.154688248084147517e+01
-4.241657519158522405e+00
9.968028480841482519e+00
-1.213592751915851764e+01
-2.662803519158519094e+00
-2.662803519158522647e+00
5.231466480841476141e+00
-1.083949519158522889e+00
2.073758480841476626e+00
-1.083949519158522889e+00
4.949044808414804208e-01
-8.978219519158518125e+00
-1.845134351915852022e+01
-7.399365519158511262e+00
6.810320480841479451e+00
-5.820511519158522162e+00
-1.055707351915852144e+01
-1.083949519158519337e+00
3.652612480841476383e+00
-4.241657519158518852e+00
6.810320480841475899e+00
-1.213592751915851409e+01
9.968028480841475414e+00
-5.820511519158518610e+00
-4.241657519158518852e+00
8.389174480841482762e+00
1.470459048084147469e+01
-7.399365519158521920e+00
5.231466480841476141e+00
1.944115248084148106e+01
2.073758480841480178e+00
3.652612480841476383e+00
8.389174480841475656e+00
-1.213592751915851764e+01
-1.371478151915851740e+01
6.810320480841475899e+00
4.949044808414804208e-01
-7.399365519158518367e+00
4.949044808414768681e-01
-1.371478151915852095e+01
-1.213592751915851409e+01
-2.003019751915851643e+01
-5.820511519158515057e+00
-2.662803519158515542e+00
-1.083949519158515784e+00
-7.399365519158518367e+00
-8.978219519158518125e+00
-7.399365519158521920e+00
8.389174480841475656e+00
-1.055707351915851788e+01
-2.662803519158519094e+00
-8.978219519158521678e+00
-1.687248951915852047e+01
1.312573648084147493e+01
-2.662803519158519094e+00
-1.371478151915851740e+01
-1.371478151915852095e+01
9.968028480841478967e+00
-4.241657519158508194e+00
-1.371478151915851740e+01
4.949044808414768681e-01
8.389174480841475656e+00
-7.399365519158521920e+00
1.312573648084147493e+01
-4.241657519158522405e+00
-8.978219519158518125e+00
-4.241657519158522405e+00
-8.978219519158518125e+00
-5.820511519158518610e+00
-4.241657519158518852e+00
1.786229848084148131e+01
-1.083949519158522889e+00
1.944115248084148106e+01
-1.687248951915850981e+01
-1.529363551915851716e+01
2.073758480841480178e+00
-8.978219519158518125e+00
1.312573648084148203e+01
5.231466480841483246e+00
-1.055707351915851788e+01
1.312573648084148203e+01
6.810320480841475899e+00
-2.662803519158515542e+00
6.810320480841475899e+00
-2.662803519158515542e+00
-2.662803519158519094e+00
1.312573648084147493e+01
4.949044808414768681e-01
-1.845134351915850957e+01
1.308777028811428167e+01
-2.679482417118857143e+02
4.308599628811427351e+01
8.887276228811431622e+01
3.677058028811428869e+01
1.308777028811428522e+01
-4.279623711885719217e+00
-4.279623711885719217e+00
1.940318628811427004e+01
-7.437331711885718732e+00
-9.016185711885725595e+00
-4.279623711885733428e+00
1.150891628811428546e+01
-2.700769711885726565e+00
-4.279623711885719217e+00
-5.858477711885718975e+00
4.569382881142729502e-01
-2.700769711885726565e+00
-9.016185711885725595e+00
-7.437331711885718732e+00
6.772354288114271981e+00
8.351208288114264633e+00
3.614646288114279571e+00
-5.858477711885726080e+00
6.772354288114271981e+00
-7.437331711885725838e+00
-1.533160171188571752e+01
5.193500288114279329e+00
-5.858477711885726080e+00
1.940318628811427004e+01
-1.533160171188571752e+01
-1.121915711885719702e+00
-4.279623711885712112e+00
-4.279623711885719217e+00
-1.533160171188571752e+01
-1.375274771188571776e+01
-3.269899571188570775e+01
1.466662428811428498e+01
9.930062288114271496e+00
-2.700769711885726565e+00
4.569382881142729502e-01
8.351208288114271738e+00
9.930062288114271496e+00
4.569382881142800557e-01
-1.848930971188571704e+01
1.308777028811427101e+01
-4.279623711885719217e+00
1.150891628811428546e+01
-4.279623711885705006e+00
-2.700769711885726565e+00
3.614646288114279571e+00
-1.121915711885726807e+00
1.308777028811427101e+01
8.351208288114264633e+00
1.150891628811429257e+01
1.466662428811427787e+01
4.569382881142729502e-01
3.614646288114272465e+00
-2.006816371188571679e+01
1.150891628811427836e+01
-4.279623711885719217e+00
6.772354288114271981e+00
2.256089428811426956e+01
4.569382881142800557e-01
-1.121915711885719702e+00
2.035792288114272708e+00
-1.533160171188571042e+01
6.772354288114271981e+00
1.940318628811427004e+01
8.351208288114278844e+00
2.035792288114272708e+00
6.772354288114271981e+00
-2.700769711885726565e+00
5.193500288114293539e+00
1.150891628811426415e+01
-1.691045571188572438e+01
5.193500288114279329e+00
-9.016185711885718490e+00
-2.638357971188571582e+01
-1.848930971188571704e+01
1.150891628811427836e+01
-1.059503971188571825e+01
-5.858477711885726080e+00
9.930062288114271496e+00
-4.279623711885719217e+00
8.351208288114293055e+00
5.193500288114279329e+00
4.569382881142729502e-01
5.193500288114265118e+00
1.624547828811427053e+01
-5.858477711885718975e+00
-1.533160171188571752e+01
3.614646288114279571e+00
2.035792288114279813e+00
6.772354288114271981e+00
6.772354288114271981e+00
-1.121915711885719702e+00
-1.375274771188571776e+01
2.035792288114279813e+00
1.624547828811427053e+01
-1.217389371188571801e+01
-9.016185711885725595e+00
1.308777028811427101e+01
-1.533160171188572463e+01
-1.217389371188571090e+01
4.569382881142729502e-01
-9.016185711885718490e+00
2.035792288114279813e+00
2.035792288114272708e+00
5.193500288114279329e+00
1.940318628811428425e+01
2.035792288114272708e+00
1.466662428811427787e+01
-2.700769711885726565e+00
3.614646288114272465e+00
1.308777028811427101e+01
-2.700769711885712354e+00
1.308777028811427812e+01
-9.016185711885718490e+00
2.035792288114279813e+00
3.614646288114279571e+00
1.624547828811428474e+01
-1.121915711885719702e+00
-5.858477711885718975e+00
2.035792288114279813e+00
3.614646288114286676e+00
-5.858477711885718975e+00
6.772354288114279086e+00
4.569382881142800557e-01
3.614646288114272465e+00
3.614646288114279571e+00
-5.858477711885726080e+00
-9.016185711885718490e+00
4.569382881142800557e-01
5.193500288114272223e+00
8.351208288114278844e+00
-7.437331711885725838e+00
5.193500288114265118e+00
2.571860228811429039e+01
3.614646288114272465e+00
-4.279623711885719217e+00
-1.059503971188572535e+01
1.150891628811427836e+01
2.035792288114279813e+00
3.614646288114272465e+00
6.772354288114279086e+00
-4.279623711885719217e+00
6.772354288114271981e+00
-5.858477711885726080e+00
-1.121915711885719702e+00
-1.121915711885726807e+00
3.614646288114272465e+00
9.930062288114285707e+00
4.569382881142729502e-01
2.035792288114265602e+00
9.930062288114271496e+00
1.150891628811427836e+01
1.940318628811428425e+01
8.351208288114271738e+00
-2.006816371188571679e+01
6.772354288114286192e+00
3.614646288114272465e+00
1.308777028811427101e+01
1.940318628811428425e+01
-1.121915711885726807e+00
-1.121915711885726807e+00
8.351208288114278844e+00
-1.121915711885726807e+00
-1.375274771188572487e+01
-1.533160171188571752e+01
2.035792288114272708e+00
-9.016185711885718490e+00
-4.279623711885719217e+00
8.351208288114278844e+00
1.782433228811428449e+01
4.569382881142800557e-01
5.193500288114279329e+00
2.256089428811426956e+01
4.569382881142729502e-01
3.614646288114272465e+00
4.569382881142729502e-01
1.308777028811428522e+01
6.772354288114293297e+00
-1.059503971188571825e+01
-1.121915711885733913e+00
-1.059503971188572535e+01
3.614646288114272465e+00
-2.700769711885726565e+00
-5.858477711885718975e+00
6.772354288114271981e+00
-4.279623711885719217e+00
-1.121915711885726807e+00
-5.858477711885726080e+00
-7.437331711885718732e+00
3.614646288114279571e+00
-1.121915711885719702e+00
-4.279623711885705006e+00
-1.121915711885719702e+00
-7.437331711885718732e+00
9.930062288114271496e+00
2.035792288114286919e+00
-4.279623711885726323e+00
-1.059503971188572535e+01
-1.121915711885719702e+00
4.569382881142729502e-01
-1.059503971188571825e+01
3.361287228811428918e+01
5.193500288114279329e+00
6.772354288114279086e+00
-1.533160171188571752e+01
-4.279623711885719217e+00
3.614646288114272465e+00
-2.700769711885726565e+00
2.413974828811429063e+01
-2.700769711885719460e+00
1.624547828811427053e+01
4.569382881142729502e-01
1.624547828811428474e+01
4.569382881142729502e-01
5.193500288114279329e+00
-2.700769711885719460e+00
6.772354288114271981e+00
5.193500288114279329e+00
2.035792288114272708e+00
3.614646288114272465e+00
-7.437331711885718732e+00
-4.279623711885733428e+00
-5.858477711885726080e+00
-1.059503971188571825e+01
2.035792288114279813e+00
4.569382881142800557e-01
1.782433228811429160e+01
-7.437331711885732943e+00
-1.217389371188572511e+01
-7.437331711885718732e+00
3.203401828811428231e+01
6.772354288114271981e+00
-1.121915711885733913e+00
3.614646288114272465e+00
-9.016185711885718490e+00
-1.121915711885719702e+00
-1.217389371188571801e+01
8.351208288114271738e+00
-2.700769711885726565e+00
5.193500288114265118e+00
5.193500288114279329e+00
-7.437331711885718732e+00
-1.375274771188572487e+01
-1.375274771188571776e+01
-1.059503971188572535e+01
9.930062288114278601e+00
2.030285282210620323e+00
-2.007917772369300735e+01
1.780781127040333445e+01
2.013764264499705803e+00
-7.464866741403930916e+00
-9.049227747307554637e+00
-5.897026753211193295e+00
1.991736240885167319e+00
1.303820723498152745e+01
-1.222896377092209974e+01
1.975215223174238588e+00
-1.066112378272938344e+01
1.964201211366990663e+00
3.798402054633385205e-01
-5.941082800440291578e+00
3.688261936560763843e-01
-4.373242812247561062e+00
-5.957603818151198993e+00
-2.175165082405483474e+01
-1.386288782995846702e+01
3.498999164137892137e+00
1.454547015823424516e+01
1.909131152330630243e+00
1.611331014642699699e+01
5.055825140523339201e+00
1.892610134619715723e+00
1.293908112871607585e+01
3.460450122812439133e+00
2.972351169088014444e-01
-1.549681188899482009e+01
-9.186902894898473448e+00
-1.077126390080210427e+01
8.169477093294261749e+00
6.585116087390609607e+00
3.421901081486993235e+00
-2.899021924416651075e+00
-7.641090930320288521e+00
-7.646597936223926695e+00
2.421650578724339198e-01
-4.499903948031203527e+00
-1.347702953934835080e+00
-4.510917959838472768e+00
-2.937570965742104079e+00
4.951192028354249430e+00
-1.242170897754937897e+01
2.036160165469880212e-01
1.981090106433427422e-01
6.508018004739703599e+00
-7.707175001163925288e+00
1.760441992932435085e+00
6.491496987028803289e+00
1.749427981125165843e+00
-4.571495024778471361e+00
-7.734710030682116155e+00
3.311760963414258185e+00
2.541020995751063083e+01
-6.172377048393023813e+00
-1.441322054296655608e+00
-1.565651506020028449e+01
-1.452336066103924850e+00
1.210109279924367343e-01
-4.621058077911207818e+00
-1.567854308381483719e+01
6.419905910281542560e+00
2.220293890437790907e+01
7.987745898474265971e+00
2.219192489257060430e+01
-4.654100113333015543e+00
7.971224880763344345e+00
3.229155874859699793e+00
-6.249475131043929821e+00
3.005865986305244064e+01
-7.839343142851198820e+00
6.364835851245160825e+00
1.583245284534152830e+01
-4.698156160562106720e+00
-1.545955166465752484e+00
4.763953827630622584e+00
-3.135823178273007272e+00
-6.299038184176659172e+00
-7.883399190080282892e+00
1.263619580401608999e+01
-1.263097520188756562e+01
3.157142979220880363e+01
1.104082078630516861e+01
6.298751780401538269e+00
2.050293077449789081e+01
-1.897392623140574131e+01
2.049191676269062157e+01
1.417099375678699147e+01
-7.938469249116657522e+00
7.844563744979723197e+00
1.415447273907607695e+01
-6.376136266827565180e+00
1.256460472726881505e+01
1.255909772136515556e+01
3.080466715461525951e+00
1.254808370955788632e+01
-6.403671296345756048e+00
-1.672616302249373632e+00
-1.904551730815302335e+01
2.515688768594336011e+01
1.252054868003971677e+01
6.199625674136079567e+00
2.198265866823243186e+01
-9.599928337671208567e+00
-4.868873343574833257e+00
-1.716672349478471915e+00
-4.879887355382109604e+00
1.248199963871424956e+01
1.563420063281061800e+01
-3.317554373093010156e+00
2.983287262100335369e+01
-1.749714384900293851e+00
1.245446460919608711e+01
1.402781160329244869e+01
2.970326597388790901e+00
1.717450559148517186e+01
6.117020585581521175e+00
-4.940464420322115302e+00
2.663110857377427010e+01
-1.793770432129370818e+00
1.083155456196698907e+01
7.668339556063351381e+00
4.505124550159727903e+00
-4.973506455743923027e+00
1.238838053835242903e+01
1.396172753244881193e+01
6.061950526545160756e+00
-8.153242479358468131e+00
-8.158749485262113410e+00
7.624283508834260203e+00
1.235533850293062130e+01
2.876707497026977478e+00
7.607762491123352788e+00
2.023308748521970557e+01
-2.975215206839223470e-01
1.232780347341245175e+01
1.232229646750878516e+01
1.073793546160516144e+01
-1.926579754429846503e+01
2.832651449797886301e+00
1.387912244389426064e+01
1.387361543799063668e+01
-3.415775679130277354e-01
-8.241354573816664697e+00
-8.246861579720295765e+00
-2.404090858562392441e+01
9.109518408472425222e+00
-3.526820597431203907e+00
9.098504396665170191e+00
5.935289390761525397e+00
-1.459531961514211673e+01
7.503129378954263018e+00
-3.966476269493952600e-01
9.070969367146979323e+00
-3.565369638756656911e+00
-1.620170864466028604e+01
5.896740349436072393e+00
-2.094928465646755456e+01
-4.296896623711958796e-01
4.301365331725151009e+00
1.138150325821534636e+00
1.218462131991790187e+01
-3.609425685985748089e+00
-4.572246918893867473e-01
-6.778147697793023951e+00
-2.047092703696655747e+00
-3.631453709600300783e+00
-9.952376715503930882e+00
4.251802278592435869e+00
-6.805682727311207714e+00
4.240788266785180838e+00
-8.395550739118469608e+00
-2.085641745022122961e+00
-1.945854275092573715e+01
-8.412071756829377023e+00
-2.420611876273301988e+01
-1.000193976863666023e+01
2.623385225459713865e+00
-6.855245780443929959e+00
-5.453367863475691024e-01
-1.002396779225120582e+01
2.312645920184517223e+01
-1.477154380405847434e+01
-1.004048880996211324e+01
8.900252184134266997e+00
-1.320921082176938199e+01
5.731530172326976924e+00
-1.164137083357665148e+01
8.878224160519714303e+00
-8.494676845383928310e+00
9.729401487124249570e-01
1.201941114280879930e+01
-1.009005186309483548e+01
2.535273131001531510e+00
-1.641648187490211086e+01
2.524259119194240952e+00
4.097606113290602536e+00
5.670953107386985437e+00
-6.965385898516657903e+00
4.081085095579709332e+00
-2.276493991032393183e+01
-6.664909162275449717e-01
8.801126077868808295e+00
4.059057071965156638e+00
1.668438206606153074e+01
-8.582788939842110665e+00
1.193680605425425512e+01
-5.436094951649380391e+00
8.738140424469875711e-01
2.447161036543334944e+00
4.020508030639717845e+00
5.593855024736072323e+00
7.167202018832441013e+00
8.740549012928795491e+00
-3.895789992974840743e+00
-3.901296998878478917e+00
8.724027995217880971e+00
7.139666989314264356e+00
8.713013983410604624e+00
1.660177697750696524e+01
8.077299716033436994e-01
5.538784965699711904e+00
-1.025526204020393095e+01
1.973745695389244759e+01
-3.950860052011208268e+00
-1.185063705791483812e+01
-8.698436063818476782e+00
-1.186165106972210026e+01
-8.709450075625760235e+00
3.915874918470606758e+00
1.180463791256699579e+01
7.062568906663351243e+00
-2.416062099240292582e+00
-4.000423105143923408e+00
1.020375588895244334e+01
5.461686883048798791e+00
2.298471877145153996e+00
2.281806687124152688e+01
-2.449104134662100307e+00
-1.034888114056575148e+01
-1.035438814646938255e+01
2.270936847626977340e+00
5.423137841723345787e+00
-5.634347164180283585e+00
-9.032921700839438017e-01
-4.066507175987560174e+00
-9.143061818911988325e-01
-1.355064518779483507e+01
3.811241806301516988e+00
1.327885880039790578e+01
6.425197944942695472e-01
5.373574788590609330e+00
6.315057826869647783e-01
-1.832024922321666338e+01
8.514761770879694325e+00
-1.517355523502393311e+01
1.639801775907243808e+01
-9.748832468312116362e-01
-1.203236825273484101e+01
8.487226741361517668e+00
-1.046452826454212470e+01
1.321277472955423349e+01
5.312997723650610737e+00
-4.165633282253011771e+00
8.459691711843326800e+00
-1.018939294060281497e+00
-7.339862299963932912e+00
1.633744069413242528e+01
-1.035460311771203123e+00
-1.209294531767483960e+01
-5.783036323578471638e+00
-1.051981329482117644e+00
6.836781664614250076e+00
-1.053611934128937833e+01
-7.383918347193024090e+00
-2.652863353096670096e+00
-1.213149435900028550e+01
1.786122463509607172e+01
-1.214250837080757606e+01
4.828166232888122522e-01
-2.004779238261484409e+01
-4.264759388518470473e+00
-4.270266394422115752e+00
6.776204599674258588e+00
1.150725959377061969e+01
-4.286787412133016062e+00
-1.534427241803665254e+01
-2.718947423940306862e+00
-1.219757842984392937e+01
6.743162564252422442e+00
4.222395583487994486e-01
-7.477537447554844618e+00
1.619976554654152778e+01
8.299988540637897927e+00
8.294481534734252648e+00
-1.184149471169384071e+00
-1.189656477073022245e+00
8.277960517023323916e+00
1.300901551111969923e+01
-1.699471749478392724e+01
-9.105954500687566622e+00
-2.796045506591198659e+00
9.829279487505175439e+00
-9.122475518398481142e+00
-2.812566524302113180e+00
-7.554635530205750626e+00
-5.981288536109389042e+00
1.907474457986985783e+00
5.059675452083340019e+00
1.926385444617970677e+01
6.627515440276070535e+00
3.065924343724191203e-01
5.037647428468787325e+00
1.134755642256514818e+01
8.184341416661531809e+00
-4.451997589242111530e+00
9.752181404854248115e+00
-2.498811360104939894e+01
-2.889664606953019188e+00
8.156806387143355153e+00
2.570293812397039801e-01
-2.343128762466392701e+01
6.561431369432433769e+00
-7.653761636471209329e+00
2.391781135762516186e+01
-6.085921648278471707e+00
-3.924736265418211190e+01
2.184803399142438707e-01
-1.083900466598939261e+01
-7.686803671893031265e+00
4.938521322203335728e+00
1.440613831629971031e+01
-2.966762689603910985e+00
4.922000304492421208e+00
-2.192402470141120929e+01
4.910986292685180388e+00
-6.146498713218484511e+00
1.742264280877876104e+00
2.068300527497425634e+01
1.731250269070628178e+00
1.119886726316698855e+01
1.720236257263344726e+00
1.714729251359706552e+00
4.866930245456067894e+00
-7.769408760447568341e+00
1.432904023364880430e+01
1.432353322774514481e+01
-1.568019977815848875e+01
-4.633728784062121520e+00
7.991596210034252579e+00
1.670673204130601164e+00
-6.229103801773021587e+00
-7.813464807676673729e+00
4.811860186419693264e+00
9.542915180516082785e+00
1.643138174612438718e+00
-6.256638831291198244e+00
1.632124162805162371e+00
3.205471156901538166e+00
-1.536597849002113492e+00
7.931019145094261091e+00
-7.863027860809395975e+00
2.573513328696463986e-02
6.335644127383353919e+00
1.106669912147969370e+01
1.264004611557607660e+01
7.897977109672417839e+00
-1.799896231204911601e-03
1.571547097865163778e+00
1.261801809196151680e+01
-1.896456891394212718e+01
1.555026080154249257e+00
-1.108131292574939408e+01
-6.350257931653040089e+00
-4.034893755665791559e-02
6.269560056539710047e+00
-7.945632949363933051e+00
1.521984044732420216e+00
-4.798938961171195672e+00
2.203607203292516203e+01
-4.809952972978486230e+00
1.499956021117895943e+00
1.412528101521424873e+01
-1.114188999068939978e+01
1.483435003406967212e+00
3.056781997503350112e+00
-4.842995008400308166e+00
-4.848502014303925023e+00
4.619114979792428244e+00
1.566558597388876706e+01
6.186954967985165865e+00
-6.449384037918477475e+00
-1.119145304382212203e+01
1.433871950274244966e+00
4.586072944370613413e+00
6.159419938466967892e+00
1.417350932563337551e+00
-1.121898807334030579e+01
6.142898920756053371e+00
1.561051591485242085e+01
2.974176908948791720e+00
1.086293990304515944e+01
6.120870897141514888e+00
-2.000521087621223160e-01
7.688710885334266720e+00
1.367787879430608200e+00
-1.795427126473036594e+00
1.556645986762335809e+01
-1.806441138280305836e+00
2.187086185581606657e+01
1.870764684991243598e+01
3.133297184400880298e+01
-2.496151618948587725e-01
-1.604366216779848031e+01
1.868561882629788329e+01
-1.131811417960575028e+01
1.078033481449062236e+01
-2.771501914130070077e-01
1.296196802683333260e+00
-1.607670420322030225e+01
-9.766795209123941390e+00
-8.193448215027572701e+00
1.706270877906879235e+01
6.005223773165170087e+00
2.842008767261532398e+00
-9.794330238642125153e+00
1.252140755454256293e+00
1.545631974955061594e+01
-1.916581256353019569e+00
-1.922088262256657742e+00
-3.506449268160295674e+00
3.122283172593605372e+01
1.227107672003243977e+01
-3.652622858712106790e-01
-1.615930929177483577e+01
-6.691692297678486057e+00
7.512486696417887799e+00
2.770417690514250353e+00
-3.927973153893873359e-01
-3.983043212930184040e-01
-8.298081327196655366e+00
1.695807566689969548e+01
1.379486066099606489e+01
1.063164565509244852e+01
-4.258393508112021664e-01
-4.313463567148332345e-01
1.142000637381528350e+00
-4.423603685221024762e-01
5.867548625574244170e+00
-5.189936380329392307e+00
2.164507461376697961e+01
4.272173607863351208e+00
-5.206457398040285511e+00
-2.054256403943938381e+00
7.413360590152429097e+00
1.092437584248784788e+00
2.665784578345167688e+00
-5.233992427558497695e+00
-8.397207433462121173e+00
-2.892781643936574909e+01
4.222610554730607646e+00
1.211137354882696826e+01
-5.249654570766750794e-01
-3.210755246298029419e+01
7.358290531116068678e+00
-8.435756474787567072e+00
-3.704701480691213078e+00
-3.710208486594844146e+00
8.915116507501515741e+00
-2.142368498402120736e+00
-1.162099950430575035e+01
2.583179489790609296e+00
-1.163201351611303380e+01
-2.164396522016659219e+00
2.566658472079701880e+00
9.822974661760568438e-01
1.202876846027244540e+01
1.360211545436879277e+01
-6.928493551534849360e+00
-5.355146557438487775e+00
1.516444843665789222e+01
2.305321143075424573e+01
2.304770442485061466e+01
9.382414189469727717e-01
9.327344130433345981e-01
-3.809334592860295743e+00
8.815990401236078355e+00
1.828360739533242452e+01
-2.247001610571210506e+00
2.484053383525150593e+00
-3.836869622378472400e+00
-2.263522628282132132e+00
1.351951036581424859e+01
-1.806307664008940606e+01
2.140276635400696392e+01
-8.600966651896662540e+00
2.445504342199718906e+00
2.612280733629605578e+01
2.434490330392435453e+00
7.165545324488796552e+00
1.505430831858515717e+01
-7.055154687318477613e+00
5.570170306777882274e+00
5.564663300874244101e+00
8.716864294970598337e+00
1.502677328906696630e+01
8.115802831633445180e-01
7.121489277259698270e+00
2.379420271356067929e+00
-3.941502734547555065e+00
-5.525863740451200101e+00
-5.531370746354852486e+00
3.936246247741529203e+00
-3.963530758162121970e+00
1.024064823593425189e+01
3.919725230030607577e+00
5.493072224126990477e+00
-1.819524478177667248e+01
1.811289021231970509e+01
-1.504855079358394221e+01
-2.423225799487582321e+00
-2.428732805391213390e+00
-4.013093811294830004e+00
-8.608928171984970845e-01
-1.191837782310211935e+01
-5.608468829005751388e+00
-1.508709983490940232e+01
2.274787159186978158e+00
-8.884278467166595306e-01
-4.051642852620311430e+00
-1.353027385852394815e+01
-2.483802864427573809e+00
5.404960129668808122e+00
3.820599123765134664e+00
3.815092117861524912e+00
2.230731111957872770e+00
2.275032610605423855e+01
6.408631001506037705e-01
5.371918094246979081e+00
-1.200098291165667064e+01
6.243420824396892499e-01
-1.832741292346395312e+01
6.133280706324200082e-01
2.744833906472878482e+01
6.023140588251436611e-01
1.796420105292153124e+01
-2.151265595298213640e+01
3.743501041114242867e+00
-5.735129964789393853e+00
2.109988102930697096e+01
-1.048270597659666947e+01
8.458035017499682340e+00
-5.757157988403939441e+00
-2.604956994307563889e+00
8.441513999788796241e+00
2.120590993885166142e+00
1.474591598798151892e+01
-4.205839017922123446e+00
3.682923976174237168e+00
3.677416970270613206e+00
-4.222360035633037967e+00
3.366462895846333225e+01
5.239749952559698443e+00
9.970804946656066647e+00
-8.980950059247575723e+00
-1.372301906515121317e+01
-5.834256071054852555e+00
-5.839763076958490728e+00
-7.424124082862114449e+00
4.646389112342461658e-01
5.195693905330614371e+00
-7.440645100573028969e+00
-1.130736106476653902e+00
-1.376707511238031145e+01
-1.535143611828393517e+01
-1.851465112418757286e+01
-9.047034130091219595e+00
1.147256086400516040e+01
-2.742632141898475595e+00
-1.169285147802128222e+00
-5.911354153705758563e+00
5.135116840390601567e+00
-1.381663816551303370e+01
6.702956828583332083e+00
5.118595822679694152e+00
-1.541201318322394798e+01
1.458070581087242346e+01
3.523220804968801190e+00
-9.113118200934835045e+00
5.091060793161517495e+00
-7.545278212742118740e+00
-1.860276321864576232e+01
1.296880977545060176e+01
-1.703492323045303891e+01
-1.861928423635665197e+01
-5.993959242260295639e+00
-4.420612248163941160e+00
-1.074153525406757836e+01
-1.273918259971210887e+00
1.878282734125157560e+00
2.939217282215267346e-01
-9.184709277682109985e+00
-1.234792428358576899e+01
2.774007105106051085e-01
-1.078008429539302426e+01
1.921263469870332585e+01
-1.317974307200302064e+00
8.149642686896058308e+00
-9.223258319007570094e+00
-1.396532732491122175e+01
4.975413669185158483e+00
2.333446632815281419e-01
-1.713955634262212868e+01
-4.514231348525768794e+00
-4.519738354429385652e+00
2.113166396669541314e-01
1.441549563376334220e+01
-1.716709137214029468e+01
-1.401489037804394400e+01
1.892886160524085426e-01
1.837816101487916853e-01
1.782746042451535118e-01
-2.351004240165849524e+01
1.746114592437891133e+00
-1.720564041346575124e+01
-3.001461419369412909e+00
-3.006968425273029766e+00
-1.406445343117666624e+01
-1.564881443708031128e+01
9.607342557016046669e+00
-3.028996448887568249e+00
-4.613357454791220391e+00
-3.040010460694844596e+00
1.121905334015096400e-01
1.589522352749789036e+01
-9.371947478405765253e+00
3.253377515690594635e+00
-6.225253490213020768e+00
8.465550388334008858e-02
-1.499705502020297843e+00
1.652495492076070605e+00
-1.414155151382759357e+01
6.262748026878739438e-02
1.110909847436515463e+01
7.945883468461531152e+00
-1.258472553744212519e+01
-1.732679454334576974e+01
-6.280323549249388293e+00
-4.706976555153040920e+00
9.497202438943340042e+00
-1.261226056696031605e+01
-1.565789572863941714e+00
1.105953542123242528e+01
-2.683846758467122129e+01
3.154251409425150143e+00
-1.587817596478487303e+00
-6.329886602382131855e+00
-7.914247608285762681e+00
-1.604338614189394718e+00
1.547862379906959518e+00
1.542355374003335555e+00
-1.620859631900309239e+00
-4.751263780393344405e-02
6.262396356292434518e+00
-4.795088649611223275e+00
4.672528344485158414e+00
-1.427922666141849106e+01
1.503806332677882551e+00
-8.055467322575537992e-02
2.201789432087061016e+01
7.802701314966967061e+00
-7.991345690936668689e+00
1.252824930315969709e+01
-3.265797702743931552e+00
-2.063869870864758127e+01
-1.590764371455122017e+01
1.092736727954515885e+01
-1.433980372635850387e+01
6.179791267737876126e+00
-1.119310973816576649e+01
-1.466387440693779354e-01
-3.309853749973029835e+00
-1.278848475587667366e+01
6.152256238219699469e+00
6.146749232316054190e+00
4.562388226412423364e+00
-1.123165877949121239e+01
-1.764041785394852013e+00
-1.755808879129850197e+01
-1.124817979720213401e+01
-9.674832803105758217e+00
1.371638190990601913e+00
-6.528138814913035048e+00
-1.442791582081667201e+01
6.091679173279693771e+00
-1.759663783262394787e+01
4.501811161472438982e+00
-9.713381844431232537e+00
-1.287659685033486312e+01
-1.919751985623847546e+01
-1.130875686214212550e+01
-1.289311786804576343e+01
-1.447747887394940136e+01
6.042116120146978631e+00
-5.015368885756672057e+00
-1.863167891660303610e+00
1.289033102436071943e+00
1.283526096532419558e+00
-6.616250909371224509e+00
7.587928084725156452e+00
-3.469556921178487130e+00
1.862889207291787841e+01
1.255991067014257112e+00
-3.486077938889394545e+00
-1.454356294479305234e+01
-6.654799950696663302e+00
-1.297572295660030051e+01
-1.929251962503940376e+00
1.069607303159241951e+01
9.111712025688795791e+00
-5.103480980214868623e+00
-2.563408998611850009e+01
1.200921007977868271e+00
1.540510000207423502e+01
-6.704363003829392653e+00
-1.973308009733031554e+00
5.915454984363329061e+00
-3.563176021540300553e+00
-4.109750274439463169e-01
2.741225966652422130e+00
1.220884296074877540e+01
5.887919954845159509e+00
2.724704948941521820e+00
-6.753926056962136215e+00
-5.180579062865760420e+00
-1.465921006876940424e+01
5.860384925326975747e+00
-1.467022408057667349e+01
1.058593291351970578e+01
-5.208114092383951288e+00
4.259502901712430400e+00
2.675141895808778258e+00
-1.627661311009485701e+01
1.055839788400150780e+01
-3.997043712190213682e+01
2.002050787219424421e+01
2.948812486629059038e+01
1.053636986038696222e+01
-1.157309314551667256e+01
-3.684330151420297739e+00
-8.426399157323952949e+00
-2.422044616322758870e+01
8.929980830868792907e+00
2.609057824965148598e+00
1.024696819061524877e+00
5.755751813157885977e+00
1.522336880725423214e+01
7.323591801350602282e+00
1.521235479544697000e+01
4.154869789543312208e+00
-1.163917721636030933e+01
9.861477777360647679e-01
-1.638675322816759206e+01
2.623679776592877744e+01
-1.324005923997486889e+01
4.121827754121525800e+00
-1.167221925178213127e+01
1.042622974231424848e+01
5.684160736410611037e+00
5.678653730506965758e+00
5.673146724603327584e+00
-1.169975428130030082e+01
-5.389845287203932855e+00
-3.816498293107592588e+00
9.145567009887898280e-01
-2.248658304914840755e+00
8.797812689181512269e+00
-1.489050431672214359e+01
-1.015944932262575051e+01
-3.849540328529400313e+00
-6.973393344330389709e-01
-8.597116340336668827e+00
-7.023769346240307243e+00
-1.808125435214394727e+01
2.438340641952422061e+00
1.980022763604878833e+01
-2.309235369854853559e+00
-3.893596375758498596e+00
2.416312618337883578e+00
1.030507561243423709e+01
2.405298606530600125e+00
-8.652186399373043457e+00
-1.023654740527668139e+01
7.125339588819684877e+00
3.962124582916054294e+00
8.693179577012429604e+00
-7.100867428891206146e+00
-1.184293643479485425e+01
1.341322055930152146e+01
5.513443553397870289e+00
-8.074794525057598094e-01
-1.186496445840939273e+01
-1.187047146431304867e+01
1.180683152978333794e+01
-1.819690147612030273e+01
1.495352551797604690e+01
1.494801851207242294e+01
-4.003736493831212329e+00
2.306172500265148528e+00
-8.570425056385033713e-01
7.031720488457871454e+00
-1.823545051744575929e+01
1.333612247665060124e+01
-3.087729652925304791e+01
2.279823246484332344e+01
-5.626646541060310369e+00
1.647180245303604806e+01
-1.195307655286757864e+01
8.566518441228787140e+00
1.645528143532514775e+01
1.329206642942151717e+01
-9.231265764821259268e-01
8.544490417614227340e+00
1.485439941171059530e+01
-4.097355594193032857e+00
2.212553399903320894e+00
5.364754393999696447e+00
1.325351738809605706e+01
-2.540529617807592899e+00
-9.671826237112099989e-01
6.061643703851444798e-01
-5.714758635518478513e+00
1.796254435857787257e+01
5.896433526742441700e-01
1.479382234677060382e+01
-1.205220265913304445e+01
2.151976334963329407e+00
-7.326654670940314418e+00
1.477179432315604402e+01
-5.758814682747591007e+00
5.510943113487982714e-01
-2.612120694554839417e+00
-7.354189700458491075e+00
-4.201988706362115522e+00
1.158104428773423678e+01
1.473324528183059101e+01
-2.474361172407303044e+01
2.091399270023327261e+00
2.418984826411968214e+01
-1.370815474178395732e+01
6.811440252312415566e+00
-1.845573075359121518e+01
1.943125824050513728e+01
6.794919234601501046e+00
-1.215683577130212711e+01
8.362759222794231562e+00
4.629822168905946000e-01
-1.217335678901302742e+01
-9.021155794916680293e+00
-2.481520280082031604e+01
-9.032169806723949534e+00
-7.458822812627584398e+00
1.306077218146878494e+01
1.463411917556514652e+01
1.147090416966150883e+01
-1.165434836242141614e+00
-2.801145984214577567e+01
-1.380728084804940892e+01
-1.181955853953049029e+00
-2.487027285985668001e+01
3.858841342396956975e-01
1.301120912833605558e+01
1.142684812243241055e+01
-9.103760883471224474e+00
2.562552011062513202e+01
-4.378212895278494443e+00
3.510550098817880382e+00
-1.386235090708575513e+01
1.920682087010593619e+00
-9.136802918893035752e+00
5.067376075203334551e+00
-1.253546930700316864e+00
1.898654063396058689e+00
3.142930574924136522e-01
1.887640051588782342e+00
1.882133045685151274e+00
8.192042039781505025e+00
2.922650338778751689e-01
-6.028657972025776246e+00
8.175521022070597610e+00
1.132772201616695895e+01
-1.709715698973668907e+01
1.843584004359698270e+00
1.838076998456060096e+00
4.990277992552407227e+00
1.287904098664877495e+01
-1.336152019254853940e+00
1.816048974841500296e+00
2.316879689378623652e-01
-1.398350503696575586e+01
-4.515888042869406149e+00
9.688290951226960601e+00
2.096599453233238819e-01
1.783006939419685466e+00
1.986459335160475348e-01
1.771992927612416224e+00
-1.402205407829121953e+01
-1.086985308419487239e+01
2.385942790990150542e+01
4.907672903997870151e+00
1.744457898094225357e+00
-1.247073510780941064e+01
-3.003118113713021842e+00
-2.511258111961668149e+01
-3.014132125520312400e+00
4.874630868576055320e+00
-1.407712413732758705e+01
-1.092492314323123281e+01
-7.772722149134871472e+00
6.431456844961509489e+00
3.268241839057864695e+00
-1.473827166845765646e+00
1.273035182725060110e+01
9.567136821346970521e+00
1.429819181544331741e+01
8.299880953969562825e-02
-9.395632196363933986e+00
1.270281679773241024e+01
2.217043379182877771e+01
-4.675591214074849233e+00
-1.523390219978502103e+00
3.207664774117866102e+00
7.938719768214234307e+00
-1.732845123768938933e+01
-4.703126243593040101e+00
9.501052750503326649e+00
9.495545744599688476e+00
1.595768738696051514e+00
4.747969732792412856e+00
-4.730661273111216758e+00
-2.210356227901488069e+01
3.152594715081512788e+00
4.725941709177881478e+00
4.720434703274229093e+00
-4.758196302629414731e+00
1.260369069146696575e+01
1.546205685563307952e+00
4.698406679659683505e+00
-3.201370326243939246e+00
-1.899541733214757855e+01
2.836469566194876535e+01
-1.639037343954850456e+00
4.098451365014150127e+01
-9.544321355762143355e+00
-3.234412361665768287e+00
-1.744960536756939362e+01
-8.771837347304511923e-02
1.095875262062332212e+01
-7.993002385280327360e+00
-1.042393911839454290e-01
-1.747714039708759515e+01
2.198870259700877483e+01
-1.117273840889486536e+01
-1.705121414798512092e+00
-1.276260642070212725e+01
-1.716135426605760017e+00
1.248804356749058542e+01
-6.463711438413035637e+00
1.247702955568332328e+01
2.998398549779686562e+00
2.351799354387603813e+01
-3.328031462027585263e+00
1.403023532068786494e+00
7.712932526165147351e+00
1.392009520261495936e+00
1.386502514357879079e+00
-3.355566491545779684e+00
-1.782219497449410994e+00
-1.599741250335303278e+01
1.715301449074331686e+01
-1.798740515160311304e+00
6.090022478936049311e+00
-1.759829452696759944e+01
-1.815261532871232930e+00
-4.978476538774849303e+00
-8.141691544678479886e+00
4.483633449417858685e+00
1.320418443514242313e+00
1.394574343761059509e+01
-5.006011568293047276e+00
-9.748080574196681169e+00
-6.595879580100312722e+00
2.181798541399604119e+01
-5.028039591907592865e+00
6.018431402188774371e+00
-3.024916037148628334e-01
-8.202268609618499795e+00
4.423056384477874303e+00
-1.897866621425755795e+00
5.990896372670597714e+00
-3.487734633233039006e+00
2.822174360863328957e+00
-1.919894645040315595e+00
-1.455623365094394828e+01
-9.825178656847587177e+00
-6.672977662751222283e+00
-5.099630668654860699e+00
-1.142055367455849790e+01
-3.531790680462133736e+00
-1.616812968636577708e+01
2.772611307730592500e+00
1.188250301826961675e+00
-5.132672704076675529e+00
-3.039984370998031338e+01
1.538141528411605918e+01
4.323930278212408496e+00
-5.154700727691235329e+00
9.049478266405138527e+00
-9.902276739498489633e+00
1.535388025459786121e+01
-3.597874751305774055e+00
9.027450242790607149e+00
7.443089236886944349e+00
5.858728230983324181e+00
-2.414500477492033070e+01
-4.677017808239654073e-01
4.263353213272409903e+00
2.678992207368779077e+00
7.410047201465140176e+00
5.825686195561495140e+00
1.371444918965786997e+01
2.656964183754226383e+00
-2.085104822149418169e+00
-5.117578280530423740e-01
-5.253826833956679820e+00
1.684462216013967861e+01
2.629429154236035515e+00
-2.112639851667594826e+00
1.039561142428773621e+00
-3.702507863474856720e+00
5.765109130621503652e+00
1.023040124717873312e+00
-1.477100688118577665e+01
7.327442112910595995e+00
1.837391310700695612e+01
-3.735549898896685761e+00
2.574359095199682201e+00
-1.637739591070396017e+01
-3.752070916607593176e+00
4.136692077488774544e+00
2.552331071585136613e+00
1.359880206568149674e+01
-1.008951494022213069e+01
-3.779605946125773386e+00
-6.274049520294013860e-01
1.041906604206695164e+01
-6.953834963836683869e+00
4.092636030259697577e+00
5.665983024356037845e+00
-1.802233398154758603e+01
-2.434325698745124100e+01
-3.823661993354853905e+00
8.801663000741498877e+00
-1.488665400516213566e+01
-1.804986901106576624e+01
-6.879820169694070842e-01
-2.272343022873045015e+00
-3.385493002877669255e+01
1.034747496531967670e+01
-1.807740404058396422e+01
2.442190953512408669e+00
-7.036440052391220945e+00
-7.041947058294866224e+00
8.741085935801507389e+00
3.999016929897848627e+00
-7.430520760057746088e-01
-1.022168308190940778e+01
-2.332920087813029397e+00
-2.338427093716674676e+00
-3.922788099620312607e+00
-2.349441105523951023e+00
-7.760941114275965447e-01
-2.130670311733122801e+01
-7.871081232348728918e-01
1.025936287086150145e+01
-8.692392135042133816e+00
-7.119045140945775785e+00
-2.387990146849418238e+00
1.655275084724694779e+01
-8.714420158656682958e+00
-1.819305116456030547e+01
8.641959829536041582e+00
3.899890823632418346e+00
-7.157594182271225236e+00
3.888876811825127788e+00
1.809305580592149454e+01
-2.454150919998213354e+01
7.146477941142208579e-01
-1.507939921178940423e+01
1.017675778230695727e+01
-8.807272235966863150e-01
-1.509592022950031165e+01
-1.194371923540395741e+01
1.173358375869241854e+01
5.412660752788774232e+00
-1.669680225311486410e+01
2.243938740981498370e+00
8.553847735077859227e+00
3.811778729174214675e+00
-8.824560276729414454e+00
-1.514548328263304455e+01
1.800494371146330508e+01
-1.515649729444031024e+01
-4.110026300343946559e+00
-8.852095306247584006e+00
8.509791687848775155e+00
-5.705401318054860837e+00
1.481419367604149784e+01
-1.203183132986213266e+01
2.172347664234223430e+00
-4.148575341669413774e+00
-2.941574634757305873e+01
6.892388646523315288e+00
-2.586242359380314326e+00
1.951220663471602990e+01
5.604516288123946310e-01
5.549446229087777738e-01
2.128291617005125147e+00
2.422674061110149779e+01
6.853839605197876494e+00
1.000604059929422363e+01
1.947365759339057689e+01
-4.214659412513050540e+00
5.252957581583313384e+00
1.629942857567967707e+01
1.945162956977604551e+01
4.998745638724173546e-01
5.230929557968778454e+00
6.804276552065125827e+00
9.956477546161501380e+00
-2.679861459742145513e+00
-2.685368465645780134e+00
1.467651852845059324e+01
-1.532721447745304744e+01
8.350088516643310754e+00
-9.022812489260324753e+00
5.181366504836056208e+00
-9.033826501067604653e+00
2.095889249302877033e+01
4.282834871251353093e-01
-2.734931518778516590e+00
-2.642324852468213336e+01
-2.169219353058576516e+01
-7.488014536489423278e+00
-2.756959542393047968e+00
-5.920174548296692763e+00
5.126296445799695789e+00
1.143620543989604244e+01
1.616726043399239643e+01
5.109775428088767057e+00
9.840830422185121051e+00
-1.216654583718501215e+00
5.093254410377859642e+00
-2.806522595525784425e+00
8.239948398570589916e+00
5.076733392666959332e+00
1.612320438676330525e+01
1.769655138085967394e+01
9.796774374956051190e+00
1.896997369052400018e+00
9.785760363148757079e+00
5.043691357245137397e+00
-1.864462564865850069e+01
5.032677345437861050e+00
1.134258633953422901e+01
8.179371333630584218e+00
-1.235123767227305436e+01
3.185116732182330423e+01
-6.046835684080317463e+00
6.578489310016045977e+00
-1.321287695887601643e+00
-4.484502701791228674e+00
6.561968292305138561e+00
-1.337808713598519716e+00
-1.343315719502143679e+00
-1.348822725405767642e+00
-1.354329731309412921e+00
-2.938690737213050852e+00
2.389632025688331396e+01
1.599654325097966989e+01
-1.400718975492396012e+01
9.670113239172401620e+00
1.755887623326877645e+01
-2.971732772634869235e+00
-1.245036377853850951e+01
9.648085215557863137e+00
-1.404023179034578561e+01
3.321655203750580654e+00
1.752583419784694740e+01
3.310641191943297201e+00
1.435711218603967154e+01
-6.173496819863949270e+00
-2.038868982576758171e+01
-3.026802831671229654e+00
-4.611163837574871138e+00
6.435307156521503202e+00
8.008654150617850576e+00
-6.206538855285764100e+00
-7.790899861189412690e+00
-4.638698867093058453e+00
-4.644205872996678863e+00
1.665703121099667783e+00
-7.812927884803961831e+00
1.270666710929239684e+01
1.112230610338876602e+01
1.643675097485122194e+00
-1.099266390841851404e+01
5.380708567786030017e-02
-1.258253192022577238e+01
-1.416689292612942808e+01
4.773848067966937947e+00
-1.259905293793668335e+01
2.627205615967653785e-02
7.915035050256044258e+00
-3.142449955647599324e+00
1.588605038448761775e+00
1.737163803254512828e+01
1.420842302664149059e+01
-2.053187197926213159e+01
-1.591130985165783329e+00
-3.175491991069421260e+00
1.892295700302695138e+01
-4.765360002876690260e+00
4.702256991219670113e+00
1.259101998531603073e+01
6.270096979412386418e+00
1.258000597350876149e+01
-4.792895032394866917e+00
-1.640694038298498469e+00
1.887890095579785310e+01
-1.651708050105778369e+00
-2.534002505600941291e+01
6.231547938086940519e+00
1.489478932183317283e+00
-9.488207372032775311e-02
-3.258097079623968995e+00
-1.747329008552759433e+01
-6.426819091431234199e+00
-1.432659609733486406e+01
-1.748981110323850885e+01
-1.749531810914213992e+01
7.760838884954221584e+00
-1.276977012094940989e+01
7.749824873146948789e+00
-6.465368132756694308e+00
1.423394861339673412e+00
-1.594950614456396920e+01
-2.069157515046760665e+01
-1.911822815637123796e+01
-1.756341162274878798e+00
2.974713831821489407e+00
6.126914825917843643e+00
4.542553820014227028e+00
6.115900814110588612e+00
2.952685808206950924e+00
-1.284136119769668838e+01
2.941671796399674577e+00
-1.916779120950395665e+01
2.930657784592405335e+00
9.240566778688751981e+00
-3.395772227214866490e+00
9.229552766881482739e+00
1.329775760977845778e+00
4.481976755074228436e+00
1.079188574917058219e+01
-1.289643125673305946e+01
-1.132308426263668721e+01
2.182734273145966597e+01
1.234871172555603636e+01
2.870080719652399637e+00
-3.450842286251230462e+00
6.016774707845122805e+00
7.590121701941484389e+00
-3.467363303962144983e+00
-5.051724309865782914e+00
1.862557868423057528e+01
1.252677678326946875e+00
1.861456467242331314e+01
-6.652606333480321155e+00
2.176125866061603631e+01
-3.505912345287605092e+00
1.385597464880876117e+01
-1.141119635709487667e+01
1.384496063700148483e+01
-9.843356368902149711e+00
4.360822625194217039e+00
-5.117808380709412575e+00
4.349808613386947798e+00
4.344301607483316729e+00
-3.555475398420320232e+00
5.912141595676025929e+00
9.064342589772408587e+00
1.164565583868771625e+00
1.694759857796512392e+01
9.047821572061494066e+00
1.851543856615784733e+01
-6.751732439745779857e+00
2.955640255435057639e+01
1.376235554844694065e+01
5.862578542543310789e+00
7.435925536639672373e+00
1.115002530736035169e+00
1.847688952483240143e+01
-5.211427481071243761e+00
5.835043513025127027e+00
2.671828507121496443e+00
-2.070240498782148109e+00
-1.786428750468577675e+01
-5.024005105894104872e-01
-6.823323516493054797e+00
-8.407684522396692728e+00
1.369076447169966571e+01
-5.260990534203955349e+00
1.210089645989240381e+01
1.525309745398876515e+01
5.774466448085124881e+00
-8.440726557818514664e+00
2.313084643627784942e+01
7.336799430374213671e+00
-1.161495557552942159e+01
-5.684845814330579117e-01
1.004862412663300120e+00
9.993554067596690516e-01
-1.163698359914396008e+01
1.204031939495239811e+01
-5.332581610951230289e+00
9.773273831451234628e-01
9.718203772414923947e-01
-6.927956628662137462e+00
-3.775755634565783225e+00
8.849569359530590873e+00
2.528646353626939458e+00
-6.345686522766911253e-01
7.254194341819676595e+00
2.512125335916039148e+00
9.277643300124012171e-01
-3.814304675891243335e+00
1.354758231820512293e+01
-1.487729668769850733e+01
-1.330394969360214930e+01
-2.257478699505789166e+00
-1.647267170540943226e+01
7.204631288686947244e+00
-2.273999717216696581e+00
1.350903327687966993e+01
-1.017928372902396461e+01
1.191916526507238672e+01
-1.492685974083124734e+01
2.611783725326512240e+01
8.506662473615023146e-01
-1.810108875854214006e+01
-1.337003376444578606e+01
-7.060124770349418100e+00
1.030176222374694106e+01
3.980839217843310962e+00
5.554186211939665441e+00
2.390971206036034857e+00
3.964318200132396441e+00
1.027422719422876440e+01
7.955961883251205791e-01
7.900891824214895109e-01
3.942290176517857958e+00
2.288303117061421688e+01
8.667838164710587989e+00
-5.547354841193062214e+00
5.499116152903305021e+00
-5.558368853000324350e+00
-7.142729858903972939e+00
-3.990528864807600939e+00
-1.031145187071124170e+01
7.350191233851290917e-01
7.044928117481489949e+00
3.881713111577859365e+00
1.334933010567421263e+01
1.492267709977058132e+01
1.333831609386693628e+01
-8.768769120366926018e-01
2.275324082059668740e+00
-1.825528492384397339e+01
1.015858007025239829e+01
5.416511064348767945e+00
1.488412805844512832e+01
2.119403705254148207e+01
-1.986167395336215691e+01
-5.657494959265790158e+00
2.231268034830577562e+00
-2.510800971073056331e+00
-5.674015976976697573e+00
5.372455017119669662e+00
-1.357929998878397271e+01
5.361441005312400421e+00
-8.853752000591242677e+00
-1.201696700649487326e+01
-5.707058012398519509e+00
1.639139098169785314e+01
3.755051975794216901e+00
-9.870170301094276510e-01
2.165183963986947902e+00
1.794821695808330730e+01
-1.047666204782033361e+01
3.727516946276040244e+00
1.793169594037239278e+01
-1.020059065531242481e+00
1.634182792856511668e+01
1.159975892266148634e+01
1.001539791675784841e+01
5.273328910854218066e+00
-1.525728009504942406e+01
2.420856289904693881e+01
-1.211058610685669734e+01
1.156671688723966440e+01
9.982355881336026471e+00
-7.390545124567594826e+00
6.813633869528757714e+00
6.808126863625126646e+00
5.223765857721481609e+00
-7.412573148182154625e+00
5.212751845914219473e+00
5.207244840010567088e+00
-7.429094165893054935e+00
3.617376828203305195e+00
-2.703546177700324904e+00
1.150063281639603474e+01
5.179709810492390432e+00
5.174202804588752258e+00
-7.462136201314873318e+00
-1.152227207218501803e+00
-1.220971221312214894e+01
1.304644478097421256e+01
-1.064187222492941842e+01
-5.910817230833057323e+00
8.293361763263291664e+00
-2.486807924264034142e+01
-2.769630248543975881e+00
-1.856367725444759387e+01
3.534771739648753908e+00
1.950410733745119529e+00
1.457573572784148297e+01
-1.384914327806215084e+01
-1.543350428396578522e+01
1.140150671013057604e+01
3.440217042269395620e-01
1.454820069832330631e+01
-7.561262307580324915e+00
6.642916686516024072e+00
-1.072998431938761144e+01
8.210756674708754588e+00
6.626395668805116657e+00
8.199742662901485346e+00
-2.857742343002158236e+00
1.450414465109421513e+01
2.889516451905649319e-01
2.834446392869409692e-01
-1.300916366616696962e+00
-7.621839372520334166e+00
-1.078505437842397185e+01
2.614166156723953804e-01
-7.638360390231248687e+00
1.288123460386512420e+01
8.139165597961479648e+00
-1.239144340794215537e+01
-1.397580441384579331e+01
4.964936580250572717e+00
-6.092548425653060207e+00
2.173605684432970975e-01
3.369561562539679755e+00
2.388915655663603133e+01
4.937401550732385402e+00
1.914158054482875571e+01
-9.283298461074885211e+00
9.657442533021495024e+00
4.915373527117857577e+00
1.122528252121421133e+01
1.279862951531057291e+01
1.622905094069437837e-01
-4.579778496496700768e+00
-9.321847502400341767e+00
-1.248506250830396880e+01
1.750765648579239553e+01
-9.338368520111242077e+00
-1.565929152601487573e+01
1.237414680814765688e-01
1.697088462177845258e+00
4.849289456274220811e+00
-7.787049549629418976e+00
3.259421444466937601e+00
7.990476438563305805e+00
-3.067008567340337777e+00
7.979462426756036564e+00
6.395101420852384422e+00
-1.571436158505124325e+01
9.541795409045128906e+00
4.799726403141477249e+00
1.636511397237846666e+00
-1.257868160866578933e+01
-1.258418861456943461e+01
4.113637952693238731e-02
-4.700932626376690848e+00
3.187830367719655555e+00
-1.418507063818396219e+01
1.597962355912393662e+00
-7.880668649991246610e+00
6.323510344105123693e+00
-1.736480666179851440e+01
-7.897189667702154026e+00
-1.895467467360579050e+01
1.261689832049057003e+01
-6.334856685413051025e+00
-1.423463369131669509e+01
1.417923130277966237e+01
4.700600296876025652e+00
-1.109344670902760299e+01
1.574156428506874050e+01
6.262933279165110889e+00
-6.373405726738514687e+00
-4.800058732642149550e+00
-1.269983573854578651e+01
1.504343255550566028e+00
-8.001775035306479822e-02
4.651037243743310512e+00
4.645530237839665233e+00
-9.569662768063970759e+00
-4.838607773967609660e+00
1.252327922012874950e+01
1.409662621422511108e+01
-9.591690791678512795e+00
-1.907032179758216728e+01
7.764689196514208192e+00
-1.350878093894287701e-01
6.174821184706935639e+00
-1.909234982119668800e+01
-8.045878827100342079e+00
4.579446166996024914e+00
1.246820916109238908e+01
-9.641253844811242146e+00
4.562925149285121051e+00
-1.123112185661851825e+01
2.973057137477837841e+00
1.388696131574210568e+00
2.506599912567057231e+01
-1.598971188023306667e+01
-1.125865688613670201e+01
-6.527601892040330256e+00
2.188626310205602721e+01
4.513362096152391700e+00
-8.122976909751251640e+00
-1.760160791565488481e+01
-1.818574921558518298e+00
-6.560643927462166403e+00
4.485827066634200833e+00
-2.551790593926942208e+01
-1.840602945173074545e+00
-2.672559510767023028e-01
2.884945043019669697e+00
-6.593685962883974128e+00
9.189347031212392380e+00
1.076269402530874686e+01
1.707260301940512193e+01
-5.036859986498516406e+00
-5.042366992402154580e+00
2.846396001694202482e+00
-3.168190042094316539e-01
1.862392198988693792e+01
-1.906687016016689995e+00
-2.401615002192033543e+01
4.397714972176025583e+00
-1.139633203372760306e+01
-1.298069303963125165e+01
2.802339954465111305e+00
1.384881094856147143e+01
-8.260652057342159793e+00
-5.108451063245802004e+00
-1.956250069149433557e+00
-1.143488107505307028e+01
-3.884100809566994883e-01
1.381576891313965660e+01
2.758283907236020127e+00
-9.878055098667612555e+00
-1.989292104571255493e+00
4.320616889525116022e+00
9.051671883621473569e+00
4.309602877717839675e+00
-4.324661281858013240e-01
2.719734865910567123e+00
1.218735186000692750e+01
-2.027841145896704944e+00
-5.191056151800335527e+00
-3.617709157703981049e+00
-6.780924163607600974e+00
7.423254830488744460e+00
-1.468620817541489032e+01
1.214880281868148160e+01
-3.645244187222164811e+00
-1.154502119312579111e+01
2.318425980097057248e+01
-5.240619204933061326e+00
-5.095642108367037793e-01
-9.988195216740336946e+00
2.000452377735602028e+01
-6.841501228547613778e+00
-5.315922344512529207e-01
-1.001022324035487898e+01
4.193955753741477110e+00
1.681928074783783700e+01
1.049835774193419979e+01
-8.453397263969424813e+00
1.014219730126932006e+00
-2.148995275776712788e+00
1.363403771831965372e+01
1.520738471241602241e+01
-3.374259629348760825e+01
7.302100700608754380e+00
-2.176530305294892997e+00
1.044879468880147755e+01
1.202214168289783203e+01
5.701218676994201928e+00
5.695711671090570860e+00
-1.009833533481307200e+01
1.515782165928329306e+01
-2.747674334662033147e+01
9.371216474760117876e-01
-8.541509358427614274e+00
1.829350163566874699e+01
2.499454629765104130e+00
5.651655623861479683e+00
7.225002617957841267e+00
-3.832482387945795210e+00
8.792842606150571783e+00
-2.278974439975307575e+01
-8.585565405656701898e+00
4.039759588439657989e+00
-1.491199541746396662e+01
-2.439062642336761044e+01
-7.133234292712522517e-01
-1.019195443517488542e+01
-1.019746144107852714e+01
-2.757036244698215910e+01
1.189548054711419667e+01
8.379955412105672963e-01
-2.325219464693070393e+00
-1.180385047059670711e+01
-1.496706547650033414e+01
-3.920594482403984671e+00
1.502014651169237425e+01
-5.510462494211253670e+00
-2.358261500114885223e+00
-1.025803850601852574e+01
-5.526983511922146874e+00
-7.111344517825802569e+00
8.671688476270567492e+00
-1.343777452963307084e+01
-8.706719535536699084e+00
-2.134305854144033532e+01
-1.503314954734397091e+01
7.065299446752383972e+00
3.902084440848753388e+00
-5.576546565054886884e+00
-1.663403157095851626e+01
1.335868742313783031e+01
1.493203441723419189e+01
-8.620125886694331996e-01
7.026750405426930968e+00
8.600097399523292552e+00
-7.193949606380336093e+00
-8.840406122839894465e-01
-2.615121161818761664e+01
1.805119337590875617e+01
-4.058269629994875061e+00
2.251639364101471585e+00
6.672783581978407597e-01
1.802916535229419992e+01
-1.197456765360942654e+01
-7.243512659513072549e+00
-4.091311665416707655e+00
1.011286732867966265e+01
3.791944322776018339e+00
6.287293168723842030e-01
-2.463844168903124299e+01
1.798510930506510874e+01
1.008533229916146468e+01
-1.202413070674215234e+01
-5.714221712645791484e+00
2.174541281450558472e+00
1.164215827554692595e+01
-4.151888730356713353e+00
5.315728263739650572e+00
-2.153029674216397638e+01
8.462422251932373740e+00
1.477233124602874881e+01
-7.337131759874893078e+00
1.002475523422146608e+01
-3.260980977168215844e+01
-1.209021477758579621e+01
1.158708821651056553e+01
1.000272721060692049e+01
6.839512204703289910e+00
1.314942119879965787e+01
1.156506019289602349e+01
-8.965548813007607976e+00
-1.528647181891125584e+01
-1.082292824814892640e+00
9.964178169281474595e+00
-7.408722836622164465e+00
1.153201815747419801e+01
-3.741796284842943265e+01
9.942150145666936112e+00
-1.848272886023671191e+01
-2.699695866140348954e+00
-5.862910872043990196e+00
-2.710709877947611091e+00
9.914615116148745244e+00
-5.879431889754886953e+00
5.167039104341473177e+00
-4.311591901562167095e+00
-1.536907690746580357e+01
-5.901459913369439647e+00
3.566157080726924278e+00
-4.333619925176709131e+00
2.250139106891965213e+01
1.144390606301601565e+01
-1.066555694288762268e+01
3.809140512087410002e-01
2.563707104530510605e+01
1.931614803940147240e+01
1.457407903349784206e+01
1.937740027594209380e+00
-5.962036978309441793e+00
-4.388689984213076656e+00
9.815489009883279437e+00
3.368580039796569281e-01
1.296218299807601682e+01
-5.989572007827614897e+00
-1.231049501373124144e+01
1.136680798036511320e+01
-6.006093025538518759e+00
-1.074816203144216686e+01
3.456016962654192781e+00
-9.180322043249429242e+00
3.445002950846919987e+00
3.439495944943288919e+00
1.855134939039650988e+00
9.743897933136011602e+00
5.001828927232374156e+00
1.446944592132873453e+01
-1.079772508457489266e+01
9.721869909521469566e+00
1.761063290361783373e+01
-6.077684102285797252e+00
-1.871402310818943349e+01
-6.088698114093073599e+00
2.212108800032837053e-01
-2.942004125900346878e+00
-9.262927131803984082e+00
-2.953018137707623225e+00
4.935744856388744495e+00
-1.385178149514892709e+00
1.597670884458146645e+01
-9.290462161322167844e+00
4.913716832774191801e+00
-4.564914173129441366e+00
1.744994820966923044e+00
2.068573581506328907e+01
-3.142195319084033045e+01
2.225357580325601248e+01
1.722966797352370349e+00
8.032875791448745417e+00
9.606222785545107001e+00
1.275842377964147545e+01
-1.456769226262167649e+00
3.274285767834200556e+00
4.847632761930558587e+00
1.747295775602692203e+01
-4.636505249876719859e+00
1.272538174421964641e+01
-1.489811261683986032e+00
-1.495318267587617100e+00
1.113000672650874634e+01
-6.242894279394892720e+00
9.540138714701470235e+00
3.219215708797825926e+00
7.950270702894194130e+00
1.899674169699056492e+01
1.623840691086918753e+00
-9.433644314816703513e+00
4.770534679279652579e+00
-9.444658326623986966e+00
1.601812667472380269e+00
-6.297964338431263798e+00
4.748506655665110543e+00
4.742999649761468817e+00
9.306438578384756966e-04
-1.263540836204579065e+01
-1.264091536794943593e+01
-6.331006373853067970e+00
-1.107307537975671607e+01
-6.342020385660337212e+00
-3.003033739156398241e+01
-1.582615839746761210e+01
-1.741051940337125004e+01
-2.846800440927488651e+01
-1.584267941517853728e+01
-1.584818642108216480e+01
-2.059025542698580225e+01
-2.059576243288944752e+01
-3.323210143879308021e+01
-2.692219244469670159e+01
-3.955853145060035558e+01
-7.986958456503984394e+00
-1.904444346240761732e+01
-2.378651246831126187e+01
-2.379201947421490715e+01
-2.221867248011851714e+01
-2.538188748602216194e+01
-2.696624849192581408e+01
-2.855060949782943069e+01
-3.013497050373306507e+01
-2.856162350963671059e+01
-1.593629851554036136e+01
-1.909951352144399905e+01
-1.752616652734761260e+01
-2.700479753325125998e+01
-1.280061853915488967e+01
-2.227924954505851929e+01
-1.912704855096216860e+01
-2.071140955686581364e+01
-1.440150056276945278e+01
-1.598586156867306585e+01
-4.939390574576712822e+00
-2.862770758048034736e+01
-9.686966586383981337e+00
2.938358407712382103e+00
-2.074995859819125599e+01
-1.286119560409489893e+01
-2.865524260999853468e+01
-1.129335561590215775e+01
-2.468846218058047270e-01
-1.288322362770943386e+01
-1.446758463361306823e+01
-6.578821639516721831e+00
1.309941354579649442e+00
-5.010981651323991315e+00
-1.858780657227619315e+00
-1.607397366313126241e+01
-1.869794669034895662e+00
-1.292727967493851793e+01
4.434607319157830574e+00
-6.622877686745802350e+00
-1.610150869264943196e+01
-1.897329698553079425e+00
-5.060544704456717113e+00
-2.085459171036034931e+01
4.401565283736015743e+00
-3.498211722167621218e+00
-2.402882072807125269e+01
-1.771891173397490249e+01
-3.514732739878532186e+00
-1.141450974578217270e+01
-5.104600751685794080e+00
-2.247750175758944380e+01
-1.300988476349307987e+01
-3.542267769396719501e+00
-2.880943877530034314e+01
-9.868697781203980668e+00
-1.934732878710762805e+01
-5.143149793011268400e+00
-1.146407279891488429e+01
-5.154163804818519878e+00
-6.738524810722164915e+00
-2.569027981662579663e+01
-2.727464082252943456e+01
-1.307046182843308202e+01
-1.465482283433671640e+01
-1.781803784024034698e+01
-2.035004846143980473e+00
-1.940790585204762664e+01
-8.361434857951255850e+00
5.842744136145103795e+00
-2.258213486975853357e+01
5.831730124337838106e+00
1.845705511843419089e+01
-4.946998874694372716e-01
-9.973330893373077544e+00
-9.978837899276708612e+00
1.067633094819644413e+00
1.053525008891601544e+01
1.056619083012385829e+00
5.787674077108739823e+00
-3.690956928794889791e+00
-1.474844193469852982e+01
1.034591059397822477e+00
8.923354053494197302e+00
-6.870692952409438448e+00
4.175778041686911024e+00
-2.145144964216719075e+00
-1.162377597012035224e+01
1.001549023976007646e+00
1.520572801807237440e+01
1.046365901216873695e+01
-1.006694999373488741e+01
-5.993329996385412528e-01
7.289429994457826467e+00
-6.103470114458033891e-01
9.629999826505546423e-01
-2.272531702325307634e+01
-3.784576029156720978e+00
-6.947791035060355114e+00
7.256387959036008084e+00
-8.537659046867627666e+00
-6.488960527712634985e-01
-6.969819058674897150e+00
1.197092193542145466e+01
-2.244271070482170671e+00
-3.828632076385812155e+00
-3.834139082289446776e+00
-3.839646088193084950e+00
4.049116905903275665e+00
-5.429514100000353949e+00
1.351122689409600852e+01
8.748878881923758399e-01
2.448234882288740977e+00
-7.030396123614902848e+00
-7.035903129518533916e+00
-2.304848135422176370e+00
-1.652004114132581236e+01
1.189382385277054865e+01
1.030946284686691072e+01
-1.022114615903671364e+01
1.187730283505964479e+01
1.187179582915600662e+01
-8.658813176747624851e+00
8.703073817348730756e+00
-2.603722118855488787e+01
-2.359918194458540341e+00
-8.680841200362170440e+00
1.341760779373419510e+01
1.499095478783055313e+01
-7.118508218073081650e+00
-2.133370122397671409e+01
7.647477701196407907e-01
-8.196132357839864824e-01
-2.403974241687627966e+00
2.327080752408729580e+00
-7.151550253494900034e+00
-1.189361925939853748e+01
-2.426002265302173555e+00
-2.431509271205808176e+00
-5.594724277109442312e+00
-1.349450128301307927e+01
-7.184592288916721969e+00
7.019586705179641228e+00
8.592933699276002812e+00
7.008572693372364881e+00
-1.983745231253126207e+01
5.418704681565095882e+00
-2.481072324338533974e+00
8.565398669757822603e+00
6.981037663854184672e+00
2.750063265795055401e+01
-7.239662347953085941e+00
1.327993264614327984e+01
-2.514114359760355910e+00
-4.098475365663993841e+00
-5.682836371567628220e+00
5.363634622528728357e+00
6.936981616625097047e+00
5.352620610721462668e+00
1.797794560481782611e+01
-5.710371401085811982e+00
-5.715878406989446603e+00
-4.142531412893088572e+00
-1.204230841879671843e+01
6.898432575299644043e+00
5.314071569396009664e+00
1.636054256349237335e+01
-2.311631444241125877e+01
1.003411255168510152e+01
-2.154847445421853536e+01
5.286536539877822349e+00
5.281029533974184176e+00
-1.367072547192945819e+01
3.691161522166915177e+00
3.685654516263273450e+00
2.101293510359642625e+00
-1.527160749554398933e+01
-1.067428501447629685e+00
-1.370376750735126592e+01
-1.078442513254902480e+00
-2.662803519158519094e+00
3.652612480841476383e+00
-2.662803519158519094e+00
4.949044808414910790e-01
5.231466480841476141e+00
-1.083949519158519337e+00
-1.687248951915852047e+01
-4.241657519158522405e+00
-2.662803519158515542e+00
1.312573648084148203e+01
-1.083949519158522889e+00
-1.055707351915851788e+01
6.810320480841475899e+00
4.949044808414768681e-01
3.652612480841476383e+00
6.810320480841475899e+00
1.312573648084147848e+01
-1.213592751915851764e+01
-4.241657519158518852e+00
-2.662803519158522647e+00
-5.820511519158518610e+00
-4.241657519158522405e+00
-1.083949519158522889e+00
-2.662803519158522647e+00
-4.241657519158522405e+00
-1.687248951915850981e+01
2.891427648084147961e+01
5.231466480841476141e+00
-1.529363551915852071e+01
-4.241657519158522405e+00
-1.687248951915851691e+01
-8.978219519158521678e+00
-1.083949519158515784e+00
2.073758480841476626e+00
-8.978219519158514572e+00
9.968028480841482519e+00
-4.241657519158518852e+00
-2.662803519158522647e+00
-1.371478151915851740e+01
-1.055707351915852144e+01
-1.055707351915851788e+01
5.231466480841483246e+00
-1.371478151915851740e+01
-1.055707351915852144e+01
-2.662803519158522647e+00
9.968028480841475414e+00
-1.083949519158522889e+00
-5.820511519158515057e+00
4.949044808414768681e-01
3.652612480841476383e+00
-5.820511519158522162e+00
-1.371478151915851740e+01
1.154688248084147517e+01
6.810320480841475899e+00
-5.820511519158518610e+00
9.968028480841482519e+00
-4.241657519158522405e+00
1.944115248084148106e+01
-1.083949519158522889e+00
3.652612480841483489e+00
-1.083949519158519337e+00
1.312573648084147493e+01
-1.687248951915852047e+01
1.470459048084148179e+01
5.231466480841476141e+00
6.810320480841483004e+00
2.575656848084148720e+01
-1.371478151915852095e+01
3.652612480841479936e+00
6.810320480841475899e+00
-2.476675951915851925e+01
4.949044808414768681e-01
3.652612480841483489e+00
-2.662803519158519094e+00
2.073758480841476626e+00
-4.241657519158515299e+00
-1.687248951915852047e+01
-1.083949519158522889e+00
2.073758480841480178e+00
-5.820511519158507951e+00
3.652612480841479936e+00
-1.083949519158519337e+00
3.680854648084147129e+01
9.968028480841475414e+00
5.231466480841476141e+00
8.389174480841475656e+00
-5.820511519158522162e+00
5.231466480841476141e+00
4.949044808414839736e-01
-2.318790551915851594e+01
4.949044808414804208e-01
4.949044808414768681e-01
9.968028480841482519e+00
-1.083949519158515784e+00
-7.399365519158521920e+00
1.786229848084148131e+01
-4.241657519158518852e+00
-5.820511519158518610e+00
-2.662803519158522647e+00
6.810320480841479451e+00
2.073758480841480178e+00
-7.399365519158521920e+00
-7.399365519158518367e+00
6.810320480841475899e+00
1.470459048084148179e+01
-4.241657519158522405e+00
3.652612480841476383e+00
-7.399365519158518367e+00
-7.399365519158521920e+00
4.949044808414768681e-01
2.575656848084148010e+01
-8.978219519158518125e+00
1.470459048084148179e+01
-2.003019751915851643e+01
1.154688248084148228e+01
6.810320480841475899e+00
1.470459048084147469e+01
1.312573648084148203e+01
-1.055707351915851788e+01
3.652612480841479936e+00
-4.241657519158522405e+00
8.389174480841479209e+00
2.259886048084148769e+01
4.949044808414804208e-01
-5.820511519158522162e+00
-1.083949519158522889e+00
1.470459048084148179e+01
9.968028480841486072e+00
8.389174480841475656e+00
9.968028480841482519e+00
8.389174480841482762e+00
2.102000648084148082e+01
2.733542248084148696e+01
1.628344448084148155e+01
8.389174480841475656e+00
8.389174480841475656e+00
1.786229848084147420e+01
-1.055707351915852144e+01
1.628344448084147444e+01
1.628344448084148155e+01
-1.083949519158522889e+00
9.968028480841475414e+00
9.968028480841475414e+00
1.154688248084148583e+01
1.470459048084148179e+01
3.652612480841479936e+00
4.949044808414768681e-01
9.968028480841486072e+00
2.073758480841480178e+00
6.810320480841475899e+00
9.968028480841475414e+00
-2.662803519158522647e+00
3.652612480841483489e+00
8.389174480841486314e+00
3.652612480841476383e+00
2.733542248084148696e+01
2.073758480841476626e+00
1.312573648084147493e+01
1.154688248084147517e+01
-2.662803519158519094e+00
1.470459048084148179e+01
8.389174480841475656e+00
6.810320480841483004e+00
5.231466480841479694e+00
-2.662803519158522647e+00
8.389174480841475656e+00
2.102000648084148082e+01
1.312573648084147493e+01
4.949044808414804208e-01
5.231466480841476141e+00
-1.055707351915852144e+01
-1.083949519158519337e+00
2.259886048084148058e+01
2.073758480841480178e+00
6.810320480841479451e+00
1.312573648084148203e+01
-1.213592751915851942e+01
-4.241657519158515299e+00
1.470459048084148179e+01
2.073758480841476626e+00
4.949044808414804208e-01
6.810320480841479451e+00
-1.529363551915852071e+01
2.073758480841476626e+00
4.949044808414768681e-01
1.312573648084148203e+01
-5.820511519158518610e+00
5.231466480841476141e+00
3.652612480841476383e+00
5.231466480841483246e+00
4.949044808414768681e-01
8.389174480841475656e+00
1.154688248084147517e+01
9.968028480841482519e+00
-1.371478151915851917e+01
-1.213592751915852119e+01
1.154688248084147517e+01
1.154688248084148228e+01
-4.241657519158522405e+00
2.073758480841480178e+00
-5.820511519158518610e+00
2.073758480841476626e+00
2.891427648084147961e+01
-5.820511519158518610e+00
6.810320480841479451e+00
3.652612480841476383e+00
-1.687248951915851691e+01
9.968028480841482519e+00
5.231466480841476141e+00
4.949044808414910790e-01
1.312573648084148203e+01
3.522969248084147864e+01
4.949044808414804208e-01
4.949044808414768681e-01
-1.687248951915850981e+01
4.949044808414804208e-01
8.389174480841475656e+00
2.102000648084148082e+01
2.073758480841483731e+00
-1.213592751915851764e+01
1.470459048084148179e+01
9.968028480841475414e+00
2.102000648084148082e+01
1.154688248084148228e+01
9.968028480841478967e+00
3.652612480841476383e+00
2.417771448084147679e+01
5.231466480841476141e+00
2.073758480841476626e+00
1.154688248084148228e+01
1.312573648084147493e+01
1.786229848084148131e+01
5.231466480841476141e+00
3.652612480841476383e+00
3.652612480841479936e+00
1.154688248084148228e+01
-5.820511519158515057e+00
-8.978219519158521678e+00
-2.662803519158522647e+00
-1.055707351915852144e+01
1.154688248084147517e+01
-1.687248951915852047e+01
6.810320480841483004e+00
-5.820511519158518610e+00
5.231466480841476141e+00
3.652612480841476383e+00
2.102000648084148082e+01
1.312573648084148203e+01
2.575656848084148010e+01
-1.213592751915851764e+01
4.949044808414804208e-01
6.810320480841475899e+00
-4.241657519158518852e+00
1.154688248084147517e+01
5.231466480841476141e+00
-8.978219519158518125e+00
2.259886048084148058e+01
1.944115248084147751e+01
2.417771448084148034e+01
1.628344448084147444e+01
1.944115248084147396e+01
4.949044808414804208e-01
3.652612480841479936e+00
-4.241657519158522405e+00
4.949044808414804208e-01
1.470459048084148534e+01
5.231466480841483246e+00
6.810320480841475899e+00
5.231466480841479694e+00
6.810320480841475899e+00
1.154688248084148228e+01
6.810320480841475899e+00
-4.241657519158518852e+00
8.389174480841475656e+00
6.810320480841479451e+00
-7.399365519158518367e+00
-4.241657519158522405e+00
-1.529363551915852071e+01
1.470459048084148179e+01
6.810320480841475899e+00
5.231466480841483246e+00
-1.687248951915850981e+01
1.154688248084148228e+01
3.652612480841483489e+00
6.810320480841475899e+00
3.652612480841490594e+00
3.365083848084148599e+01
-8.978219519158518125e+00
-2.662803519158522647e+00
1.786229848084147420e+01
-4.241657519158518852e+00
1.154688248084148228e+01
2.102000648084148082e+01
3.652612480841476383e+00
9.968028480841475414e+00
1.154688248084147872e+01
6.810320480841475899e+00
3.652612480841476383e+00
2.073758480841476626e+00
-4.241657519158518852e+00
5.231466480841486799e+00
6.810320480841483004e+00
6.810320480841479451e+00
-5.820511519158522162e+00
8.389174480841475656e+00
-2.662803519158522647e+00
1.312573648084148559e+01
4.949044808414768681e-01
8.389174480841475656e+00
5.231466480841483246e+00
1.628344448084147444e+01
1.628344448084148155e+01
-5.820511519158522162e+00
-5.820511519158518610e+00
-1.845134351915850957e+01
-4.241657519158522405e+00
1.154688248084148228e+01
3.652612480841479936e+00
-1.687248951915851691e+01
4.949044808414768681e-01
6.810320480841486557e+00
-4.241657519158515299e+00
-3.108217551915851828e+01
-1.687248951915850981e+01
-2.662803519158519094e+00
1.470459048084148179e+01
-4.241657519158518852e+00
2.575656848084148010e+01
3.652612480841476383e+00
-5.820511519158522162e+00
2.073758480841476626e+00
-8.978219519158518125e+00
8.389174480841482762e+00
-4.241657519158518852e+00
8.389174480841489867e+00
-1.055707351915852144e+01
2.102000648084148082e+01
2.073758480841476626e+00
1.944115248084148106e+01
1.312573648084148203e+01
-2.160905151915851619e+01
8.389174480841475656e+00
2.073758480841480178e+00
8.389174480841475656e+00
-8.978219519158518125e+00
4.949044808414804208e-01
-1.055707351915852144e+01
3.652612480841483489e+00
-5.820511519158518610e+00
1.312573648084148203e+01
-7.399365519158518367e+00
1.312573648084147493e+01
-2.634561351915851191e+01
-1.213592751915851053e+01
9.968028480841482519e+00
1.786229848084148131e+01
-7.399365519158518367e+00
-2.662803519158515542e+00
9.968028480841475414e+00
-1.083949519158522889e+00
1.312573648084147848e+01
6.810320480841483004e+00
1.154688248084147517e+01
-4.241657519158518852e+00
-8.978219519158519901e+00
1.312573648084147493e+01
3.652612480841479936e+00
9.968028480841478967e+00
3.652612480841476383e+00
5.231466480841479694e+00
1.154688248084147517e+01
3.652612480841476383e+00
9.968028480841478967e+00
2.575656848084148010e+01
-4.241657519158518852e+00
3.652612480841476383e+00
-1.083949519158522889e+00
-1.083949519158522889e+00
8.389174480841475656e+00
5.231466480841490352e+00
6.810320480841475899e+00
-1.687248951915850981e+01
6.810320480841475899e+00
4.949044808414804208e-01
-1.371478151915851740e+01
8.389174480841475656e+00
-1.055707351915852144e+01
-1.213592751915851942e+01
-4.241657519158522405e+00
2.575656848084147654e+01
-1.083949519158519337e+00
9.968028480841475414e+00
-5.820511519158522162e+00
5.231466480841476141e+00
5.231466480841479694e+00
4.949044808414804208e-01
2.073758480841476626e+00
9.968028480841482519e+00
4.949044808414839736e-01
-5.820511519158518610e+00
1.312573648084148203e+01
-8.978219519158518125e+00
-7.399365519158518367e+00
1.154688248084147517e+01
-1.083949519158522889e+00
-5.820511519158518610e+00
4.949044808414804208e-01
6.810320480841475899e+00
5.231466480841476141e+00
-7.399365519158518367e+00
1.312573648084147848e+01
-8.978219519158518125e+00
1.154688248084147872e+01
1.154688248084147517e+01
1.312573648084147493e+01
-2.662803519158522647e+00
4.949044808414768681e-01
-4.241657519158522405e+00
1.312573648084147493e+01
2.073758480841480178e+00
1.154688248084148228e+01
2.073758480841480178e+00
6.810320480841483004e+00
1.154688248084147517e+01
3.049313048084148647e+01
3.652612480841479936e+00
9.968028480841475414e+00
5.231466480841476141e+00
9.968028480841482519e+00
2.073758480841480178e+00
-2.160905151915851619e+01
-7.399365519158514815e+00
1.312573648084147848e+01
3.652612480841476383e+00
-2.662803519158519094e+00
1.628344448084148155e+01
6.810320480841479451e+00
1.786229848084148131e+01
-7.399365519158518367e+00
1.944115248084148106e+01
-1.055707351915852144e+01
1.154688248084148228e+01
1.154688248084148228e+01
-4.241657519158522405e+00
-1.529363551915851716e+01
1.944115248084148106e+01
-1.213592751915851764e+01
6.810320480841479451e+00
-1.371478151915852095e+01
4.949044808414768681e-01
3.652612480841479936e+00
-5.820511519158518610e+00
5.231466480841479694e+00
-1.083949519158508679e+00
1.628344448084147444e+01
-1.213592751915851764e+01
9.968028480841482519e+00
2.073758480841480178e+00
1.944115248084148106e+01
4.949044808414804208e-01
-1.083949519158519337e+00
-1.371478151915851740e+01
-1.529363551915851716e+01
2.102000648084148082e+01
1.154688248084148228e+01
8.389174480841475656e+00
6.810320480841479451e+00
3.652612480841476383e+00
-1.055707351915851788e+01
4.949044808414804208e-01
2.073758480841476626e+00
8.389174480841482762e+00
-2.662803519158519094e+00
-3.108217551915850763e+01
8.389174480841479209e+00
1.154688248084147517e+01
-5.820511519158522162e+00
-1.055707351915852144e+01
2.073758480841483731e+00
6.810320480841475899e+00
-1.083949519158522889e+00
2.733542248084147985e+01
-8.978219519158507467e+00
-1.213592751915852119e+01
5.231466480841476141e+00
-7.399365519158518367e+00
4.949044808414768681e-01
1.470459048084148179e+01
-1.055707351915852144e+01
-1.687248951915850981e+01
-7.399365519158521920e+00
2.102000648084148082e+01
-1.055707351915852144e+01
4.949044808414804208e-01
-2.662803519158519094e+00
3.652612480841479936e+00
5.231466480841476141e+00
9.968028480841482519e+00
-4.241657519158518852e+00
-1.213592751915852119e+01
1.628344448084148155e+01
-1.083949519158522889e+00
9.968028480841475414e+00
-4.241657519158518852e+00
3.652612480841479936e+00
-2.003019751915851998e+01
-2.662803519158519094e+00
1.786229848084148131e+01
1.470459048084147469e+01
-2.662803519158522647e+00
6.810320480841479451e+00
4.949044808414839736e-01
-8.978219519158521678e+00
4.949044808414804208e-01
-1.083949519158519337e+00
2.073758480841480178e+00
3.652612480841476383e+00
2.073758480841476626e+00
8.389174480841475656e+00
2.102000648084148082e+01
-1.687248951915850981e+01
8.389174480841479209e+00
4.949044808414804208e-01
3.652612480841476383e+00
1.154688248084148583e+01
1.312573648084148203e+01
-2.662803519158522647e+00
-1.213592751915851764e+01
-1.083949519158519337e+00
1.786229848084147420e+01
5.231466480841476141e+00
-1.529363551915851360e+01
1.154688248084148228e+01
2.073758480841480178e+00
6.810320480841483004e+00
-2.634561351915851546e+01
9.968028480841482519e+00
2.073758480841480178e+00
5.231466480841476141e+00
6.810320480841475899e+00
-1.083949519158519337e+00
-1.083949519158519337e+00
5.231466480841479694e+00
5.231466480841476141e+00
-1.083949519158522889e+00
-4.241657519158515299e+00
-1.529363551915852071e+01
5.231466480841483246e+00
-7.399365519158518367e+00
-1.687248951915851691e+01
-1.083949519158515784e+00
1.154688248084147517e+01
-1.083949519158519337e+00
-2.160905151915851974e+01
3.652612480841476383e+00
6.810320480841479451e+00
8.389174480841482762e+00
-1.213592751915851053e+01
2.073758480841476626e+00
1.312573648084148203e+01
1.786229848084147420e+01
-1.529363551915851716e+01
-4.241657519158518852e+00
2.073758480841476626e+00
8.389174480841475656e+00
-4.241657519158522405e+00
-4.241657519158518852e+00
6.810320480841475899e+00
2.417771448084148744e+01
-8.978219519158521678e+00
-1.845134351915851667e+01
-7.399365519158521920e+00
-1.083949519158522889e+00
-1.371478151915851740e+01
1.628344448084147444e+01
1.470459048084147469e+01
-7.399365519158518367e+00
6.810320480841483004e+00
1.312573648084147493e+01
9.968028480841475414e+00
-8.978219519158518125e+00
1.628344448084148155e+01
1.312573648084147493e+01
-1.083949519158519337e+00
8.389174480841475656e+00
6.810320480841483004e+00
9.968028480841475414e+00
2.073758480841480178e+00
2.073758480841480178e+00
3.652612480841479936e+00
-1.371478151915851740e+01
-7.399365519158518367e+00
1.470459048084147469e+01
-1.845134351915851667e+01
-7.399365519158521920e+00
-4.241657519158518852e+00
1.312573648084147493e+01
6.810320480841479451e+00
1.312573648084148203e+01
-1.371478151915851740e+01
2.073758480841476626e+00
-1.213592751915851764e+01
4.949044808414768681e-01
-1.529363551915851716e+01
3.652612480841479936e+00
-2.662803519158515542e+00
4.949044808414804208e-01
6.810320480841475899e+00
2.073758480841483731e+00
4.949044808414768681e-01
1.786229848084148131e+01
-7.399365519158521920e+00
2.102000648084148082e+01
8.389174480841479209e+00
-8.978219519158521678e+00
9.968028480841475414e+00
-1.687248951915851691e+01
1.154688248084148583e+01
4.949044808414804208e-01
-1.213592751915851409e+01
-2.662803519158522647e+00
-2.160905151915850908e+01
4.949044808414804208e-01
-1.083949519158515784e+00
-1.083949519158522889e+00
-5.820511519158518610e+00
-7.399365519158518367e+00
-1.529363551915851005e+01
-1.083949519158519337e+00
-2.662803519158522647e+00
1.786229848084148131e+01
-4.241657519158518852e+00
-1.055707351915852144e+01
1.786229848084147420e+01
3.652612480841476383e+00
2.073758480841480178e+00
-4.241657519158518852e+00
-1.371478151915852095e+01
1.470459048084148534e+01
6.810320480841475899e+00
-2.662803519158522647e+00
-1.055707351915851788e+01
-5.820511519158518610e+00
-1.055707351915851788e+01
9.968028480841486072e+00
-1.529363551915851716e+01
9.968028480841486072e+00
-4.241657519158522405e+00
-2.662803519158508436e+00
3.652612480841479936e+00
-1.055707351915851788e+01
-1.083949519158519337e+00
9.968028480841482519e+00
8.389174480841482762e+00
4.949044808414804208e-01
-2.662803519158519094e+00
-4.241657519158518852e+00
1.470459048084147469e+01
-1.213592751915851764e+01
-1.083949519158515784e+00
-2.662803519158519094e+00
-2.662803519158515542e+00
3.049313048084147937e+01
8.389174480841475656e+00
8.389174480841475656e+00
-4.241657519158518852e+00
2.733542248084147985e+01
3.652612480841479936e+00
9.968028480841475414e+00
4.949044808414768681e-01
1.786229848084148131e+01
1.628344448084148155e+01
-2.662803519158519094e+00
-1.083949519158522889e+00
1.154688248084147517e+01
-1.213592751915851764e+01
2.073758480841476626e+00
1.312573648084147493e+01
-4.241657519158518852e+00
-1.083949519158515784e+00
8.389174480841486314e+00
5.231466480841486799e+00
1.944115248084148106e+01
5.231466480841476141e+00
1.154688248084147517e+01
-5.820511519158518610e+00
4.949044808414768681e-01
-1.687248951915852047e+01
-5.820511519158518610e+00
1.628344448084148155e+01
-1.083949519158522889e+00
1.312573648084148559e+01
-7.399365519158521920e+00
9.968028480841475414e+00
-1.687248951915852047e+01
9.968028480841475414e+00
-4.241657519158522405e+00
-1.055707351915852144e+01
-7.399365519158518367e+00
4.949044808414804208e-01
2.073758480841476626e+00
-8.978219519158518125e+00
-5.820511519158518610e+00
2.073758480841476626e+00
-5.820511519158522162e+00
-1.083949519158522889e+00
-5.820511519158518610e+00
4.949044808414804208e-01
-1.083949519158522889e+00
-5.820511519158522162e+00
-1.529363551915852071e+01
4.949044808414804208e-01
8.389174480841479209e+00
9.968028480841475414e+00
1.154688248084147517e+01
1.470459048084148179e+01
8.389174480841479209e+00
6.810320480841483004e+00
1.628344448084148155e+01
-4.241657519158522405e+00
-1.213592751915852119e+01
4.949044808414768681e-01
3.652612480841476383e+00
5.231466480841476141e+00
6.810320480841490109e+00
3.652612480841476383e+00
-1.055707351915851788e+01
3.652612480841476383e+00
-1.213592751915852119e+01
-1.083949519158522889e+00
-1.371478151915851029e+01
2.891427648084147606e+01
-7.399365519158518367e+00
-1.055707351915851078e+01
4.949044808414804208e-01
-7.399365519158518367e+00
1.470459048084148179e+01
1.312573648084148203e+01
-1.529363551915851893e+01
6.810320480841479451e+00
-1.083949519158515784e+00
-1.213592751915851764e+01
1.944115248084148106e+01
-5.820511519158518610e+00
3.652612480841476383e+00
-2.662803519158522647e+00
1.470459048084148179e+01
2.073758480841476626e+00
6.810320480841475899e+00
9.968028480841475414e+00
-1.055707351915852144e+01
1.154688248084148228e+01
2.073758480841480178e+00
8.389174480841482762e+00
1.154688248084147517e+01
-4.241657519158518852e+00
2.102000648084148082e+01
-1.055707351915852144e+01
1.154688248084148228e+01
-8.978219519158518125e+00
9.968028480841482519e+00
1.312573648084147493e+01
-7.399365519158514815e+00
1.312573648084147493e+01
-1.083949519158519337e+00
3.652612480841479936e+00
1.154688248084148228e+01
1.628344448084148155e+01
1.786229848084147420e+01
4.949044808414768681e-01
-8.978219519158518125e+00
6.810320480841483004e+00
1.312573648084147493e+01
-7.399365519158518367e+00
1.312573648084148559e+01
-1.083949519158519337e+00
-1.055707351915851788e+01
-1.529363551915851360e+01
2.417771448084148034e+01
3.652612480841479936e+00
5.231466480841483246e+00
8.389174480841486314e+00
-1.687248951915852047e+01
9.968028480841478967e+00
-1.083949519158522889e+00
-5.820511519158518610e+00
5.231466480841479694e+00
-1.371478151915851029e+01
-1.055707351915851078e+01
2.733542248084148696e+01
8.389174480841486314e+00
1.470459048084147469e+01
-1.083949519158522889e+00
1.786229848084147420e+01
9.968028480841486072e+00
9.968028480841482519e+00
2.073758480841483731e+00
-1.083949519158519337e+00
1.470459048084148179e+01
6.810320480841475899e+00
6.810320480841475899e+00
3.652612480841479936e+00
9.968028480841482519e+00
5.231466480841476141e+00
-2.662803519158519094e+00
-1.055707351915851788e+01
1.786229848084147420e+01
-1.529363551915852071e+01
1.786229848084148131e+01
2.073758480841476626e+00
1.628344448084147444e+01
2.073758480841476626e+00
1.944115248084147751e+01
-1.083949519158519337e+00
-2.662803519158519094e+00
-1.687248951915851691e+01
1.786229848084148131e+01
-1.213592751915851764e+01
1.312573648084148203e+01
8.389174480841479209e+00
1.628344448084148155e+01
1.154688248084147517e+01
-1.529363551915851716e+01
3.652612480841476383e+00
-1.083949519158522889e+00
9.968028480841475414e+00
1.470459048084147469e+01
2.073758480841476626e+00
5.231466480841479694e+00
1.312573648084147493e+01
-5.820511519158518610e+00
-1.083949519158522889e+00
2.417771448084147679e+01
-1.213592751915852119e+01
3.652612480841479936e+00
-1.371478151915851917e+01
2.102000648084148082e+01
-1.055707351915851788e+01
2.073758480841483731e+00
-7.399365519158518367e+00
-1.055707351915851788e+01
1.312573648084147493e+01
1.944115248084148106e+01
4.949044808414768681e-01
3.652612480841479936e+00
-2.662803519158522647e+00
1.154688248084147517e+01
-1.083949519158515784e+00
6.810320480841486557e+00
9.968028480841475414e+00
6.810320480841479451e+00
5.231466480841479694e+00
9.968028480841475414e+00
-4.241657519158520628e+00
3.652612480841476383e+00
1.944115248084148106e+01
3.652612480841476383e+00
3.652612480841479936e+00
8.389174480841475656e+00
3.652612480841476383e+00
2.073758480841476626e+00
6.810320480841475899e+00
1.312573648084147493e+01
4.949044808414804208e-01
5.231466480841476141e+00
-5.820511519158518610e+00
2.073758480841476626e+00
2.073758480841476626e+00
1.786229848084148131e+01
1.312573648084148203e+01
1.154688248084148228e+01
5.231466480841476141e+00
1.312573648084147493e+01
-5.820511519158518610e+00
9.968028480841478967e+00
1.154688248084147517e+01
1.628344448084148155e+01
6.810320480841483004e+00
8.389174480841475656e+00
1.786229848084148131e+01
4.949044808414804208e-01
9.968028480841475414e+00
-1.687248951915852047e+01
8.389174480841475656e+00
4.949044808414804208e-01
-4.241657519158515299e+00
-4.241657519158522405e+00
-1.083949519158519337e+00
-1.213592751915852119e+01
-5.820511519158518610e+00
5.231466480841479694e+00
-1.055707351915852144e+01
4.949044808414768681e-01
-2.662803519158522647e+00
-8.978219519158514572e+00
4.949044808414768681e-01
-1.055707351915851966e+01
5.231466480841479694e+00
2.073758480841483731e+00
6.810320480841475899e+00
-1.371478151915851740e+01
-1.083949519158522889e+00
3.652612480841476383e+00
-1.529363551915851716e+01
1.628344448084148155e+01
3.652612480841479936e+00
3.652612480841479936e+00
1.154688248084147872e+01
6.810320480841483004e+00
-5.820511519158518610e+00
5.231466480841476141e+00
-1.055707351915851078e+01
-7.399365519158521920e+00
-7.399365519158518367e+00
-4.241657519158518852e+00
-1.213592751915851764e+01
1.944115248084148106e+01
8.389174480841482762e+00
-1.529363551915852071e+01
-4.241657519158518852e+00
6.810320480841479451e+00
-1.083949519158519337e+00
-1.055707351915851788e+01
6.810320480841483004e+00
8.389174480841482762e+00
8.389174480841475656e+00
2.575656848084148010e+01
5.231466480841479694e+00
4.949044808414768681e-01
1.154688248084148228e+01
-8.978219519158514572e+00
6.810320480841475899e+00
3.652612480841476383e+00
2.073758480841483731e+00
5.231466480841476141e+00
-8.978219519158518125e+00
-1.083949519158519337e+00
-8.978219519158518125e+00
-8.978219519158521678e+00
-8.978219519158518125e+00
6.810320480841475899e+00
2.073758480841476626e+00
-7.399365519158518367e+00
-2.662803519158522647e+00
6.810320480841475899e+00
2.259886048084148058e+01
2.575656848084148010e+01
9.968028480841475414e+00
5.231466480841476141e+00
-1.213592751915851764e+01
2.073758480841483731e+00
6.810320480841475899e+00
1.470459048084147469e+01
1.786229848084148131e+01
3.652612480841479936e+00
9.968028480841482519e+00
1.312573648084148203e+01
5.231466480841476141e+00
2.259886048084148058e+01
-5.820511519158518610e+00
-7.399365519158511262e+00
5.231466480841476141e+00
-8.978219519158521678e+00
-1.055707351915851788e+01
4.949044808414768681e-01
-8.978219519158521678e+00
1.154688248084148228e+01
3.652612480841476383e+00
2.102000648084148082e+01
5.231466480841476141e+00
-2.662803519158522647e+00
-1.083949519158522889e+00
2.102000648084148082e+01
-5.820511519158522162e+00
4.949044808414768681e-01
1.470459048084147469e+01
1.786229848084148131e+01
-7.399365519158518367e+00
1.628344448084148155e+01
-5.820511519158515057e+00
1.786229848084148131e+01
4.949044808414804208e-01
-1.845134351915852022e+01
1.786229848084148131e+01
2.417771448084148034e+01
5.231466480841476141e+00
-1.083949519158522889e+00
2.102000648084148082e+01
1.312573648084148203e+01
1.470459048084148179e+01
1.154688248084147517e+01
3.652612480841476383e+00
-1.055707351915852144e+01
-1.213592751915851053e+01
-4.241657519158518852e+00
4.949044808414768681e-01
1.786229848084148131e+01
-4.241657519158518852e+00
6.810320480841475899e+00
4.949044808414804208e-01
-4.991452494097693204e+01
7.710895550590230414e+02
-1.304360789409768984e+02
-2.977946029409769153e+02
-1.320149329409769337e+02
-4.675681694097693963e+01
-5.465108694097693842e+01
-4.202025494097691904e+01
-3.254713094097692050e+01
-1.517973694097693027e+01
-1.833744494097692268e+01
-2.781056894097692833e+01
-2.623171494097692857e+01
-1.044317494097693100e+01
-4.044140094097693350e+01
-1.991629894097692954e+01
-2.307400694097695037e+01
-1.991629894097693665e+01
-4.044140094097694060e+01
-2.781056894097692123e+01
-1.833744494097692979e+01
-2.465286094097694303e+01
-2.781056894097692123e+01
-1.202202894097693076e+01
-3.096827694097693140e+01
-1.044317494097693810e+01
3.766511059023059715e+00
-4.044140094097693350e+01
-9.700509409769111357e-01
-3.096827694097692785e+01
-2.307400694097693616e+01
-2.307400694097692906e+01
-1.517973694097693027e+01
-2.781056894097692123e+01
-9.700509409769253466e-01
-2.149515294097692930e+01
-2.938942294097693519e+01
-7.285466940976931483e+00
-7.285466940976931483e+00
-1.833744494097692979e+01
-2.548904940976939315e+00
-3.096827694097692785e+01
-3.886254694097694085e+01
-8.864320940976931240e+00
-7.285466940976910166e+00
-1.044317494097693100e+01
-4.127758940976924862e+00
-3.570483894097692001e+01
-3.254713094097692050e+01
-2.781056894097692833e+01
-8.864320940976931240e+00
-1.044317494097693810e+01
-1.044317494097692389e+01
-2.465286094097692882e+01
-2.938942294097692098e+01
-1.833744494097694400e+01
-8.864320940976931240e+00
-3.412598494097692736e+01
-1.833744494097692979e+01
-4.127758940976939073e+00
-3.570483894097692712e+01
-2.781056894097692833e+01
-2.938942294097693519e+01
-3.570483894097692712e+01
-2.938942294097693519e+01
-2.938942294097692098e+01
-2.623171494097694989e+01
-9.700509409769395575e-01
-1.044317494097693100e+01
-1.991629894097693665e+01
-4.127758940976924862e+00
-1.517973694097693027e+01
-1.991629894097692244e+01
-1.044317494097692389e+01
-5.706612940976931725e+00
-1.202202894097693076e+01
-3.096827694097693495e+01
-1.044317494097693100e+01
-2.623171494097692857e+01
-1.675859094097693003e+01
-2.465286094097694303e+01
-1.360088294097692341e+01
-1.360088294097692341e+01
-2.548904940976917999e+00
-9.700509409769395575e-01
-1.044317494097693100e+01
-1.044317494097693810e+01
-2.548904940976932210e+00
-1.833744494097692979e+01
-2.465286094097692882e+01
2.187657059023074169e+00
-1.991629894097692244e+01
-1.517973694097693027e+01
-3.254713094097694182e+01
-3.728369294097692688e+01
-7.285466940976938588e+00
-3.886254694097693374e+01
-2.465286094097694303e+01
-3.096827694097694206e+01
-1.675859094097693713e+01
-2.307400694097692906e+01
-1.675859094097693713e+01
-1.833744494097692979e+01
-4.127758940976924862e+00
-2.149515294097692220e+01
-2.938942294097692098e+01
-1.044317494097693810e+01
-1.044317494097693810e+01
-1.675859094097692292e+01
-1.517973694097693027e+01
-7.285466940976924377e+00
-2.149515294097692930e+01
-1.517973694097693027e+01
-1.833744494097694400e+01
-4.127758940976931967e+00
-1.202202894097693076e+01
-1.044317494097693100e+01
-2.307400694097693616e+01
-2.623171494097692857e+01
-1.202202894097693076e+01
-3.728369294097692688e+01
-2.149515294097694351e+01
-1.202202894097693076e+01
-3.570483894097694844e+01
-1.360088294097693762e+01
-1.360088294097692341e+01
-2.781056894097692833e+01
-1.991629894097692244e+01
-1.675859094097692292e+01
2.187657059023067063e+00
-2.307400694097693616e+01
-7.285466940976924377e+00
-2.307400694097693616e+01
5.345365059023080789e+00
-5.706612940976931725e+00
-1.675859094097692292e+01
-1.360088294097692341e+01
-1.833744494097692979e+01
-1.675859094097692292e+01
-7.285466940976938588e+00
-8.864320940976938346e+00
-3.254713094097692050e+01
-1.202202894097693076e+01
-2.465286094097692171e+01
-9.700509409769253466e-01
-2.149515294097692220e+01
-1.202202894097693076e+01
-1.044317494097693810e+01
-2.781056894097692833e+01
-1.833744494097692979e+01
-1.675859094097692292e+01
-1.044317494097693810e+01
6.088030590230673056e-01
-1.833744494097692268e+01
-1.202202894097693076e+01
-1.991629894097693665e+01
-1.202202894097693076e+01
-3.412598494097694157e+01
-5.706612940976931725e+00
-1.675859094097693713e+01
-1.833744494097692979e+01
-1.360088294097693762e+01
1.323963505902307247e+01
-1.517973694097694448e+01
-1.675859094097692292e+01
-9.700509409769395575e-01
-1.360088294097692341e+01
-2.149515294097694351e+01
-3.096827694097692785e+01
-1.202202894097693076e+01
1.008192705902308006e+01
-1.991629894097693665e+01
-3.096827694097694206e+01
-1.517973694097693027e+01
-2.623171494097693568e+01
-1.360088294097693051e+01
6.088030590230673056e-01
-1.202202894097693076e+01
6.088030590230815164e-01
-2.623171494097692857e+01
-1.991629894097693665e+01
-5.706612940976931725e+00
-2.149515294097692930e+01
-7.285466940976938588e+00
-2.149515294097692220e+01
-7.285466940976910166e+00
-9.700509409769395575e-01
-1.360088294097693762e+01
-1.360088294097693762e+01
-4.127758940976939073e+00
3.766511059023066821e+00
3.766511059023059715e+00
-5.706612940976931725e+00
-2.465286094097692882e+01
-2.465286094097692882e+01
-4.127758940976924862e+00
-3.254713094097692760e+01
-1.517973694097693027e+01
-2.781056894097694254e+01
-7.285466940976938588e+00
-2.307400694097692906e+01
-2.465286094097692882e+01
-1.991629894097692954e+01
-1.833744494097692979e+01
-1.360088294097693051e+01
-7.285466940976924377e+00
3.766511059023066821e+00
-2.623171494097694989e+01
-1.833744494097692979e+01
-1.517973694097692317e+01
-1.833744494097692979e+01
1.639734305902307199e+01
-1.833744494097694400e+01
-1.517973694097694448e+01
-1.202202894097693076e+01
3.766511059023059715e+00
-1.833744494097692979e+01
-5.706612940976931725e+00
-8.864320940976931240e+00
-1.991629894097692954e+01
-1.360088294097692341e+01
-1.833744494097692979e+01
6.088030590230673056e-01
-3.412598494097693447e+01
-7.285466940976931483e+00
-1.991629894097693665e+01
-1.360088294097693762e+01
1.166078105902305850e+01
-1.517973694097693027e+01
2.187657059023088379e+00
-1.360088294097693051e+01
-5.706612940976931725e+00
-1.202202894097693076e+01
-1.991629894097692954e+01
3.766511059023081032e+00
-1.202202894097693076e+01
-7.285466940976938588e+00
-8.864320940976931240e+00
-1.833744494097692979e+01
-1.044317494097693810e+01
-2.465286094097694303e+01
-2.307400694097692195e+01
-2.938942294097693519e+01
-2.781056894097694254e+01
-1.044317494097693810e+01
-2.781056894097692833e+01
-1.517973694097693027e+01
-1.360088294097693051e+01
-2.149515294097692220e+01
-5.706612940976931725e+00
-7.285466940976924377e+00
-4.127758940976939073e+00
-4.127758940976924862e+00
-1.833744494097692979e+01
-7.285466940976924377e+00
-1.360088294097693762e+01
-8.864320940976931240e+00
-8.864320940976938346e+00
-2.781056894097692833e+01
5.345365059023059473e+00
8.503073059023058988e+00
-2.149515294097692930e+01
-1.202202894097693076e+01
-2.781056894097692833e+01
1.797619705902307174e+01
-1.833744494097692979e+01
-7.285466940976924377e+00
-1.360088294097693762e+01
-1.044317494097692389e+01
6.088030590230815164e-01
-2.149515294097694351e+01
-2.548904940976932210e+00
-9.700509409769253466e-01
-9.700509409769253466e-01
-1.517973694097693027e+01
-1.202202894097693076e+01
-2.781056894097692833e+01
-1.833744494097692268e+01
-8.864320940976931240e+00
-2.623171494097692857e+01
-1.517973694097693027e+01
-1.044317494097693810e+01
-1.044317494097692389e+01
-1.202202894097693076e+01
-1.517973694097693027e+01
-1.991629894097693665e+01
-2.465286094097694303e+01
-1.833744494097692979e+01
-5.706612940976917514e+00
-9.700509409769253466e-01
-2.465286094097694303e+01
-8.864320940976938346e+00
-2.307400694097693616e+01
-8.864320940976924135e+00
-1.360088294097693762e+01
-1.991629894097693665e+01
-2.938942294097694941e+01
-1.517973694097693027e+01
-4.127758940976924862e+00
-7.285466940976924377e+00
3.766511059023059715e+00
-4.044140094097694060e+01
-7.285466940976924377e+00
-8.864320940976931240e+00
-2.149515294097694351e+01
-1.517973694097692317e+01
-2.781056894097692833e+01
-1.360088294097693051e+01
-1.044317494097693810e+01
-1.360088294097693762e+01
-9.700509409769111357e-01
-1.360088294097692341e+01
-1.202202894097693076e+01
-4.127758940976939073e+00
-2.623171494097694989e+01
-1.833744494097692979e+01
-2.307400694097692195e+01
-1.675859094097692292e+01
-5.706612940976938830e+00
-1.991629894097692244e+01
-2.465286094097692171e+01
-1.202202894097693076e+01
-1.360088294097692341e+01
6.924219059023080547e+00
-1.991629894097692954e+01
-3.412598494097694157e+01
-5.706612940976931725e+00
-1.202202894097693076e+01
5.345365059023059473e+00
-8.864320940976931240e+00
-1.675859094097693003e+01
-1.991629894097692244e+01
-2.465286094097692882e+01
3.766511059023059715e+00
-2.149515294097692930e+01
-4.675681694097693253e+01
-8.864320940976931240e+00
-1.202202894097693076e+01
5.345365059023073684e+00
-1.991629894097693665e+01
-1.202202894097693076e+01
-2.781056894097692833e+01
-8.864320940976931240e+00
-5.706612940976931725e+00
-1.360088294097693762e+01
-8.864320940976931240e+00
-1.833744494097692979e+01
-7.285466940976924377e+00
-1.675859094097693713e+01
-1.044317494097692389e+01
-4.127758940976931967e+00
-5.706612940976938830e+00
-1.360088294097692341e+01
-1.044317494097692389e+01
-1.044317494097693810e+01
-8.864320940976931240e+00
-1.517973694097693027e+01
-3.254713094097692050e+01
3.766511059023081032e+00
-1.202202894097693076e+01
-2.938942294097694941e+01
-1.991629894097692954e+01
1.481848905902307223e+01
-1.991629894097692954e+01
-1.044317494097693810e+01
-1.517973694097693027e+01
-1.044317494097693100e+01
-1.517973694097693027e+01
-1.675859094097692292e+01
-8.864320940976931240e+00
-8.864320940976931240e+00
-1.517973694097693027e+01
-4.127758940976924862e+00
-1.044317494097692389e+01
-1.675859094097693713e+01
-4.127758940976939073e+00
-4.127758940976939073e+00
-1.044317494097692389e+01
-1.360088294097692341e+01
-1.517973694097693027e+01
-1.202202894097693076e+01
6.088030590230673056e-01
-2.548904940976932210e+00
-1.360088294097692341e+01
-1.675859094097692292e+01
-2.465286094097692882e+01
-8.864320940976931240e+00
-1.517973694097692317e+01
-5.706612940976917514e+00
-8.864320940976931240e+00
8.503073059023087410e+00
-4.127758940976924862e+00
-4.127758940976924862e+00
-1.360088294097692341e+01
-8.864320940976931240e+00
-1.833744494097692979e+01
-1.044317494097692389e+01
-8.864320940976931240e+00
-4.127758940976939073e+00
2.187657059023059958e+00
3.766511059023081032e+00
-4.127758940976924862e+00
-1.044317494097693810e+01
-2.548904940976917999e+00
-4.127758940976910651e+00
8.503073059023066094e+00
-2.623171494097692857e+01
-1.833744494097692979e+01
-7.285466940976938588e+00
-9.700509409769111357e-01
-8.864320940976931240e+00
2.187657059023074169e+00
-9.700509409769395575e-01
-1.833744494097694400e+01
-5.706612940976931725e+00
-1.202202894097693076e+01
3.766511059023081032e+00
6.088030590230815164e-01
-1.517973694097693027e+01
-4.044140094097694060e+01
-5.706612940976931725e+00
2.113390505902307126e+01
-8.864320940976931240e+00
-1.517973694097693027e+01
-4.127758940976939073e+00
-5.706612940976931725e+00
-1.202202894097693076e+01
-1.833744494097692979e+01
-7.285466940976924377e+00
-1.517973694097693027e+01
-1.360088294097693762e+01
-1.044317494097692389e+01
-2.307400694097693616e+01
-4.127758940976924862e+00
2.187657059023074169e+00
6.088030590230673056e-01
-5.706612940976917514e+00
1.797619705902308596e+01
6.088030590230673056e-01
-2.548904940976917999e+00
-1.360088294097693762e+01
-8.864320940976931240e+00
5.345365059023087895e+00
-9.700509409769253466e-01
-2.149515294097692930e+01
-2.548904940976917999e+00
5.345365059023080789e+00
-4.127758940976924862e+00
-8.864320940976931240e+00
-1.833744494097694400e+01
-1.202202894097693076e+01
2.187657059023059958e+00
6.088030590230673056e-01
-3.096827694097692074e+01
-2.548904940976917999e+00
-2.149515294097694351e+01
-2.465286094097692882e+01
-4.127758940976939073e+00
-1.360088294097692341e+01
-1.202202894097693076e+01
-9.700509409769253466e-01
-5.706612940976917514e+00
1.166078105902307982e+01
-5.706612940976931725e+00
-1.675859094097692292e+01
-4.127758940976939073e+00
3.766511059023081032e+00
-1.360088294097693762e+01
6.088030590230673056e-01
-4.127758940976924862e+00
-7.285466940976924377e+00
-2.548904940976939315e+00
-1.517973694097693027e+01
-9.700509409769395575e-01
-2.465286094097692882e+01
-1.833744494097694400e+01
-8.864320940976931240e+00
-7.285466940976924377e+00
-7.285466940976938588e+00
-7.285466940976924377e+00
6.088030590230673056e-01
-1.991629894097693665e+01
-1.044317494097693810e+01
-1.202202894097693076e+01
-1.202202894097693076e+01
-1.517973694097694448e+01
-2.781056894097694254e+01
-3.096827694097694206e+01
-4.127758940976924862e+00
-1.360088294097693762e+01
-1.360088294097692341e+01
-2.307400694097692906e+01
-2.465286094097692882e+01
-1.360088294097693762e+01
-5.706612940976931725e+00
-8.864320940976931240e+00
-2.548904940976932210e+00
-1.202202894097693076e+01
-1.202202894097693076e+01
-1.202202894097693076e+01
3.766511059023081032e+00
-4.127758940976924862e+00
3.766511059023081032e+00
-9.700509409769111357e-01
-1.360088294097693051e+01
-1.675859094097693713e+01
-1.044317494097692389e+01
-2.548904940976917999e+00
2.187657059023088379e+00
-5.706612940976931725e+00
-2.548904940976917999e+00
-9.700509409769395575e-01
-2.465286094097692882e+01
-7.285466940976924377e+00
6.924219059023080547e+00
-5.706612940976917514e+00
1.797619705902307174e+01
-4.127758940976924862e+00
-2.548904940976932210e+00
-8.864320940976931240e+00
-9.700509409769253466e-01
6.924219059023059231e+00
-4.127758940976939073e+00
-1.991629894097695086e+01
-1.202202894097693076e+01
-4.127758940976924862e+00
-1.675859094097693713e+01
-1.044317494097693810e+01
-8.864320940976931240e+00
-1.991629894097693665e+01
-1.675859094097693713e+01
-1.517973694097693027e+01
6.924219059023080547e+00
-8.864320940976931240e+00
-1.044317494097692389e+01
-4.127758940976910651e+00
8.503073059023087410e+00
-2.149515294097692930e+01
-1.202202894097693076e+01
-4.127758940976931967e+00
-9.700509409769253466e-01
2.187657059023088379e+00
3.766511059023081032e+00
3.766511059023081032e+00
2.187657059023067063e+00
-1.833744494097692979e+01
-4.127758940976924862e+00
6.924219059023080547e+00
-9.700509409769111357e-01
-7.285466940976924377e+00
-1.044317494097692389e+01
5.345365059023073684e+00
-1.517973694097693027e+01
-7.285466940976924377e+00
-8.864320940976931240e+00
-1.517973694097693027e+01
-7.285466940976924377e+00
-2.548904940976932210e+00
-2.548904940976917999e+00
-1.833744494097694400e+01
1.323963505902307958e+01
-3.096827694097693495e+01
-7.285466940976924377e+00
-8.864320940976931240e+00
1.797619705902307885e+01
-9.700509409769253466e-01
-2.149515294097692220e+01
3.766511059023081032e+00
-1.517973694097693027e+01
-1.202202894097693076e+01
1.955505105902307150e+01
-1.202202894097693076e+01
-2.623171494097693568e+01
-1.675859094097693713e+01
1.008192705902308006e+01
5.345365059023073684e+00
-1.044317494097693810e+01
-1.202202894097693076e+01
2.187657059023059958e+00
6.924219059023080547e+00
-8.864320940976931240e+00
-2.149515294097694351e+01
-1.044317494097693810e+01
-1.517973694097693027e+01
-1.044317494097692389e+01
-2.548904940976939315e+00
-1.833744494097692979e+01
2.187657059023074169e+00
-1.360088294097692341e+01
6.088030590230602002e-01
-5.706612940976931725e+00
-2.149515294097692930e+01
-1.360088294097692341e+01
-1.517973694097693027e+01
-1.991629894097695086e+01
-1.202202894097693076e+01
-2.548904940976917999e+00
-8.864320940976931240e+00
-1.044317494097693810e+01
-8.864320940976924135e+00
-1.202202894097693076e+01
-5.706612940976931725e+00
-7.285466940976938588e+00
-1.833744494097692979e+01
-1.044317494097692389e+01
-8.864320940976931240e+00
-2.781056894097692123e+01
-1.833744494097694400e+01
-1.991629894097693665e+01
-1.360088294097692341e+01
-4.127758940976924862e+00
-5.706612940976931725e+00
3.766511059023081032e+00
-2.938942294097694230e+01
-1.202202894097693076e+01
-7.285466940976924377e+00
2.187657059023088379e+00
-1.833744494097692979e+01
-2.548904940976917999e+00
1.639734305902307909e+01
-8.864320940976931240e+00
-8.864320940976931240e+00
-1.991629894097693665e+01
2.187657059023088379e+00
6.088030590230673056e-01
1.166078105902307271e+01
-2.548904940976932210e+00
-9.700509409769253466e-01
-7.285466940976938588e+00
-1.517973694097693027e+01
-4.127758940976910651e+00
-1.517973694097693027e+01
-1.044317494097692389e+01
-5.706612940976931725e+00
-3.096827694097694206e+01
-2.465286094097694303e+01
-4.127758940976910651e+00
-5.706612940976917514e+00
-9.700509409769111357e-01
-1.675859094097693713e+01
-7.285466940976938588e+00
-1.517973694097693027e+01
6.088030590230673056e-01
-9.700509409769324520e-01
-8.864320940976931240e+00
-9.700509409769111357e-01
6.088030590230673056e-01
-1.044317494097692389e+01
-2.548904940976917999e+00
8.503073059023066094e+00
-2.465286094097694303e+01
-1.044317494097693810e+01
-8.864320940976931240e+00
-1.360088294097693051e+01
-1.044317494097692389e+01
6.088030590230673056e-01
-2.938942294097693519e+01
6.088030590230673056e-01
-1.360088294097693762e+01
-4.127758940976939073e+00
-1.991629894097692244e+01
-2.548904940976917999e+00
6.924219059023080547e+00
-1.202202894097693076e+01
-1.044317494097692389e+01
-1.833744494097692979e+01
-4.127758940976939073e+00
-9.700509409769111357e-01
5.345365059023087895e+00
-2.623171494097692857e+01
3.766511059023081032e+00
6.088030590230673056e-01
-2.548904940976917999e+00
5.345365059023080789e+00
3.766511059023081032e+00
-2.307400694097695037e+01
6.924219059023066336e+00
-1.044317494097692389e+01
2.187657059023059958e+00
-2.623171494097693568e+01
-4.127758940976939073e+00
-5.706612940976917514e+00
2.187657059023067063e+00
-1.360088294097693762e+01
-1.202202894097693076e+01
-2.149515294097692220e+01
-1.044317494097692389e+01
-8.864320940976931240e+00
-1.360088294097692341e+01
-7.285466940976938588e+00
-5.706612940976931725e+00
-5.706612940976917514e+00
-5.706612940976931725e+00
-1.202202894097693076e+01
5.345365059023066578e+00
-1.360088294097692341e+01
1.166078105902307271e+01
-8.864320940976931240e+00
6.088030590230815164e-01
-2.307400694097693616e+01
-5.706612940976931725e+00
5.345365059023073684e+00
1.166078105902308693e+01
-1.675859094097692292e+01
-8.864320940976931240e+00
-1.360088294097693762e+01
-1.044317494097692389e+01
5.345365059023066578e+00
6.088030590230673056e-01
-4.127758940976924862e+00
-8.864320940976917029e+00
1.481848905902307223e+01
-1.044317494097693810e+01
-2.548904940976932210e+00
-1.360088294097693762e+01
-1.044317494097692389e+01
-5.706612940976931725e+00
1.008192705902308006e+01
-2.465286094097692882e+01
-2.149515294097694351e+01
-1.044317494097692389e+01
5.345365059023087895e+00
-1.044317494097692389e+01
1.323963505902307958e+01
-1.675859094097692292e+01
2.187657059023067063e+00
1.955505105902307150e+01
1.323963505902307958e+01
-1.360088294097692341e+01
-1.044317494097692389e+01
-1.202202894097693076e+01
-8.864320940976931240e+00
-2.548904940976932210e+00
1.797619705902307174e+01
-2.548904940976932210e+00
-1.517973694097693027e+01
-1.517973694097693027e+01
2.187657059023074169e+00
-5.706612940976931725e+00
-1.991629894097692244e+01
-5.706612940976931725e+00
-1.360088294097692341e+01
1.481848905902307934e+01
-2.307400694097692195e+01
-2.548904940976932210e+00
-8.864320940976931240e+00
6.924219059023066336e+00
5.345365059023080789e+00
5.345365059023073684e+00
-1.360088294097692341e+01
-8.864320940976917029e+00
-9.700509409769111357e-01
-5.706612940976917514e+00
-1.202202894097693076e+01
8.503073059023087410e+00
-1.044317494097693810e+01
-1.360088294097692341e+01
3.766511059023066821e+00
2.187657059023088379e+00
5.345365059023073684e+00
-1.833744494097692979e+01
-2.548904940976917999e+00
-5.706612940976917514e+00
-8.864320940976931240e+00
-1.991629894097693665e+01
-1.833744494097694400e+01
2.187657059023074169e+00
-5.706612940976931725e+00
-2.548904940976917999e+00
-7.285466940976910166e+00
-1.202202894097693076e+01
-2.938942294097694230e+01
-4.127758940976910651e+00
-1.044317494097692389e+01
8.503073059023080305e+00
-2.548904940976917999e+00
6.088030590230815164e-01
-1.991629894097693665e+01
6.088030590230815164e-01
-2.548904940976932210e+00
-9.700509409769395575e-01
-2.548904940976932210e+00
6.088030590230815164e-01
-5.706612940976917514e+00
-4.202025494097693326e+01
-4.127758940976924862e+00
3.766511059023081032e+00
3.766511059023081032e+00
-7.285466940976924377e+00
-1.517973694097694448e+01
-5.706612940976931725e+00
-1.675859094097693713e+01
-8.864320940976931240e+00
6.088030590230815164e-01
-1.991629894097693665e+01
-4.127758940976910651e+00
-1.517973694097693027e+01
-1.360088294097693762e+01
1.166078105902307271e+01
-4.127758940976924862e+00
-2.548904940976917999e+00
-1.675859094097693713e+01
-1.044317494097692389e+01
-1.044317494097693810e+01
-5.706612940976931725e+00
3.766511059023081032e+00
-1.044317494097693810e+01
-1.833744494097692979e+01
-1.044317494097693810e+01
-1.675859094097693713e+01
-1.044317494097692389e+01
-1.517973694097693027e+01
-2.307400694097692195e+01
-1.202202894097693076e+01
-4.127758940976939073e+00
-1.044317494097692389e+01
-1.202202894097693076e+01
-1.675859094097692292e+01
-2.938942294097693519e+01
-5.706612940976931725e+00
-1.044317494097692389e+01
-7.285466940976924377e+00
-3.886254694097693374e+01
-7.285466940976924377e+00
-1.360088294097693762e+01
-2.149515294097692930e+01
-1.675859094097695134e+01
-1.044317494097692389e+01
-7.285466940976938588e+00
-1.833744494097692979e+01
-5.706612940976931725e+00
-2.465286094097692882e+01
-4.833567094097693229e+01
-1.675859094097693713e+01
-2.548904940976932210e+00
-2.623171494097693568e+01
-1.360088294097692341e+01
-3.412598494097694157e+01
-2.781056894097694254e+01
-1.044317494097693810e+01
-2.623171494097693568e+01
-2.149515294097692930e+01
-2.938942294097693519e+01
-1.517973694097693027e+01
-1.991629894097693665e+01
-8.864320940976931240e+00
-4.127758940976924862e+00
-2.307400694097693616e+01
-2.938942294097694941e+01
-2.465286094097694303e+01
-1.202202894097693076e+01
-3.570483894097694844e+01
-4.127758940976939073e+00
-2.781056894097694254e+01
-2.781056894097694254e+01
-2.938942294097694941e+01
-1.833744494097692979e+01
-9.700509409769395575e-01
-1.202202894097693076e+01
-3.096827694097694206e+01
-2.307400694097693616e+01
-8.864320940976931240e+00
-7.285466940976924377e+00
-3.096827694097692785e+01
-2.465286094097692882e+01
-1.833744494097692979e+01
-1.833744494097694400e+01
-5.706612940976931725e+00
5.345365059023073684e+00
-1.044317494097693810e+01
-1.833744494097692979e+01
-1.360088294097693762e+01
-9.700509409769111357e-01
-1.675859094097693713e+01
-1.202202894097693076e+01
-2.149515294097694351e+01
-2.623171494097693568e+01
-2.623171494097692147e+01
-7.285466940976938588e+00
-1.991629894097692244e+01
-1.517973694097694448e+01
-2.307400694097692195e+01
-9.700509409769253466e-01
-1.675859094097692292e+01
-2.548904940976917999e+00
-1.675859094097693713e+01
-8.864320940976931240e+00
-2.149515294097692930e+01
-1.360088294097693762e+01
-2.149515294097694351e+01
-1.517973694097693027e+01
2.187657059023074169e+00
-2.307400694097693616e+01
-2.465286094097692882e+01
-2.938942294097694941e+01
-2.149515294097692930e+01
-2.307400694097695037e+01
-1.202202894097693076e+01
-1.991629894097693665e+01
-1.360088294097692341e+01
6.924219059023080547e+00
-5.706612940976931725e+00
-1.517973694097693027e+01
-4.127758940976939073e+00
-2.938942294097693519e+01
-1.202202894097693076e+01
-4.127758940976939073e+00
-1.360088294097693762e+01
-1.833744494097694400e+01
-2.548904940976932210e+00
-4.127758940976939073e+00
-8.864320940976931240e+00
-2.781056894097694254e+01
-1.991629894097692244e+01
-8.864320940976931240e+00
-1.044317494097692389e+01
-1.517973694097693027e+01
-1.044317494097692389e+01
2.113390505902307126e+01
-1.044317494097692389e+01
-1.360088294097692341e+01
-1.044317494097693810e+01
-1.360088294097693762e+01
-1.833744494097692979e+01
-2.548904940976917999e+00
-2.465286094097694303e+01
-2.781056894097692833e+01
-2.781056894097692833e+01
-7.285466940976938588e+00
5.345365059023073684e+00
-2.149515294097692930e+01
-2.307400694097692195e+01
-8.864320940976931240e+00
-4.044140094097692639e+01
-1.360088294097693762e+01
-2.149515294097692930e+01
-1.833744494097692979e+01
-7.285466940976938588e+00
-1.202202894097693076e+01
3.766511059023066821e+00
-4.127758940976924862e+00
-8.864320940976931240e+00
5.345365059023073684e+00
8.503073059023073199e+00
1.008192705902306585e+01
6.924219059023080547e+00
-5.706612940976931725e+00
-1.360088294097693762e+01
-2.307400694097693616e+01
1.166078105902305850e+01
-5.706612940976931725e+00
-1.991629894097693665e+01
-7.285466940976938588e+00
-1.833744494097692979e+01
5.345365059023087895e+00
-1.675859094097692292e+01
-1.833744494097692979e+01
-1.517973694097694448e+01
-1.675859094097693713e+01
-7.285466940976924377e+00
-8.864320940976931240e+00
-1.675859094097693713e+01
6.924219059023080547e+00
-3.254713094097693471e+01
5.345365059023073684e+00
6.088030590230673056e-01
-1.991629894097693665e+01
-1.833744494097692979e+01
-1.202202894097693076e+01
3.766511059023066821e+00
-2.307400694097693616e+01
-1.517973694097693027e+01
-8.864320940976931240e+00
3.766511059023066821e+00
1.008192705902308006e+01
-2.149515294097692930e+01
-1.675859094097693713e+01
-2.307400694097693616e+01
-1.833744494097692979e+01
6.924219059023080547e+00
-1.675859094097692292e+01
-1.991629894097692244e+01
5.345365059023073684e+00
-1.675859094097693713e+01
-5.706612940976931725e+00
2.187657059023074169e+00
-1.202202894097693076e+01
-2.781056894097692833e+01
-2.465286094097692882e+01
1.639734305902307909e+01
-8.864320940976931240e+00
-1.044317494097693810e+01
2.187657059023074169e+00
2.187657059023088379e+00
3.766511059023066821e+00
2.187657059023088379e+00
-5.706612940976931725e+00
-9.700509409769253466e-01
-5.706612940976931725e+00
-1.202202894097693076e+01
-1.991629894097693665e+01
-5.706612940976931725e+00
-8.864320940976931240e+00
-2.623171494097694989e+01
-8.864320940976917029e+00
-1.675859094097693713e+01
-3.570483894097693423e+01
-7.285466940976938588e+00
-2.548904940976932210e+00
-2.781056894097692833e+01
-7.285466940976938588e+00
-5.706612940976931725e+00
5.345365059023073684e+00
2.187657059023088379e+00
-1.202202894097693076e+01
-8.864320940976931240e+00
-2.938942294097693519e+01
-1.833744494097692979e+01
-3.254713094097693471e+01
-1.517973694097693027e+01
-1.833744494097692979e+01
-2.307400694097693616e+01
-2.149515294097694351e+01
-5.706612940976931725e+00
-1.360088294097693762e+01
-1.517973694097693027e+01
6.924219059023080547e+00
-1.517973694097693027e+01
-8.864320940976931240e+00
-9.700509409769395575e-01
-7.285466940976938588e+00
-2.149515294097692930e+01
-1.991629894097692244e+01
-7.285466940976924377e+00
3.766511059023066821e+00
1.481848905902308644e+01
-4.127758940976939073e+00
-1.517973694097693027e+01
2.187657059023088379e+00
-8.864320940976931240e+00
6.088030590230530947e-01
-8.864320940976931240e+00
-2.149515294097692930e+01
2.187657059023074169e+00
-2.307400694097693616e+01
-4.127758940976924862e+00
-9.700509409769253466e-01
3.766511059023066821e+00
5.345365059023059473e+00
-2.938942294097694941e+01
-1.833744494097692979e+01
-8.864320940976931240e+00
-9.700509409769253466e-01
-7.285466940976938588e+00
-1.202202894097693076e+01
-1.675859094097692292e+01
6.088030590230815164e-01
-9.700509409769253466e-01
-7.285466940976924377e+00
-1.360088294097693762e+01
-1.675859094097693713e+01
-9.700509409769395575e-01
-7.285466940976924377e+00
-1.517973694097693027e+01
-2.465286094097694303e+01
-7.285466940976924377e+00
-1.517973694097693027e+01
-1.833744494097692979e+01
-8.864320940976931240e+00
-7.285466940976938588e+00
-9.700509409769253466e-01
-5.706612940976931725e+00
-1.675859094097693713e+01
-7.285466940976938588e+00
-2.548904940976932210e+00
-1.044317494097692389e+01
2.187657059023074169e+00
-7.285466940976924377e+00
-4.127758940976939073e+00
-7.285466940976938588e+00
-8.864320940976931240e+00
1.323963505902307958e+01
8.503073059023058988e+00
-9.700509409769395575e-01
-1.833744494097692979e+01
-1.360088294097693762e+01
-1.675859094097692292e+01
3.766511059023081032e+00
-1.833744494097692979e+01
-1.833744494097692979e+01
2.187657059023074169e+00
-5.706612940976917514e+00
-7.285466940976938588e+00
-2.149515294097692930e+01
-1.360088294097692341e+01
-4.127758940976924862e+00
3.766511059023066821e+00
-4.127758940976924862e+00
-4.127758940976939073e+00
-2.548904940976932210e+00
-1.202202894097693076e+01
3.766511059023066821e+00
-1.833744494097692979e+01
6.924219059023080547e+00
-1.044317494097693810e+01
-8.864320940976931240e+00
-1.675859094097693713e+01
-2.548904940976946421e+00
-1.202202894097693076e+01
-8.864320940976931240e+00
-1.833744494097694400e+01
3.766511059023066821e+00
-7.285466940976924377e+00
-7.285466940976938588e+00
-2.465286094097692882e+01
-1.202202894097693076e+01
-2.465286094097694303e+01
5.345365059023059473e+00
3.766511059023066821e+00
-9.700509409769395575e-01
-1.833744494097692979e+01
-8.864320940976931240e+00
-2.307400694097692195e+01
-2.548904940976932210e+00
-7.285466940976924377e+00
-1.360088294097693762e+01
3.766511059023066821e+00
6.088030590230673056e-01
-9.700509409769253466e-01
3.766511059023066821e+00
-1.202202894097693076e+01
2.187657059023059958e+00
-9.700509409769253466e-01
-1.517973694097693027e+01
-7.285466940976938588e+00
-1.675859094097693713e+01
-2.548904940976932210e+00
-5.706612940976931725e+00
-3.886254694097694795e+01
2.187657059023088379e+00
2.187657059023074169e+00
-2.548904940976917999e+00
-2.548904940976932210e+00
-8.864320940976931240e+00
8.503073059023073199e+00
-4.127758940976939073e+00
3.766511059023066821e+00
-8.864320940976931240e+00
-8.864320940976931240e+00
-5.706612940976931725e+00
-2.548904940976932210e+00
2.187657059023059958e+00
-5.706612940976931725e+00
-2.623171494097693568e+01
-1.360088294097693762e+01
3.766511059023066821e+00
-5.706612940976931725e+00
-9.700509409769253466e-01
-1.991629894097692244e+01
-1.517973694097694448e+01
-5.706612940976931725e+00
-9.700509409769395575e-01
6.924219059023080547e+00
-2.938942294097692098e+01
-5.706612940976917514e+00
-1.360088294097692341e+01
-1.833744494097692979e+01
-1.360088294097692341e+01
-2.938942294097694941e+01
3.766511059023066821e+00
-4.127758940976939073e+00
-2.623171494097692147e+01
6.088030590230673056e-01
5.345365059023073684e+00
-8.864320940976931240e+00
5.345365059023059473e+00
1.008192705902306585e+01
-7.285466940976924377e+00
1.008192705902308006e+01
-1.044317494097692389e+01
3.766511059023052610e+00
-7.285466940976938588e+00
1.639734305902307909e+01
-7.285466940976938588e+00
1.166078105902308693e+01
8.503073059023058988e+00
5.345365059023059473e+00
-1.360088294097692341e+01
6.924219059023052125e+00
-1.675859094097692292e+01
3.766511059023066821e+00
1.481848905902307223e+01
-2.548904940976932210e+00
3.766511059023052610e+00
6.924219059023080547e+00
-1.833744494097692979e+01
1.323963505902306537e+01
1.166078105902308693e+01
-2.548904940976946421e+00
-1.833744494097692979e+01
-9.700509409769395575e-01
-5.706612940976931725e+00
-1.517973694097693027e+01
2.113390505902307126e+01
-1.202202894097693076e+01
1.639734305902306488e+01
-1.360088294097692341e+01
-1.517973694097693027e+01
3.766511059023052610e+00
2.187657059023074169e+00
-1.044317494097693810e+01
6.088030590230673056e-01
-1.675859094097693713e+01
-8.864320940976931240e+00
-1.044317494097692389e+01
6.088030590230530947e-01
-1.675859094097693713e+01
3.060702905902308402e+01
-1.833744494097692979e+01
8.503073059023073199e+00
-7.285466940976938588e+00
6.924219059023066336e+00
-4.127758940976924862e+00
-1.517973694097693027e+01
8.503073059023058988e+00
-5.706612940976931725e+00
-1.202202894097693076e+01
2.113390505902307126e+01
1.323963505902305116e+01
1.639734305902306488e+01
-7.285466940976924377e+00
3.766511059023081032e+00
2.187657059023059958e+00
-9.700509409769253466e-01
1.481848905902307223e+01
-1.517973694097693027e+01
-1.044317494097692389e+01
5.345365059023059473e+00
1.166078105902307271e+01
-1.360088294097693762e+01
2.187657059023059958e+00
-7.285466940976938588e+00
3.766511059023066821e+00
-9.700509409769395575e-01
-1.202202894097693076e+01
1.323963505902307958e+01
-9.700509409769253466e-01
3.766511059023081032e+00
6.924219059023066336e+00
-9.700509409769395575e-01
1.008192705902308006e+01
-1.202202894097693076e+01
6.924219059023052125e+00
-9.700509409769111357e-01
6.088030590230530947e-01
-9.700509409769395575e-01
5.345365059023087895e+00
3.766511059023066821e+00
-4.127758940976939073e+00
-5.706612940976931725e+00
6.088030590230673056e-01
1.955505105902306440e+01
6.088030590230673056e-01
-1.044317494097692389e+01
1.481848905902307223e+01
1.639734305902307909e+01
-2.548904940976946421e+00
6.924219059023066336e+00
1.481848905902305802e+01
-1.833744494097692979e+01
2.187657059023059958e+00
-1.202202894097693076e+01
1.481848905902307223e+01
1.323963505902306537e+01
6.088030590230673056e-01
6.924219059023080547e+00
-9.700509409769253466e-01
-8.864320940976945451e+00
-7.285466940976938588e+00
3.766511059023066821e+00
-7.285466940976938588e+00
1.797619705902307174e+01
2.187657059023059958e+00
2.187657059023074169e+00
-9.700509409769395575e-01
6.924219059023066336e+00
1.481848905902307223e+01
-1.675859094097693713e+01
-1.991629894097692244e+01
2.187657059023074169e+00
1.481848905902305802e+01
3.766511059023066821e+00
1.797619705902307174e+01
-7.285466940976938588e+00
-1.044317494097693810e+01
-5.706612940976931725e+00
-5.706612940976931725e+00
6.088030590230530947e-01
-9.700509409769395575e-01
-5.706612940976931725e+00
8.503073059023058988e+00
-4.127758940976939073e+00
8.503073059023058988e+00
-1.991629894097692244e+01
5.345365059023059473e+00
-1.833744494097692979e+01
2.187657059023074169e+00
3.060702905902306270e+01
-9.700509409769395575e-01
-1.517973694097693027e+01
1.955505105902307861e+01
-1.044317494097693810e+01
1.955505105902307861e+01
-9.700509409769395575e-01
1.008192705902305164e+01
6.088030590230673056e-01
-4.127758940976924862e+00
6.924219059023052125e+00
-1.675859094097693713e+01
6.924219059023080547e+00
6.088030590230673056e-01
-5.706612940976931725e+00
2.187657059023059958e+00
-4.127758940976924862e+00
2.187657059023074169e+00
3.218588305902307667e+01
3.766511059023066821e+00
-2.149515294097691509e+01
1.955505105902306440e+01
-8.864320940976931240e+00
-8.864320940976931240e+00
-2.465286094097692882e+01
-7.285466940976924377e+00
-2.548904940976932210e+00
-1.202202894097693076e+01
5.345365059023073684e+00
-7.285466940976924377e+00
-1.044317494097693810e+01
-1.044317494097692389e+01
1.481848905902308644e+01
-1.517973694097691606e+01
5.345365059023073684e+00
-1.517973694097693027e+01
-9.700509409769395575e-01
1.008192705902306585e+01
-2.149515294097692930e+01
8.503073059023058988e+00
-1.202202894097693076e+01
-1.675859094097692292e+01
-2.548904940976932210e+00
6.088030590230673056e-01
5.345365059023073684e+00
-1.044317494097693810e+01
5.345365059023059473e+00
2.187657059023074169e+00
-1.044317494097693810e+01
-5.706612940976931725e+00
-1.833744494097692979e+01
-4.127758940976924862e+00
-2.548904940976946421e+00
-1.202202894097693076e+01
-8.864320940976931240e+00
-1.991629894097693665e+01
-8.864320940976931240e+00
3.766511059023052610e+00
2.187657059023059958e+00
-8.864320940976931240e+00
-1.991629894097693665e+01
6.924219059023080547e+00
-8.864320940976945451e+00
-2.623171494097692147e+01
5.345365059023073684e+00
-1.517973694097693027e+01
-1.360088294097693762e+01
-9.700509409769253466e-01
-1.044317494097693810e+01
-1.044317494097692389e+01
-4.202025494097693326e+01
1.797619705902307174e+01
-1.517973694097693027e+01
-8.864320940976931240e+00
6.924219059023066336e+00
8.503073059023087410e+00
1.008192705902306585e+01
1.639734305902306488e+01
-5.706612940976931725e+00
-1.991629894097692244e+01
8.503073059023087410e+00
3.766511059023052610e+00
5.345365059023059473e+00
-1.360088294097692341e+01
-4.127758940976924862e+00
3.766511059023066821e+00
-9.700509409769395575e-01
-2.548904940976932210e+00
-2.465286094097692882e+01
-5.706612940976931725e+00
-5.706612940976931725e+00
-4.127758940976924862e+00
-5.706612940976945936e+00
-5.706612940976931725e+00
-2.548904940976932210e+00
6.088030590230673056e-01
3.766511059023052610e+00
-5.706612940976931725e+00
-1.517973694097693027e+01
3.766511059023066821e+00
5.345365059023073684e+00
-7.285466940976938588e+00
-7.285466940976924377e+00
-4.127758940976939073e+00
-2.548904940976932210e+00
-1.360088294097693762e+01
-7.285466940976938588e+00
1.323963505902305116e+01
-1.675859094097692292e+01
-7.285466940976924377e+00
6.088030590230530947e-01
1.323963505902306537e+01
-2.149515294097692930e+01
3.766511059023066821e+00
-4.127758940976939073e+00
-7.285466940976938588e+00
-9.700509409769395575e-01
2.187657059023074169e+00
6.924219059023080547e+00
8.503073059023058988e+00
1.481848905902305802e+01
-5.706612940976931725e+00
6.924219059023052125e+00
-4.127758940976939073e+00
-4.127758940976924862e+00
-1.833744494097692979e+01
6.088030590230530947e-01
-7.285466940976924377e+00
-1.044317494097693810e+01
-9.700509409769253466e-01
-4.127758940976939073e+00
-1.360088294097692341e+01
-7.285466940976938588e+00
-1.517973694097693027e+01
-9.700509409769395575e-01
-1.991629894097692244e+01
-7.285466940976924377e+00
-7.285466940976924377e+00
-9.700509409769395575e-01
-4.127758940976924862e+00
2.187657059023059958e+00
-5.706612940976931725e+00
-1.360088294097692341e+01
-9.700509409769395575e-01
6.924219059023052125e+00
6.088030590230815164e-01
6.088030590230673056e-01
-2.548904940976932210e+00
-4.127758940976924862e+00
8.503073059023058988e+00
2.187657059023059958e+00
2.429161305902307078e+01
-1.517973694097693027e+01
-5.706612940976931725e+00
-5.706612940976931725e+00
-2.465286094097692882e+01
-8.864320940976931240e+00
2.187657059023074169e+00
-1.360088294097692341e+01
1.481848905902307223e+01
2.187657059023059958e+00
6.924219059023066336e+00
1.323963505902307958e+01
2.187657059023059958e+00
-2.548904940976932210e+00
-1.202202894097693076e+01
1.166078105902305140e+01
1.481848905902305802e+01
1.639734305902306488e+01
-1.991629894097692244e+01
3.766511059023066821e+00
-1.202202894097693076e+01
6.924219059023052125e+00
3.218588305902306956e+01
3.766511059023066821e+00
6.088030590230530947e-01
2.187657059023059958e+00
4.008015305902307546e+01
1.639734305902306488e+01
8.503073059023058988e+00
1.797619705902305753e+01
3.766511059023052610e+00
6.924219059023052125e+00
1.639734305902305067e+01
1.008192705902305875e+01
1.797619705902305753e+01
1.323963505902305116e+01
2.744932105902307029e+01
6.924219059023052125e+00
5.345365059023059473e+00
2.744932105902307029e+01
6.088030590230673056e-01
1.008192705902305164e+01
1.955505105902305019e+01
3.766511059023066821e+00
2.429161305902307788e+01
-2.548904940976946421e+00
1.166078105902305850e+01
1.481848905902306512e+01
1.639734305902305067e+01
8.503073059023058988e+00
2.271275905902305681e+01
1.323963505902306537e+01
2.187657059023059958e+00
2.744932105902306319e+01
5.345365059023059473e+00
6.924219059023066336e+00
-9.700509409769395575e-01
3.766511059023052610e+00
-1.360088294097692341e+01
2.187657059023059958e+00
1.955505105902306440e+01
1.008192705902305164e+01
2.587046705902306343e+01
1.008192705902306585e+01
2.587046705902307053e+01
8.503073059023073199e+00
-7.285466940976924377e+00
-5.706612940976931725e+00
1.797619705902305753e+01
1.166078105902305850e+01
-5.706612940976945936e+00
8.503073059023080305e+00
8.503073059023058988e+00
2.429161305902304946e+01
1.166078105902305850e+01
1.955505105902306440e+01
-5.706612940976931725e+00
1.166078105902305850e+01
2.429161305902307078e+01
1.481848905902305802e+01
1.639734305902305778e+01
3.218588305902306956e+01
6.924219059023066336e+00
3.766511059023052610e+00
5.345365059023059473e+00
-2.548904940976932210e+00
1.955505105902306440e+01
2.587046705902305632e+01
5.345365059023059473e+00
1.481848905902305802e+01
2.271275905902304970e+01
1.166078105902305850e+01
6.088030590230673056e-01
5.345365059023059473e+00
-9.700509409769395575e-01
3.534359105902308329e+01
6.924219059023066336e+00
-2.548904940976946421e+00
1.955505105902306440e+01
1.797619705902305753e+01
2.429161305902307078e+01
1.166078105902305850e+01
1.481848905902305802e+01
2.113390505902307126e+01
1.797619705902305753e+01
4.323786105902306787e+01
-5.706612940976931725e+00
8.503073059023058988e+00
-2.548904940976932210e+00
1.323963505902305116e+01
2.113390505902307126e+01
1.639734305902306488e+01
2.744932105902304897e+01
1.481848905902305802e+01
1.797619705902306464e+01
5.345365059023059473e+00
1.323963505902307247e+01
3.766511059023066821e+00
2.587046705902305632e+01
1.166078105902306561e+01
3.376473705902306932e+01
2.113390505902306415e+01
-8.864320940976931240e+00
-4.127758940976939073e+00
1.008192705902305164e+01
1.797619705902307174e+01
5.345365059023059473e+00
2.587046705902305632e+01
1.639734305902307199e+01
2.113390505902305705e+01
6.088030590230673056e-01
1.639734305902306488e+01
2.902817505902305584e+01
5.345365059023059473e+00
1.008192705902306585e+01
1.008192705902305164e+01
1.481848905902305802e+01
-4.127758940976924862e+00
2.902817505902307005e+01
6.924219059023066336e+00
8.503073059023058988e+00
2.271275905902306391e+01
-5.706612940976945936e+00
2.271275905902304970e+01
-7.285466940976938588e+00
6.924219059023052125e+00
1.481848905902305802e+01
8.503073059023058988e+00
1.797619705902307174e+01
1.639734305902306488e+01
3.766511059023066821e+00
-2.938942294097692098e+01
6.924219059023052125e+00
-1.202202894097693076e+01
6.924219059023052125e+00
2.587046705902307053e+01
1.166078105902307271e+01
1.323963505902306537e+01
3.766511059023066821e+00
6.924219059023066336e+00
1.639734305902305778e+01
2.271275905902305681e+01
6.088030590230673056e-01
2.271275905902305681e+01
5.345365059023059473e+00
2.744932105902306319e+01
1.639734305902305067e+01
1.008192705902306585e+01
3.850129905902305438e+01
6.088030590230744110e-01
3.766511059023066821e+00
2.744932105902307029e+01
2.744932105902304897e+01
1.166078105902305850e+01
1.639734305902306488e+01
2.271275905902305681e+01
2.113390505902304994e+01
1.639734305902305067e+01
6.088030590230530947e-01
1.955505105902306440e+01
6.924219059023066336e+00
2.429161305902306367e+01
6.088030590230815164e-01
3.850129905902308280e+01
-1.202202894097693076e+01
1.639734305902305067e+01
1.639734305902305067e+01
8.503073059023058988e+00
1.323963505902306537e+01
-9.700509409769395575e-01
2.744932105902304897e+01
-2.548904940976932210e+00
2.187657059023074169e+00
1.008192705902305164e+01
4.323786105902306076e+01
1.481848905902305802e+01
1.481848905902305802e+01
2.744932105902304897e+01
6.924219059023066336e+00
6.924219059023066336e+00
6.924219059023052125e+00
8.503073059023058988e+00
1.166078105902307271e+01
6.088030590230673056e-01
5.345365059023059473e+00
1.639734305902306488e+01
2.113390505902305705e+01
-5.706612940976931725e+00
1.639734305902307199e+01
2.187657059023059958e+00
2.187657059023059958e+00
2.187657059023059958e+00
2.113390505902305705e+01
3.060702905902306270e+01
1.955505105902305019e+01
1.481848905902307223e+01
2.429161305902307788e+01
2.902817505902307005e+01
2.429161305902307788e+01
1.166078105902305850e+01
8.503073059023058988e+00
3.218588305902306956e+01
5.345365059023059473e+00
-9.700509409769395575e-01
1.955505105902306440e+01
6.924219059023066336e+00
1.166078105902305850e+01
6.088030590230530947e-01
-9.700509409769395575e-01
2.187657059023059958e+00
1.481848905902305802e+01
2.429161305902306367e+01
1.323963505902305116e+01
2.187657059023059958e+00
1.797619705902305753e+01
6.924219059023066336e+00
-4.127758940976939073e+00
1.008192705902306585e+01
8.503073059023058988e+00
1.797619705902306464e+01
1.008192705902305164e+01
1.166078105902305140e+01
2.744932105902306319e+01
1.481848905902306512e+01
2.744932105902307740e+01
2.429161305902306367e+01
3.376473705902306222e+01
2.113390505902307126e+01
1.008192705902305164e+01
2.587046705902305632e+01
1.323963505902306537e+01
3.766511059023066821e+00
6.924219059023066336e+00
2.902817505902307005e+01
3.766511059023059715e+00
1.481848905902305802e+01
1.008192705902305875e+01
2.271275905902306391e+01
2.902817505902307005e+01
1.955505105902306440e+01
1.639734305902306488e+01
1.797619705902306464e+01
3.692244505902306884e+01
2.744932105902307029e+01
5.345365059023059473e+00
1.797619705902305753e+01
1.166078105902305850e+01
1.639734305902306488e+01
6.924219059023066336e+00
4.008015305902307546e+01
-1.044317494097693810e+01
3.534359105902306908e+01
2.113390505902306415e+01
2.429161305902305656e+01
1.323963505902306537e+01
1.955505105902306440e+01
1.166078105902305850e+01
5.345365059023059473e+00
1.323963505902306537e+01
2.271275905902307102e+01
3.218588305902306956e+01
1.481848905902305802e+01
6.924219059023052125e+00
8.503073059023058988e+00
2.429161305902307078e+01
2.429161305902304946e+01
1.008192705902305164e+01
6.924219059023052125e+00
-8.864320940976931240e+00
2.429161305902305656e+01
1.639734305902307199e+01
1.008192705902306585e+01
1.797619705902305753e+01
5.345365059023059473e+00
2.113390505902306415e+01
6.088030590230673056e-01
2.587046705902307764e+01
1.481848905902306512e+01
1.323963505902306537e+01
1.955505105902307861e+01
2.271275905902306391e+01
3.766511059023052610e+00
2.587046705902306343e+01
1.639734305902306488e+01
1.008192705902306585e+01
2.429161305902305656e+01
5.345365059023059473e+00
3.218588305902305535e+01
6.924219059023052125e+00
-2.548904940976946421e+00
2.187657059023059958e+00
6.924219059023052125e+00
1.481848905902305802e+01
2.902817505902305584e+01
1.166078105902305850e+01
6.088030590230673056e-01
1.797619705902305753e+01
2.744932105902306319e+01
2.271275905902306391e+01
2.271275905902307102e+01
1.481848905902305802e+01
3.534359105902308329e+01
3.218588305902306956e+01
2.113390505902305705e+01
1.797619705902305753e+01
2.271275905902307102e+01
1.008192705902305164e+01
3.766511059023066821e+00
2.429161305902307078e+01
1.481848905902305802e+01
4.008015305902307546e+01
6.088030590230673056e-01
6.924219059023052125e+00
1.639734305902305067e+01
8.503073059023058988e+00
6.924219059023066336e+00
1.166078105902305850e+01
2.902817505902307715e+01
2.587046705902306343e+01
1.955505105902305019e+01
1.008192705902305875e+01
1.481848905902305091e+01
1.955505105902306440e+01
1.166078105902307271e+01
8.503073059023051883e+00
2.271275905902305681e+01
2.587046705902307053e+01
1.008192705902306585e+01
2.271275905902307102e+01
1.955505105902307150e+01
3.692244505902307594e+01
5.345365059023059473e+00
2.587046705902306343e+01
2.902817505902305584e+01
2.429161305902307078e+01
5.345365059023059473e+00
3.060702905902306981e+01
2.587046705902306343e+01
5.345365059023059473e+00
1.008192705902306585e+01
1.639734305902305778e+01
1.955505105902305729e+01
1.797619705902305043e+01
2.744932105902304897e+01
2.113390505902304994e+01
6.924219059023052125e+00
3.534359105902308329e+01
1.166078105902307271e+01
2.587046705902306343e+01
2.587046705902305632e+01
1.955505105902307150e+01
5.345365059023059473e+00
8.503073059023058988e+00
3.218588305902306246e+01
3.766511059023052610e+00
3.218588305902306956e+01
2.187657059023059958e+00
6.088030590230673056e-01
2.902817505902307715e+01
1.323963505902305826e+01
4.481671505902306762e+01
2.744932105902307740e+01
3.218588305902305535e+01
1.639734305902305067e+01
2.587046705902307053e+01
6.924219059023066336e+00
3.060702905902306981e+01
1.323963505902305116e+01
1.166078105902305850e+01
1.323963505902305116e+01
1.323963505902306537e+01
1.323963505902306537e+01
5.345365059023059473e+00
2.902817505902307715e+01
5.345365059023059473e+00
2.744932105902304897e+01
1.323963505902306537e+01
1.955505105902306440e+01
2.187657059023059958e+00
2.271275905902305681e+01
-9.700509409769395575e-01
2.271275905902306391e+01
3.060702905902307691e+01
1.166078105902305850e+01
1.008192705902306585e+01
-4.127758940976924862e+00
3.766511059023066821e+00
2.271275905902306391e+01
2.587046705902307764e+01
2.187657059023059958e+00
5.345365059023059473e+00
1.797619705902307174e+01
1.008192705902306585e+01
2.744932105902306319e+01
6.088030590230673056e-01
6.088030590230530947e-01
2.902817505902305584e+01
3.376473705902306222e+01
2.744932105902306319e+01
1.639734305902305067e+01
2.587046705902306343e+01
3.376473705902307643e+01
2.429161305902304946e+01
1.166078105902305850e+01
2.113390505902307126e+01
1.008192705902305164e+01
1.481848905902305802e+01
2.113390505902304994e+01
6.924219059023052125e+00
1.955505105902307861e+01
-9.700509409769395575e-01
8.503073059023058988e+00
4.008015305902307546e+01
1.639734305902306488e+01
3.376473705902306222e+01
2.902817505902307005e+01
2.902817505902305584e+01
1.639734305902305067e+01
2.587046705902305632e+01
2.113390505902304994e+01
3.376473705902306222e+01
2.587046705902306343e+01
2.271275905902306391e+01
3.766511059023081032e+00
1.955505105902305729e+01
2.271275905902305681e+01
5.345365059023059473e+00
1.639734305902306488e+01
1.323963505902306537e+01
3.766511059023052610e+00
2.187657059023059958e+00
6.924219059023052125e+00
5.345365059023059473e+00
8.503073059023058988e+00
1.955505105902306440e+01
1.008192705902306585e+01
1.955505105902305729e+01
-4.127758940976939073e+00
2.187657059023059958e+00
6.924219059023052125e+00
-5.706612940976931725e+00
2.113390505902307126e+01
8.503073059023058988e+00
3.376473705902306222e+01
8.503073059023058988e+00
1.955505105902305729e+01
1.323963505902305116e+01
3.850129905902306859e+01
2.187657059023074169e+00
-7.285466940976938588e+00
-4.127758940976939073e+00
2.429161305902307078e+01
6.924219059023066336e+00
1.166078105902305850e+01
5.345365059023059473e+00
1.323963505902305826e+01
3.060702905902306270e+01
2.187657059023059958e+00
1.797619705902305753e+01
3.060702905902307691e+01
6.924219059023066336e+00
1.323963505902306537e+01
2.271275905902306391e+01
3.850129905902306859e+01
1.323963505902306537e+01
2.587046705902306343e+01
2.429161305902307788e+01
1.797619705902305753e+01
1.797619705902305753e+01
2.744932105902306319e+01
1.955505105902305729e+01
5.345365059023059473e+00
6.924219059023052125e+00
3.534359105902308329e+01
3.766511059023066821e+00
1.323963505902305116e+01
8.503073059023058988e+00
1.323963505902305116e+01
8.503073059023058988e+00
2.113390505902305705e+01
6.924219059023052125e+00
2.113390505902307126e+01
-2.548904940976946421e+00
6.924219059023052125e+00
2.587046705902307764e+01
8.503073059023058988e+00
8.503073059023058988e+00
-7.285466940976938588e+00
1.797619705902305753e+01
2.187657059023059958e+00
4.008015305902307546e+01
3.766511059023052610e+00
-4.127758940976939073e+00
4.797442305902306714e+01
1.797619705902305043e+01
1.639734305902305067e+01
1.955505105902305729e+01
2.271275905902304970e+01
1.008192705902306585e+01
3.376473705902304800e+01
1.639734305902306488e+01
3.218588305902306956e+01
3.060702905902306270e+01
1.323963505902307247e+01
2.587046705902305632e+01
1.166078105902305850e+01
3.060702905902306270e+01
2.187657059023074169e+00
2.587046705902306343e+01
8.503073059023058988e+00
1.797619705902305043e+01
2.187657059023074169e+00
1.955505105902305729e+01
1.955505105902306440e+01
1.323963505902306537e+01
3.376473705902306222e+01
-9.700509409769395575e-01
2.429161305902307788e+01
1.008192705902305164e+01
1.008192705902305164e+01
1.008192705902306585e+01
1.323963505902305116e+01
1.323963505902306537e+01
2.744932105902306319e+01
2.113390505902305705e+01
1.323963505902306537e+01
4.955327705902307400e+01
1.323963505902305116e+01
3.218588305902307667e+01
2.271275905902306391e+01
2.902817505902305584e+01
3.766511059023066821e+00
2.113390505902305705e+01
3.060702905902304849e+01
1.481848905902305802e+01
1.797619705902305043e+01
2.113390505902304994e+01
2.744932105902307029e+01
2.271275905902305681e+01
1.797619705902305753e+01
3.376473705902307643e+01
2.744932105902307029e+01
1.481848905902307223e+01
1.323963505902305826e+01
4.165900705902308232e+01
1.323963505902305116e+01
2.902817505902307715e+01
2.187657059023059958e+00
1.639734305902306488e+01
2.271275905902305681e+01
2.744932105902306319e+01
2.271275905902305681e+01
2.429161305902305656e+01
2.902817505902305584e+01
1.481848905902306512e+01
-9.700509409769395575e-01
-5.706612940976931725e+00
1.008192705902306585e+01
2.113390505902305705e+01
1.166078105902305850e+01
-5.706612940976931725e+00
6.924219059023052125e+00
1.008192705902305164e+01
5.345365059023059473e+00
2.429161305902304946e+01
-2.548904940976946421e+00
2.187657059023059958e+00
5.345365059023059473e+00
1.008192705902306585e+01
1.166078105902305850e+01
1.166078105902305140e+01
1.955505105902307150e+01
2.113390505902304994e+01
2.902817505902307715e+01
1.008192705902306585e+01
3.376473705902307643e+01
1.955505105902305729e+01
2.271275905902305681e+01
3.060702905902306270e+01
2.744932105902304897e+01
2.744932105902306319e+01
3.218588305902305535e+01
3.060702905902306270e+01
2.429161305902305656e+01
1.955505105902305019e+01
2.429161305902306367e+01
2.271275905902306391e+01
4.797442305902308135e+01
1.166078105902306561e+01
5.345365059023059473e+00
8.503073059023058988e+00
1.008192705902306585e+01
2.271275905902304970e+01
1.797619705902305753e+01
2.587046705902306343e+01
1.166078105902305850e+01
3.060702905902304849e+01
3.766511059023066821e+00
6.924219059023052125e+00
3.376473705902306222e+01
2.429161305902307078e+01
2.113390505902306415e+01
1.481848905902305802e+01
1.955505105902306440e+01
2.113390505902307837e+01
3.060702905902308402e+01
6.924219059023066336e+00
1.639734305902305778e+01
1.481848905902305802e+01
-5.706612940976931725e+00
5.345365059023059473e+00
8.503073059023066094e+00
4.797442305902308135e+01
5.345365059023073684e+00
1.323963505902306537e+01
-1.044317494097692389e+01
1.639734305902306488e+01
2.429161305902307078e+01
8.503073059023058988e+00
1.797619705902305753e+01
3.766511059023052610e+00
1.008192705902306585e+01
2.429161305902307078e+01
2.113390505902306415e+01
1.481848905902305802e+01
6.088030590230673056e-01
-1.360088294097692341e+01
2.429161305902307078e+01
3.060702905902307691e+01
1.481848905902307223e+01
1.323963505902306537e+01
1.481848905902305802e+01
1.639734305902305778e+01
2.429161305902304946e+01
3.692244505902306173e+01
1.008192705902305164e+01
1.639734305902305067e+01
-2.548904940976932210e+00
3.850129905902306859e+01
1.639734305902306488e+01
1.797619705902305753e+01
2.113390505902306415e+01
-9.700509409769395575e-01
2.587046705902305632e+01
1.797619705902307885e+01
8.503073059023058988e+00
6.088030590230673056e-01
1.639734305902306488e+01
2.271275905902306391e+01
2.187657059023059958e+00
5.345365059023059473e+00
2.744932105902307740e+01
1.481848905902305091e+01
6.924219059023052125e+00
1.166078105902305850e+01
1.797619705902305753e+01
2.187657059023059958e+00
3.376473705902304800e+01
2.271275905902306391e+01
2.587046705902307053e+01
1.639734305902306488e+01
2.587046705902305632e+01
1.008192705902306585e+01
2.744932105902306319e+01
3.060702905902306270e+01
1.797619705902305753e+01
3.376473705902307643e+01
2.902817505902307005e+01
1.797619705902307174e+01
2.271275905902305681e+01
1.323963505902305826e+01
-4.127758940976939073e+00
-8.864320940976931240e+00
1.166078105902305140e+01
2.587046705902307053e+01
2.744932105902307029e+01
1.166078105902305850e+01
3.766511059023052610e+00
5.345365059023059473e+00
1.323963505902305116e+01
1.166078105902305850e+01
1.797619705902305753e+01
8.503073059023058988e+00
2.429161305902307788e+01
2.271275905902307102e+01
2.587046705902305632e+01
1.166078105902305850e+01
-9.700509409769395575e-01
4.481671505902308184e+01
3.376473705902304800e+01
1.639734305902305067e+01
2.429161305902304946e+01
2.902817505902305584e+01
3.218588305902306956e+01
1.481848905902305802e+01
1.166078105902305850e+01
1.639734305902307199e+01
1.955505105902306440e+01
2.587046705902305632e+01
6.924219059023066336e+00
2.902817505902307005e+01
2.113390505902305705e+01
2.587046705902307053e+01
1.323963505902306537e+01
2.902817505902305584e+01
1.481848905902305802e+01
1.323963505902306537e+01
3.060702905902306270e+01
2.902817505902307005e+01
3.060702905902307691e+01
1.166078105902305850e+01
-9.700509409769395575e-01
2.902817505902307715e+01
2.744932105902306319e+01
2.429161305902304946e+01
1.323963505902306537e+01
1.639734305902305067e+01
8.503073059023080305e+00
2.587046705902306343e+01
1.166078105902305850e+01
1.008192705902306585e+01
1.955505105902307150e+01
1.323963505902306537e+01
1.166078105902305850e+01
3.766511059023052610e+00
1.797619705902307174e+01
1.955505105902305729e+01
1.008192705902306585e+01
6.924219059023066336e+00
1.639734305902305778e+01
2.271275905902306391e+01
2.113390505902307126e+01
1.481848905902305802e+01
1.323963505902306537e+01
3.060702905902306270e+01
2.187657059023059958e+00
3.850129905902306859e+01
1.481848905902305802e+01
2.271275905902305681e+01
3.692244505902306173e+01
2.744932105902306319e+01
1.481848905902305802e+01
2.902817505902307005e+01
2.744932105902307029e+01
5.345365059023059473e+00
1.639734305902305067e+01
4.165900705902306811e+01
8.503073059023058988e+00
1.955505105902305019e+01
4.165900705902305390e+01
2.271275905902306391e+01
1.639734305902305778e+01
1.955505105902306440e+01
-5.706612940976931725e+00
1.797619705902305753e+01
3.766511059023066821e+00
3.218588305902306956e+01
1.955505105902305729e+01
8.503073059023058988e+00
2.587046705902307764e+01
2.113390505902307837e+01
1.639734305902305778e+01
6.924219059023052125e+00
1.797619705902307885e+01
1.797619705902305753e+01
3.218588305902306956e+01
1.481848905902305802e+01
1.955505105902307150e+01
6.924219059023066336e+00
1.955505105902305729e+01
1.008192705902305875e+01
-2.548904940976932210e+00
1.797619705902307174e+01
2.429161305902304946e+01
1.797619705902306464e+01
2.587046705902305632e+01
2.587046705902305632e+01
2.587046705902307053e+01
1.955505105902305729e+01
1.481848905902305802e+01
1.323963505902305116e+01
2.271275905902305681e+01
2.902817505902305584e+01
4.955327705902308821e+01
2.587046705902307053e+01
2.271275905902306391e+01
8.503073059023051883e+00
2.271275905902305681e+01
2.902817505902307005e+01
2.271275905902307102e+01
2.271275905902305681e+01
2.113390505902304994e+01
3.850129905902306859e+01
1.797619705902306464e+01
3.218588305902306956e+01
1.008192705902306585e+01
1.639734305902307199e+01
3.060702905902304849e+01
2.187657059023067063e+00
1.955505105902307150e+01
5.345365059023059473e+00
3.060702905902306270e+01
1.481848905902307223e+01
2.744932105902306319e+01
-1.360088294097693762e+01
5.345365059023059473e+00
6.924219059023066336e+00
1.481848905902306512e+01
1.639734305902307199e+01
3.850129905902305438e+01
2.113390505902305705e+01
-7.285466940976924377e+00
2.429161305902305656e+01
6.924219059023052125e+00
-2.548904940976946421e+00
2.744932105902307740e+01
8.503073059023058988e+00
1.955505105902307150e+01
8.503073059023058988e+00
4.323786105902308918e+01
3.060702905902306270e+01
2.902817505902305584e+01
2.429161305902306367e+01
1.323963505902306537e+01
2.587046705902306343e+01
3.060702905902306270e+01
3.850129905902306859e+01
2.187657059023059958e+00
1.323963505902305116e+01
5.345365059023059473e+00
1.323963505902307247e+01
4.008015305902307546e+01
8.503073059023058988e+00
1.166078105902305850e+01
1.481848905902305802e+01
4.008015305902304704e+01
2.271275905902305681e+01
1.797619705902305043e+01
1.797619705902305753e+01
2.271275905902307102e+01
2.429161305902307788e+01
3.060702905902306270e+01
2.902817505902305584e+01
1.797619705902307174e+01
1.008192705902305164e+01
1.639734305902305067e+01
1.166078105902305850e+01
1.955505105902307150e+01
3.060702905902306270e+01
2.429161305902307078e+01
1.639734305902305067e+01
3.692244505902307594e+01
6.924219059023073441e+00
1.481848905902305091e+01
1.955505105902305729e+01
1.955505105902306440e+01
3.534359105902306908e+01
3.766511059023081032e+00
2.744932105902306319e+01
1.797619705902306464e+01
2.902817505902307005e+01
2.902817505902305584e+01
1.166078105902305850e+01
-2.548904940976932210e+00
2.587046705902307053e+01
6.088030590230673056e-01
1.481848905902305802e+01
1.481848905902305802e+01
2.744932105902304897e+01
2.744932105902306319e+01
2.744932105902306319e+01
5.345365059023059473e+00
1.323963505902305116e+01
2.902817505902305584e+01
1.639734305902306488e+01
2.113390505902306415e+01
2.744932105902307029e+01
2.744932105902306319e+01
1.481848905902305802e+01
2.429161305902304946e+01
6.924219059023066336e+00
6.088030590230673056e-01
4.639556905902307449e+01
2.271275905902306391e+01
3.060702905902304849e+01
1.639734305902306488e+01
2.113390505902305705e+01
2.902817505902305584e+01
1.481848905902305802e+01
2.744932105902307740e+01
1.955505105902307150e+01
1.797619705902306464e+01
2.429161305902307788e+01
1.955505105902307861e+01
3.376473705902307643e+01
1.166078105902305850e+01
2.271275905902305681e+01
3.376473705902304800e+01
2.902817505902305584e+01
2.429161305902305656e+01
1.955505105902307150e+01
1.481848905902305802e+01
1.639734305902307199e+01
2.429161305902304946e+01
2.271275905902307102e+01
1.797619705902306464e+01
1.323963505902305826e+01
3.218588305902305535e+01
3.376473705902306222e+01
3.376473705902306222e+01
3.376473705902307643e+01
1.955505105902305729e+01
4.008015305902308256e+01
3.218588305902306956e+01
3.218588305902306956e+01
1.481848905902306512e+01
2.902817505902305584e+01
1.639734305902305778e+01
2.113390505902305705e+01
2.429161305902307078e+01
2.587046705902305632e+01
3.534359105902308329e+01
3.692244505902306173e+01
2.902817505902305584e+01
2.429161305902307788e+01
3.376473705902307643e+01
1.797619705902305753e+01
2.271275905902307102e+01
1.639734305902305067e+01
2.744932105902306319e+01
3.376473705902304800e+01
2.429161305902306367e+01
2.271275905902305681e+01
3.060702905902308402e+01
1.639734305902305778e+01
3.060702905902306981e+01
2.744932105902306319e+01
1.955505105902306440e+01
1.166078105902306561e+01
3.218588305902306956e+01
3.850129905902306859e+01
2.744932105902306319e+01
2.271275905902306391e+01
2.429161305902307788e+01
2.271275905902307102e+01
6.924219059023052125e+00
1.955505105902306440e+01
3.534359105902306908e+01
4.639556905902307449e+01
1.639734305902305067e+01
6.924219059023066336e+00
3.376473705902306222e+01
1.955505105902307150e+01
1.955505105902305729e+01
2.429161305902304946e+01
3.850129905902306859e+01
1.797619705902305753e+01
3.376473705902306222e+01
3.850129905902306859e+01
2.587046705902307053e+01
1.166078105902305850e+01
2.744932105902307740e+01
-4.127758940976939073e+00
2.271275905902306391e+01
3.060702905902306981e+01
4.008015305902307546e+01
4.797442305902306714e+01
1.323963505902305116e+01
2.271275905902306391e+01
3.060702905902306270e+01
1.955505105902306440e+01
1.323963505902305116e+01
2.587046705902307053e+01
1.639734305902306488e+01
4.165900705902308232e+01
3.534359105902305487e+01
1.481848905902305802e+01
4.165900705902305390e+01
2.271275905902306391e+01
2.271275905902306391e+01
3.218588305902306246e+01
2.271275905902304970e+01
3.218588305902306956e+01
6.924219059023066336e+00
4.481671505902306762e+01
2.271275905902306391e+01
2.113390505902306415e+01
1.481848905902305802e+01
2.271275905902307102e+01
3.376473705902306222e+01
2.902817505902305584e+01
2.429161305902305656e+01
3.534359105902305487e+01
1.797619705902307174e+01
2.744932105902307029e+01
2.902817505902305584e+01
1.166078105902307271e+01
4.639556905902307449e+01
2.587046705902306343e+01
3.850129905902306859e+01
8.503073059023058988e+00
2.587046705902307053e+01
2.902817505902305584e+01
2.429161305902307078e+01
1.797619705902307885e+01
3.534359105902308329e+01
4.008015305902304704e+01
1.797619705902305753e+01
4.165900705902306811e+01
1.323963505902306537e+01
1.481848905902307223e+01
3.060702905902306270e+01
3.692244505902306173e+01
2.271275905902307102e+01
3.692244505902309015e+01
4.323786105902306076e+01
3.218588305902307667e+01
1.323963505902305116e+01
2.113390505902307126e+01
2.271275905902307102e+01
1.639734305902306488e+01
5.345365059023059473e+00
3.534359105902307618e+01
8.503073059023058988e+00
1.639734305902306488e+01
1.797619705902307174e+01
1.481848905902305091e+01
3.060702905902306270e+01
2.113390505902305705e+01
3.376473705902308353e+01
6.924219059023052125e+00
1.797619705902306464e+01
1.639734305902305067e+01
1.166078105902305850e+01
1.323963505902307958e+01
1.481848905902305091e+01
1.797619705902307174e+01
1.639734305902305778e+01
3.060702905902307691e+01
3.060702905902306270e+01
1.639734305902306488e+01
1.481848905902305802e+01
3.218588305902306956e+01
2.744932105902307029e+01
1.323963505902305116e+01
1.481848905902306512e+01
1.008192705902306585e+01
4.165900705902308232e+01
2.744932105902307740e+01
2.429161305902306367e+01
3.060702905902304849e+01
4.323786105902307497e+01
1.955505105902305729e+01
3.376473705902306222e+01
1.797619705902305753e+01
2.902817505902307005e+01
1.323963505902305116e+01
3.218588305902306956e+01
1.639734305902306488e+01
3.060702905902306981e+01
1.955505105902306440e+01
3.376473705902306932e+01
3.850129905902306859e+01
1.639734305902306488e+01
3.534359105902305487e+01
2.429161305902307078e+01
3.376473705902304800e+01
2.744932105902307029e+01
2.429161305902306367e+01
2.744932105902306319e+01
1.639734305902306488e+01
1.323963505902305116e+01
3.376473705902307643e+01
1.955505105902307150e+01
3.376473705902307643e+01
1.797619705902305753e+01
4.008015305902307546e+01
1.008192705902305164e+01
5.113213105902306665e+01
1.323963505902305116e+01
2.902817505902307005e+01
3.060702905902306270e+01
1.481848905902305091e+01
3.534359105902305487e+01
3.850129905902306859e+01
1.166078105902305850e+01
3.692244505902304752e+01
1.797619705902305753e+01
3.060702905902306270e+01
1.955505105902307150e+01
2.429161305902307078e+01
2.113390505902306415e+01
3.376473705902307643e+01
2.587046705902306343e+01
2.744932105902307029e+01
3.218588305902306956e+01
1.481848905902307934e+01
3.692244505902309015e+01
1.323963505902305826e+01
3.534359105902305487e+01
2.902817505902307715e+01
3.376473705902306932e+01
1.955505105902305729e+01
3.376473705902307643e+01
4.165900705902306811e+01
3.060702905902307691e+01
2.113390505902306415e+01
3.218588305902306956e+01
1.955505105902306440e+01
1.008192705902306585e+01
4.639556905902307449e+01
1.639734305902305067e+01
4.008015305902306125e+01
8.503073059023058988e+00
3.376473705902307643e+01
2.587046705902305632e+01
1.797619705902307174e+01
2.587046705902305632e+01
3.060702905902306981e+01
4.165900705902308232e+01
3.376473705902304800e+01
4.165900705902306811e+01
1.323963505902306537e+01
2.902817505902307005e+01
2.113390505902307837e+01
2.587046705902306343e+01
4.008015305902307546e+01
2.429161305902304946e+01
3.376473705902304800e+01
2.744932105902306319e+01
4.008015305902308967e+01
2.271275905902306391e+01
2.113390505902305705e+01
3.376473705902307643e+01
3.060702905902306270e+01
4.639556905902308159e+01
1.166078105902305850e+01
2.902817505902307005e+01
2.902817505902305584e+01
5.113213105902308087e+01
3.692244505902306173e+01
2.587046705902307053e+01
2.271275905902306391e+01
3.218588305902306956e+01
3.534359105902306197e+01
4.323786105902307497e+01
3.850129905902307570e+01
3.534359105902307618e+01
1.797619705902306464e+01
2.587046705902307764e+01
3.534359105902308329e+01
4.165900705902308232e+01
2.902817505902305584e+01
5.345365059023059473e+00
1.955505105902305729e+01
3.850129905902306859e+01
3.218588305902306956e+01
4.165900705902306811e+01
5.345365059023059473e+00
3.376473705902307643e+01
3.376473705902304800e+01
4.797442305902306714e+01
3.376473705902306222e+01
1.797619705902305753e+01
2.271275905902306391e+01
2.744932105902307740e+01
2.744932105902306319e+01
3.376473705902307643e+01
2.902817505902305584e+01
2.271275905902306391e+01
3.376473705902304800e+01
2.587046705902306343e+01
1.797619705902307174e+01
3.376473705902304800e+01
2.744932105902304897e+01
3.218588305902305535e+01
1.323963505902305116e+01
3.692244505902309015e+01
3.218588305902307667e+01
2.271275905902306391e+01
1.323963505902305826e+01
2.429161305902306367e+01
2.902817505902305584e+01
1.323963505902306537e+01
2.271275905902307102e+01
8.503073059023058988e+00
3.060702905902307691e+01
1.481848905902307223e+01
1.166078105902305850e+01
1.955505105902307150e+01
2.902817505902305584e+01
1.166078105902305850e+01
3.376473705902307643e+01
1.323963505902305826e+01
3.692244505902308305e+01
1.639734305902305067e+01
2.271275905902306391e+01
1.639734305902307199e+01
4.481671505902308184e+01
2.187657059023059958e+00
2.744932105902306319e+01
1.797619705902305753e+01
1.323963505902306537e+01
2.271275905902306391e+01
1.797619705902305753e+01
2.271275905902307812e+01
3.218588305902306246e+01
1.166078105902305850e+01
2.902817505902305584e+01
8.503073059023058988e+00
2.271275905902307102e+01
3.060702905902306981e+01
1.955505105902305729e+01
3.060702905902307691e+01
2.271275905902306391e+01
1.323963505902305826e+01
1.955505105902306440e+01
2.587046705902306343e+01
2.587046705902306343e+01
1.008192705902305164e+01
8.503073059023058988e+00
1.323963505902306537e+01
1.166078105902307982e+01
2.113390505902305705e+01
3.766511059023052610e+00
1.955505105902305729e+01
3.692244505902307594e+01
2.113390505902305705e+01
1.955505105902307150e+01
3.218588305902306956e+01
5.586869305902307303e+01
1.166078105902305140e+01
3.218588305902305535e+01
1.639734305902307199e+01
2.902817505902305584e+01
2.271275905902305681e+01
2.587046705902307053e+01
2.429161305902304946e+01
1.955505105902305729e+01
1.639734305902305067e+01
2.271275905902307102e+01
1.323963505902306537e+01
1.323963505902305826e+01
3.376473705902308353e+01
3.218588305902305535e+01
1.481848905902306512e+01
1.797619705902305753e+01
1.797619705902305753e+01
4.008015305902308967e+01
3.692244505902306173e+01
4.008015305902306125e+01
1.481848905902307223e+01
-2.548904940976932210e+00
2.271275905902305681e+01
2.271275905902307102e+01
2.902817505902305584e+01
1.797619705902306464e+01
3.060702905902306270e+01
4.639556905902307449e+01
3.060702905902304849e+01
2.271275905902306391e+01
5.113213105902305244e+01
3.376473705902304800e+01
5.744754705902306569e+01
2.271275905902307102e+01
3.850129905902305438e+01
3.850129905902306859e+01
3.692244505902307594e+01
3.534359105902306908e+01
5.428983905902306617e+01
2.271275905902307102e+01
3.534359105902305487e+01
5.744754705902307990e+01
2.113390505902307837e+01
3.850129905902305438e+01
2.587046705902307053e+01
3.060702905902306270e+01
4.008015305902304704e+01
5.271098505902308773e+01
3.692244505902304752e+01
3.692244505902307594e+01
3.218588305902305535e+01
4.008015305902306125e+01
3.692244505902306173e+01
2.271275905902307102e+01
3.692244505902304752e+01
2.113390505902304994e+01
3.218588305902305535e+01
4.955327705902305979e+01
4.955327705902304558e+01
4.323786105902304655e+01
4.165900705902308232e+01
5.271098505902307352e+01
2.587046705902305632e+01
4.797442305902305293e+01
3.692244505902306173e+01
4.323786105902306076e+01
4.008015305902306125e+01
3.376473705902307643e+01
2.744932105902304897e+01
4.323786105902306076e+01
3.534359105902305487e+01
2.113390505902304994e+01
4.639556905902306028e+01
3.376473705902306222e+01
3.534359105902305487e+01
4.797442305902305293e+01
3.534359105902305487e+01
3.850129905902306859e+01
2.744932105902306319e+01
3.692244505902304752e+01
3.692244505902306173e+01
2.744932105902306319e+01
4.165900705902306811e+01
5.271098505902304510e+01
3.850129905902305438e+01
7.007837905902307796e+01
4.165900705902308232e+01
4.639556905902307449e+01
1.955505105902307150e+01
4.955327705902305979e+01
4.639556905902306028e+01
4.323786105902307497e+01
5.744754705902306569e+01
4.008015305902306125e+01
4.323786105902308918e+01
3.060702905902306270e+01
5.428983905902306617e+01
2.271275905902305681e+01
2.271275905902307102e+01
2.113390505902306415e+01
4.323786105902306076e+01
2.271275905902307102e+01
3.060702905902306270e+01
4.955327705902307400e+01
3.692244505902307594e+01
5.113213105902306665e+01
2.902817505902305584e+01
3.060702905902306270e+01
4.955327705902307400e+01
5.902640105902306544e+01
4.797442305902305293e+01
3.850129905902306859e+01
5.586869305902308724e+01
4.481671505902306762e+01
4.797442305902306714e+01
3.376473705902307643e+01
5.271098505902307352e+01
4.481671505902306762e+01
4.639556905902304607e+01
3.534359105902306908e+01
6.849952505902307109e+01
3.850129905902306859e+01
4.323786105902306076e+01
4.008015305902306125e+01
5.902640105902307255e+01
3.850129905902306859e+01
5.271098505902307352e+01
3.692244505902306173e+01
2.744932105902307740e+01
5.428983905902306617e+01
5.271098505902305931e+01
3.692244505902306173e+01
4.008015305902304704e+01
3.766511059023088137e+00
3.060702905902306270e+01
3.218588305902306956e+01
3.534359105902306908e+01
4.639556905902307449e+01
3.692244505902306173e+01
4.639556905902306028e+01
2.429161305902306367e+01
2.113390505902304994e+01
7.007837905902307796e+01
3.218588305902305535e+01
4.165900705902305390e+01
1.955505105902306440e+01
4.165900705902308232e+01
3.060702905902306270e+01
5.428983905902306617e+01
2.744932105902306319e+01
3.692244505902306173e+01
3.218588305902306956e+01
1.955505105902307150e+01
2.744932105902304897e+01
4.008015305902307546e+01
3.850129905902306859e+01
4.797442305902308135e+01
4.797442305902308135e+01
2.271275905902307102e+01
4.165900705902305390e+01
3.692244505902306173e+01
5.271098505902307352e+01
3.534359105902306908e+01
2.113390505902306415e+01
3.850129905902306859e+01
3.218588305902306956e+01
5.744754705902307990e+01
4.797442305902305293e+01
3.692244505902304752e+01
4.639556905902304607e+01
2.902817505902305584e+01
3.692244505902306173e+01
2.744932105902307740e+01
3.692244505902307594e+01
4.323786105902306076e+01
6.060525505902307941e+01
3.218588305902305535e+01
2.587046705902307053e+01
5.271098505902307352e+01
3.376473705902306222e+01
2.113390505902306415e+01
3.850129905902306859e+01
3.692244505902307594e+01
3.692244505902304752e+01
6.692067105902306423e+01
4.639556905902304607e+01
4.165900705902306811e+01
3.376473705902306222e+01
4.797442305902306714e+01
4.323786105902307497e+01
4.797442305902305293e+01
4.323786105902306076e+01
4.323786105902304655e+01
2.744932105902304897e+01
2.429161305902306367e+01
3.534359105902305487e+01
4.797442305902306714e+01
4.639556905902306028e+01
3.534359105902306908e+01
3.850129905902305438e+01
4.165900705902306811e+01
2.902817505902305584e+01
3.850129905902306859e+01
3.850129905902308280e+01
2.744932105902306319e+01
4.008015305902304704e+01
5.586869305902305882e+01
4.008015305902304704e+01
3.376473705902307643e+01
4.165900705902306811e+01
4.008015305902306125e+01
6.218410905902307206e+01
4.323786105902306076e+01
5.113213105902306665e+01
4.639556905902306028e+01
3.692244505902307594e+01
3.218588305902306956e+01
3.692244505902307594e+01
4.955327705902308821e+01
2.902817505902305584e+01
5.271098505902307352e+01
4.481671505902306762e+01
3.376473705902307643e+01
1.797619705902306464e+01
4.797442305902305293e+01
2.744932105902306319e+01
4.323786105902307497e+01
4.955327705902305979e+01
3.376473705902304800e+01
5.271098505902308773e+01
3.850129905902306859e+01
2.902817505902307005e+01
5.428983905902305196e+01
2.429161305902307788e+01
3.692244505902307594e+01
2.744932105902306319e+01
5.113213105902305244e+01
4.797442305902305293e+01
2.902817505902307005e+01
4.797442305902306714e+01
3.060702905902304849e+01
3.376473705902304800e+01
1.797619705902305043e+01
2.744932105902304897e+01
3.376473705902306222e+01
4.008015305902306125e+01
1.008192705902308717e+01
4.955327705902304558e+01
5.586869305902305882e+01
2.429161305902304946e+01
2.587046705902307053e+01
4.323786105902304655e+01
3.534359105902305487e+01
2.902817505902307005e+01
5.586869305902307303e+01
2.902817505902305584e+01
4.165900705902305390e+01
7.323608705902307747e+01
4.639556905902307449e+01
1.639734305902307199e+01
2.429161305902306367e+01
4.008015305902304704e+01
3.850129905902306859e+01
3.376473705902304800e+01
3.376473705902306222e+01
3.692244505902306173e+01
4.165900705902305390e+01
4.008015305902306125e+01
3.850129905902306859e+01
2.271275905902305681e+01
5.113213105902308087e+01
1.797619705902306464e+01
2.587046705902305632e+01
4.165900705902306811e+01
2.271275905902305681e+01
3.376473705902304800e+01
4.955327705902304558e+01
3.534359105902306908e+01
3.534359105902305487e+01
4.323786105902306076e+01
4.008015305902306125e+01
4.323786105902306076e+01
4.008015305902306125e+01
5.271098505902304510e+01
2.113390505902307837e+01
4.797442305902305293e+01
4.639556905902306028e+01
4.008015305902306125e+01
3.060702905902304849e+01
4.797442305902306714e+01
3.850129905902305438e+01
5.113213105902309508e+01
4.639556905902307449e+01
4.481671505902306762e+01
4.797442305902308135e+01
4.008015305902307546e+01
4.797442305902305293e+01
3.850129905902305438e+01
4.165900705902306811e+01
4.955327705902304558e+01
3.850129905902305438e+01
3.850129905902305438e+01
5.113213105902306665e+01
3.850129905902306859e+01
3.850129905902305438e+01
3.376473705902307643e+01
4.008015305902306125e+01
3.376473705902304800e+01
2.113390505902306415e+01
3.060702905902307691e+01
3.534359105902306908e+01
3.376473705902307643e+01
4.008015305902307546e+01
4.008015305902306125e+01
5.744754705902305147e+01
5.113213105902306665e+01
2.271275905902307102e+01
6.218410905902305785e+01
5.271098505902305931e+01
4.955327705902305979e+01
3.850129905902305438e+01
3.060702905902306270e+01
2.902817505902305584e+01
4.481671505902306762e+01
3.692244505902306173e+01
4.955327705902307400e+01
4.008015305902307546e+01
5.586869305902304461e+01
2.113390505902307837e+01
3.218588305902306956e+01
4.323786105902307497e+01
4.955327705902308821e+01
4.165900705902305390e+01
5.902640105902305834e+01
3.692244505902306173e+01
4.797442305902306714e+01
4.165900705902305390e+01
5.113213105902306665e+01
3.692244505902304752e+01
3.060702905902306270e+01
3.534359105902305487e+01
2.902817505902305584e+01
5.744754705902307990e+01
4.323786105902307497e+01
4.639556905902304607e+01
4.481671505902306762e+01
5.113213105902306665e+01
3.376473705902306222e+01
2.271275905902305681e+01
2.429161305902306367e+01
4.955327705902305979e+01
2.113390505902307837e+01
2.113390505902306415e+01
4.797442305902305293e+01
3.850129905902305438e+01
4.165900705902305390e+01
4.008015305902307546e+01
3.534359105902305487e+01
3.218588305902305535e+01
4.165900705902305390e+01
2.744932105902307740e+01
2.744932105902304897e+01
3.376473705902307643e+01
5.113213105902306665e+01
3.534359105902306908e+01
3.376473705902306222e+01
2.744932105902304897e+01
5.271098505902307352e+01
4.323786105902306076e+01
2.744932105902307740e+01
4.323786105902304655e+01
4.481671505902306762e+01
5.271098505902304510e+01
4.481671505902305341e+01
3.850129905902306859e+01
2.587046705902307053e+01
4.323786105902307497e+01
2.902817505902305584e+01
4.165900705902305390e+01
3.850129905902306859e+01
2.744932105902307740e+01
3.850129905902305438e+01
4.639556905902304607e+01
3.060702905902306270e+01
3.534359105902305487e+01
2.113390505902306415e+01
2.587046705902307053e+01
3.218588305902305535e+01
3.376473705902306222e+01
2.902817505902307005e+01
4.165900705902306811e+01
2.902817505902307005e+01
3.060702905902307691e+01
4.323786105902307497e+01
4.323786105902304655e+01
5.271098505902307352e+01
3.376473705902304800e+01
3.534359105902306908e+01
5.271098505902304510e+01
1.955505105902305729e+01
3.692244505902304752e+01
5.744754705902307990e+01
5.345365059023059473e+00
6.376296305902306472e+01
1.955505105902305729e+01
3.850129905902306859e+01
4.323786105902306076e+01
2.902817505902305584e+01
4.165900705902305390e+01
2.271275905902305681e+01
5.428983905902306617e+01
5.271098505902307352e+01
3.692244505902306173e+01
3.534359105902305487e+01
6.060525505902305099e+01
5.586869305902305882e+01
3.692244505902304752e+01
4.481671505902306762e+01
3.692244505902304752e+01
4.165900705902305390e+01
4.165900705902308232e+01
5.271098505902304510e+01
1.639734305902307199e+01
4.481671505902305341e+01
1.797619705902307885e+01
4.955327705902307400e+01
3.060702905902307691e+01
3.850129905902306859e+01
4.481671505902306762e+01
4.165900705902305390e+01
3.218588305902305535e+01
4.639556905902306028e+01
5.113213105902305244e+01
4.008015305902304704e+01
4.955327705902305979e+01
5.271098505902307352e+01
4.481671505902306762e+01
3.376473705902306222e+01
3.376473705902306222e+01
5.428983905902306617e+01
5.271098505902307352e+01
4.165900705902306811e+01
4.797442305902305293e+01
2.587046705902305632e+01
4.323786105902307497e+01
3.850129905902306859e+01
4.008015305902304704e+01
3.218588305902305535e+01
3.218588305902305535e+01
4.481671505902306762e+01
3.692244505902304752e+01
3.376473705902307643e+01
2.113390505902307837e+01
5.902640105902305834e+01
3.376473705902306222e+01
4.955327705902307400e+01
4.481671505902306762e+01
4.481671505902306762e+01
2.902817505902305584e+01
2.902817505902305584e+01
3.060702905902304849e+01
4.797442305902305293e+01
4.481671505902305341e+01
3.692244505902307594e+01
6.534181705902308579e+01
2.902817505902305584e+01
5.271098505902307352e+01
2.113390505902306415e+01
1.639734305902308620e+01
3.534359105902306908e+01
2.744932105902307740e+01
6.692067105902307844e+01
2.587046705902305632e+01
3.850129905902305438e+01
1.797619705902306464e+01
7.007837905902307796e+01
2.744932105902306319e+01
3.850129905902306859e+01
3.692244505902306173e+01
4.481671505902306762e+01
2.587046705902305632e+01
2.113390505902307837e+01
4.639556905902306028e+01
3.692244505902306173e+01
5.113213105902305244e+01
1.008192705902307296e+01
3.534359105902305487e+01
2.587046705902305632e+01
1.955505105902308571e+01
4.481671505902305341e+01
3.534359105902306908e+01
2.902817505902307005e+01
1.166078105902306561e+01
4.008015305902304704e+01
8.503073059023080305e+00
1.166078105902306561e+01
2.271275905902307102e+01
4.955327705902304558e+01
3.218588305902308377e+01
6.924219059023073441e+00
3.376473705902304800e+01
1.481848905902306512e+01
3.218588305902306956e+01
3.376473705902307643e+01
1.797619705902306464e+01
1.955505105902307150e+01
1.008192705902307296e+01
2.429161305902307788e+01
1.008192705902306585e+01
6.924219059023073441e+00
3.060702905902307691e+01
2.902817505902307005e+01
1.008192705902308717e+01
1.955505105902305729e+01
3.060702905902306270e+01
2.113390505902307837e+01
1.797619705902306464e+01
2.113390505902306415e+01
3.692244505902304752e+01
1.166078105902307982e+01
2.271275905902308523e+01
2.587046705902305632e+01
3.060702905902306270e+01
3.060702905902306270e+01
2.429161305902306367e+01
4.323786105902307497e+01
2.902817505902305584e+01
1.955505105902307150e+01
6.924219059023087652e+00
1.797619705902305043e+01
2.587046705902307053e+01
1.323963505902307247e+01
1.481848905902307934e+01
1.955505105902307150e+01
1.481848905902307934e+01
1.797619705902307885e+01
3.376473705902307643e+01
2.902817505902305584e+01
1.166078105902307982e+01
1.323963505902307247e+01
2.902817505902305584e+01
1.008192705902305875e+01
2.429161305902307788e+01
4.008015305902306125e+01
1.639734305902308620e+01
4.008015305902304704e+01
1.797619705902306464e+01
3.060702905902306270e+01
2.429161305902306367e+01
3.060702905902304849e+01
1.008192705902307296e+01
2.113390505902307837e+01
1.955505105902305729e+01
1.008192705902308717e+01
1.955505105902305729e+01
1.639734305902307199e+01
3.218588305902305535e+01
2.271275905902305681e+01
2.113390505902307837e+01
1.166078105902306561e+01
1.639734305902305778e+01
4.165900705902306811e+01
-5.706612940976917514e+00
2.902817505902305584e+01
1.797619705902306464e+01
1.481848905902307934e+01
2.429161305902306367e+01
2.113390505902306415e+01
2.587046705902307053e+01
1.008192705902307296e+01
2.902817505902307005e+01
2.744932105902307740e+01
3.850129905902305438e+01
1.481848905902306512e+01
3.060702905902307691e+01
1.955505105902307150e+01
8.503073059023066094e+00
1.955505105902308571e+01
1.955505105902307150e+01
1.639734305902307199e+01
2.902817505902305584e+01
2.587046705902307053e+01
3.218588305902305535e+01
1.008192705902308717e+01
1.797619705902306464e+01
2.271275905902307102e+01
2.429161305902307788e+01
3.766511059023073926e+00
3.218588305902309799e+01
2.271275905902305681e+01
2.744932105902306319e+01
1.481848905902307934e+01
1.955505105902305729e+01
3.060702905902304849e+01
2.113390505902306415e+01
3.850129905902306859e+01
8.503073059023066094e+00
1.481848905902307934e+01
1.797619705902307885e+01
3.060702905902306270e+01
5.113213105902305244e+01
1.639734305902308620e+01
2.744932105902307740e+01
2.902817505902307005e+01
3.692244505902306173e+01
3.060702905902306270e+01
3.534359105902306908e+01
3.850129905902305438e+01
2.744932105902307740e+01
4.323786105902306076e+01
2.113390505902306415e+01
3.692244505902306173e+01
1.797619705902306464e+01
2.744932105902306319e+01
3.766511059023073926e+00
1.323963505902307247e+01
1.323963505902305826e+01
3.692244505902306173e+01
3.060702905902306270e+01
2.113390505902307837e+01
1.797619705902306464e+01
2.271275905902307102e+01
1.955505105902307150e+01
2.429161305902306367e+01
3.534359105902305487e+01
2.429161305902306367e+01
1.797619705902305043e+01
3.534359105902305487e+01
3.692244505902306173e+01
2.429161305902307788e+01
1.323963505902307247e+01
4.165900705902306811e+01
2.587046705902307053e+01
2.744932105902307740e+01
2.271275905902308523e+01
1.639734305902307199e+01
3.692244505902306173e+01
2.744932105902306319e+01
2.113390505902307837e+01
2.587046705902305632e+01
4.165900705902306811e+01
3.218588305902306956e+01
3.060702905902306270e+01
2.429161305902307788e+01
1.323963505902308668e+01
2.113390505902307837e+01
4.165900705902305390e+01
4.008015305902306125e+01
2.902817505902308426e+01
4.165900705902305390e+01
1.639734305902305778e+01
2.429161305902306367e+01
3.376473705902307643e+01
2.271275905902305681e+01
1.797619705902306464e+01
2.744932105902307740e+01
2.271275905902307102e+01
6.088030590230744110e-01
2.902817505902307005e+01
1.797619705902307885e+01
3.060702905902306270e+01
2.271275905902307102e+01
5.113213105902306665e+01
4.008015305902304704e+01
3.376473705902306222e+01
1.797619705902306464e+01
8.503073059023080305e+00
1.639734305902308620e+01
2.587046705902307053e+01
3.692244505902307594e+01
3.376473705902307643e+01
2.744932105902306319e+01
1.323963505902307247e+01
1.166078105902307982e+01
3.218588305902306956e+01
1.955505105902305729e+01
4.481671505902306762e+01
1.323963505902307247e+01
-8.864320940976938346e+00
1.955505105902307150e+01
4.323786105902306076e+01
4.955327705902305979e+01
2.902817505902307005e+01
3.534359105902306908e+01
1.797619705902306464e+01
1.797619705902306464e+01
1.166078105902307982e+01
1.797619705902306464e+01
2.902817505902307005e+01
1.955505105902307150e+01
3.534359105902306908e+01
1.797619705902306464e+01
2.271275905902308523e+01
3.218588305902306956e+01
1.323963505902307247e+01
-1.517973694097693738e+01
1.639734305902308620e+01
-2.548904940976925104e+00
2.744932105902306319e+01
2.587046705902305632e+01
3.534359105902306908e+01
1.955505105902307150e+01
2.429161305902306367e+01
2.587046705902307053e+01
1.955505105902308571e+01
2.429161305902306367e+01
2.587046705902305632e+01
2.429161305902306367e+01
2.902817505902305584e+01
8.503073059023080305e+00
3.060702905902304849e+01
6.924219059023059231e+00
2.587046705902308474e+01
1.481848905902307934e+01
-9.700509409769324520e-01
6.924219059023073441e+00
1.323963505902307247e+01
3.060702905902307691e+01
3.218588305902306956e+01
3.534359105902308329e+01
8.503073059023080305e+00
1.639734305902307199e+01
5.345365059023066578e+00
1.639734305902307199e+01
3.376473705902304800e+01
1.166078105902307982e+01
3.218588305902306956e+01
2.113390505902307837e+01
1.955505105902305729e+01
1.481848905902306512e+01
5.345365059023066578e+00
1.639734305902308620e+01
3.218588305902306956e+01
2.902817505902305584e+01
1.323963505902305826e+01
1.166078105902306561e+01
2.587046705902305632e+01
1.797619705902307885e+01
1.008192705902307296e+01
2.187657059023081274e+00
3.534359105902305487e+01
3.692244505902306173e+01
3.218588305902306956e+01
4.008015305902307546e+01
4.323786105902306076e+01
1.955505105902308571e+01
1.797619705902306464e+01
3.850129905902306859e+01
3.766511059023073926e+00
2.429161305902307788e+01
3.060702905902309112e+01
1.323963505902307247e+01
2.744932105902306319e+01
3.060702905902307691e+01
8.503073059023080305e+00
5.345365059023066578e+00
2.902817505902305584e+01
1.639734305902308620e+01
2.187657059023074169e+00
2.744932105902306319e+01
8.503073059023080305e+00
1.323963505902308668e+01
2.113390505902307837e+01
5.345365059023080789e+00
3.218588305902306956e+01
1.955505105902307150e+01
1.323963505902308668e+01
1.797619705902306464e+01
2.744932105902307740e+01
2.429161305902307788e+01
2.902817505902307005e+01
2.113390505902306415e+01
1.955505105902307150e+01
3.376473705902304800e+01
8.503073059023066094e+00
1.797619705902306464e+01
2.744932105902307740e+01
3.766511059023059715e+00
4.008015305902304704e+01
2.271275905902305681e+01
2.113390505902307837e+01
2.429161305902307788e+01
1.008192705902307296e+01
6.924219059023059231e+00
4.008015305902306125e+01
4.165900705902305390e+01
2.744932105902307740e+01
2.271275905902305681e+01
2.187657059023081274e+00
2.587046705902305632e+01
3.376473705902306222e+01
1.166078105902306561e+01
2.429161305902306367e+01
2.271275905902305681e+01
1.008192705902305875e+01
5.345365059023066578e+00
2.429161305902307788e+01
4.008015305902307546e+01
8.503073059023080305e+00
2.587046705902305632e+01
1.166078105902306561e+01
2.113390505902306415e+01
3.060702905902307691e+01
3.218588305902306956e+01
2.271275905902307102e+01
4.165900705902305390e+01
2.744932105902307740e+01
1.955505105902307150e+01
-9.700509409769324520e-01
2.113390505902306415e+01
2.113390505902306415e+01
3.218588305902305535e+01
2.271275905902307102e+01
1.797619705902306464e+01
2.744932105902307740e+01
6.924219059023073441e+00
2.429161305902306367e+01
2.902817505902308426e+01
3.060702905902307691e+01
3.376473705902306222e+01
1.797619705902306464e+01
2.902817505902307005e+01
1.166078105902306561e+01
4.008015305902304704e+01
3.850129905902306859e+01
2.587046705902307053e+01
1.323963505902305826e+01
1.955505105902307150e+01
2.271275905902305681e+01
3.060702905902307691e+01
3.376473705902306222e+01
5.345365059023066578e+00
2.587046705902305632e+01
2.271275905902308523e+01
4.165900705902308232e+01
2.429161305902306367e+01
2.744932105902306319e+01
1.797619705902306464e+01
3.534359105902305487e+01
1.955505105902307150e+01
4.323786105902306076e+01
3.850129905902306859e+01
2.587046705902305632e+01
1.955505105902307150e+01
1.008192705902305875e+01
1.166078105902307982e+01
4.797442305902306714e+01
2.113390505902307837e+01
3.376473705902304800e+01
1.481848905902305091e+01
3.218588305902306956e+01
2.113390505902306415e+01
2.271275905902308523e+01
2.744932105902304897e+01
1.481848905902307934e+01
3.850129905902306859e+01
1.166078105902307982e+01
2.113390505902307837e+01
2.113390505902307837e+01
1.481848905902307934e+01
4.008015305902306125e+01
3.218588305902306956e+01
6.088030590230602002e-01
-1.202202894097693786e+01
2.113390505902306415e+01
2.744932105902304897e+01
1.639734305902307199e+01
3.692244505902306173e+01
2.429161305902306367e+01
2.744932105902307740e+01
3.060702905902304849e+01
4.797442305902306714e+01
1.797619705902307885e+01
3.218588305902306956e+01
2.744932105902306319e+01
3.850129905902305438e+01
3.534359105902306908e+01
2.744932105902306319e+01
1.481848905902307934e+01
2.744932105902307740e+01
2.113390505902306415e+01
3.060702905902309112e+01
3.376473705902307643e+01
2.113390505902306415e+01
3.218588305902305535e+01
6.924219059023059231e+00
1.797619705902306464e+01
2.271275905902308523e+01
8.503073059023066094e+00
2.587046705902305632e+01
1.008192705902308717e+01
3.692244505902307594e+01
1.166078105902306561e+01
5.271098505902307352e+01
1.481848905902305091e+01
2.587046705902307053e+01
4.797442305902305293e+01
1.639734305902307199e+01
1.955505105902307150e+01
1.797619705902306464e+01
2.429161305902304946e+01
5.345365059023066578e+00
3.534359105902306908e+01
1.481848905902306512e+01
2.902817505902307005e+01
5.345365059023066578e+00
3.218588305902305535e+01
2.902817505902305584e+01
3.534359105902306908e+01
2.744932105902304897e+01
1.639734305902307199e+01
3.376473705902304800e+01
2.271275905902308523e+01
3.218588305902306956e+01
6.924219059023059231e+00
2.271275905902305681e+01
8.503073059023066094e+00
2.429161305902307788e+01
3.850129905902306859e+01
4.165900705902305390e+01
3.692244505902306173e+01
2.744932105902307740e+01
5.113213105902306665e+01
3.534359105902306908e+01
2.587046705902307053e+01
1.323963505902305826e+01
4.797442305902305293e+01
4.955327705902305979e+01
1.797619705902307885e+01
2.744932105902307740e+01
3.218588305902305535e+01
2.271275905902307102e+01
3.060702905902307691e+01
1.639734305902307199e+01
1.639734305902305778e+01
1.166078105902306561e+01
3.850129905902305438e+01
3.060702905902307691e+01
5.744754705902306569e+01
1.008192705902307296e+01
3.060702905902306270e+01
2.902817505902305584e+01
3.060702905902306270e+01
3.534359105902305487e+01
2.113390505902307837e+01
2.271275905902307102e+01
3.534359105902308329e+01
5.428983905902305196e+01
2.429161305902306367e+01
2.902817505902305584e+01
4.165900705902306811e+01
3.060702905902304849e+01
2.271275905902307102e+01
2.271275905902307102e+01
2.744932105902307740e+01
4.165900705902306811e+01
3.692244505902307594e+01
2.744932105902306319e+01
2.902817505902307005e+01
4.955327705902308821e+01
3.534359105902308329e+01
3.376473705902306222e+01
3.218588305902309799e+01
1.797619705902306464e+01
3.692244505902306173e+01
3.692244505902307594e+01
3.060702905902307691e+01
1.797619705902306464e+01
3.376473705902307643e+01
3.376473705902307643e+01
1.166078105902307982e+01
1.955505105902307150e+01
4.323786105902307497e+01
2.744932105902306319e+01
4.797442305902306714e+01
4.639556905902306028e+01
3.692244505902307594e+01
2.902817505902307005e+01
4.008015305902304704e+01
3.376473705902307643e+01
3.376473705902306222e+01
4.955327705902307400e+01
5.271098505902305931e+01
3.534359105902305487e+01
3.060702905902307691e+01
4.008015305902307546e+01
2.271275905902307102e+01
6.924219059023087652e+00
3.534359105902306908e+01
3.060702905902304849e+01
2.587046705902307053e+01
1.323963505902307247e+01
2.744932105902307740e+01
3.376473705902306222e+01
3.060702905902306270e+01
2.587046705902307053e+01
3.534359105902305487e+01
3.534359105902305487e+01
4.797442305902308135e+01
3.534359105902306908e+01
2.744932105902307740e+01
2.271275905902307102e+01
2.902817505902307005e+01
3.850129905902305438e+01
2.902817505902307005e+01
4.165900705902305390e+01
3.692244505902304752e+01
4.008015305902306125e+01
2.429161305902307788e+01
6.924219059023073441e+00
3.060702905902306270e+01
3.692244505902306173e+01
5.586869305902307303e+01
1.639734305902307199e+01
3.692244505902304752e+01
4.165900705902305390e+01
4.639556905902307449e+01
3.692244505902307594e+01
2.744932105902306319e+01
2.113390505902307837e+01
5.345365059023080789e+00
1.797619705902306464e+01
3.060702905902307691e+01
3.218588305902305535e+01
2.113390505902307837e+01
1.639734305902305778e+01
6.924219059023087652e+00
1.323963505902307247e+01
2.271275905902307102e+01
1.797619705902307885e+01
2.429161305902307788e+01
1.955505105902305729e+01
4.639556905902307449e+01
1.797619705902306464e+01
6.088030590230744110e-01
2.744932105902306319e+01
2.429161305902306367e+01
3.850129905902305438e+01
2.271275905902307102e+01
3.850129905902306859e+01
2.587046705902307053e+01
4.797442305902305293e+01
2.429161305902306367e+01
1.481848905902307934e+01
2.587046705902305632e+01
3.850129905902306859e+01
2.113390505902307837e+01
3.850129905902305438e+01
1.639734305902307199e+01
4.008015305902306125e+01
3.060702905902306270e+01
4.165900705902306811e+01
1.797619705902306464e+01
-2.548904940976925104e+00
2.587046705902307053e+01
1.481848905902306512e+01
2.429161305902306367e+01
1.481848905902307934e+01
5.271098505902304510e+01
2.587046705902305632e+01
3.218588305902306956e+01
3.766511059023088137e+00
3.692244505902306173e+01
1.481848905902306512e+01
3.376473705902307643e+01
3.534359105902305487e+01
1.639734305902305778e+01
4.955327705902308821e+01
2.113390505902306415e+01
3.850129905902306859e+01
3.376473705902307643e+01
3.060702905902306270e+01
4.165900705902306811e+01
2.429161305902307788e+01
4.797442305902306714e+01
1.323963505902305826e+01
2.429161305902307788e+01
2.587046705902308474e+01
3.060702905902306270e+01
3.534359105902306908e+01
3.692244505902306173e+01
2.271275905902307102e+01
2.113390505902306415e+01
4.165900705902308232e+01
1.639734305902307199e+01
2.187657059023081274e+00
1.797619705902307885e+01
4.481671505902308184e+01
2.744932105902306319e+01
3.060702905902306270e+01
5.586869305902307303e+01
1.797619705902306464e+01
1.166078105902307982e+01
1.481848905902307934e+01
2.902817505902307005e+01
1.955505105902308571e+01
2.587046705902308474e+01
1.166078105902307982e+01
2.429161305902307788e+01
1.166078105902307982e+01
3.534359105902306908e+01
3.692244505902306173e+01
2.429161305902306367e+01
2.587046705902307053e+01
1.797619705902307885e+01
2.113390505902307837e+01
-9.700509409769253466e-01
3.534359105902305487e+01
4.008015305902304704e+01
2.587046705902308474e+01
1.797619705902306464e+01
6.924219059023073441e+00
4.481671505902306762e+01
2.587046705902305632e+01
3.376473705902306222e+01
3.060702905902306270e+01
2.902817505902305584e+01
2.429161305902307788e+01
2.271275905902308523e+01
2.187657059023067063e+00
5.345365059023066578e+00
3.534359105902305487e+01
2.744932105902307740e+01
4.639556905902306028e+01
1.797619705902307885e+01
8.503073059023051883e+00
4.165900705902306811e+01
3.692244505902306173e+01
4.008015305902307546e+01
3.218588305902308377e+01
3.060702905902306270e+01
3.534359105902305487e+01
2.902817505902308426e+01
3.060702905902306270e+01
3.060702905902306270e+01
3.534359105902305487e+01
3.376473705902306222e+01
4.481671505902305341e+01
2.744932105902307740e+01
1.955505105902308571e+01
3.060702905902307691e+01
2.271275905902305681e+01
2.113390505902306415e+01
1.797619705902306464e+01
1.481848905902307934e+01
1.323963505902305826e+01
4.008015305902307546e+01
2.744932105902306319e+01
2.429161305902306367e+01
2.744932105902304897e+01
2.744932105902306319e+01
2.587046705902305632e+01
4.639556905902310291e+01
6.924219059023073441e+00
2.902817505902307005e+01
2.902817505902308426e+01
1.166078105902307982e+01
1.955505105902308571e+01
3.218588305902306956e+01
4.165900705902306811e+01
8.503073059023080305e+00
2.744932105902306319e+01
1.323963505902307247e+01
5.428983905902309459e+01
1.797619705902306464e+01
1.955505105902308571e+01
3.218588305902305535e+01
1.481848905902307934e+01
1.797619705902307885e+01
3.534359105902306908e+01
1.797619705902307885e+01
2.271275905902305681e+01
1.639734305902308620e+01
3.218588305902306956e+01
5.345365059023066578e+00
3.376473705902306222e+01
1.166078105902306561e+01
2.429161305902306367e+01
1.639734305902305778e+01
1.166078105902306561e+01
3.534359105902306908e+01
3.692244505902307594e+01
6.924219059023073441e+00
2.113390505902307837e+01
3.850129905902306859e+01
2.113390505902307837e+01
2.429161305902306367e+01
2.429161305902306367e+01
2.744932105902307740e+01
1.797619705902306464e+01
4.323786105902308918e+01
1.481848905902306512e+01
2.902817505902305584e+01
2.587046705902307053e+01
2.902817505902307005e+01
6.924219059023059231e+00
1.797619705902307885e+01
1.639734305902305778e+01
1.008192705902307296e+01
2.744932105902307740e+01
3.218588305902306956e+01
1.955505105902307150e+01
4.639556905902306028e+01
1.797619705902306464e+01
2.587046705902305632e+01
1.481848905902306512e+01
3.218588305902306956e+01
3.376473705902304800e+01
1.955505105902305729e+01
3.850129905902306859e+01
2.429161305902306367e+01
3.376473705902306222e+01
3.692244505902306173e+01
3.692244505902306173e+01
3.060702905902307691e+01
2.744932105902304897e+01
3.060702905902306270e+01
1.166078105902306561e+01
3.376473705902307643e+01
3.692244505902306173e+01
2.271275905902308523e+01
2.902817505902308426e+01
4.323786105902304655e+01
2.587046705902307053e+01
1.955505105902305729e+01
5.586869305902307303e+01
2.271275905902307102e+01
5.271098505902305931e+01
2.113390505902306415e+01
2.113390505902306415e+01
2.429161305902307788e+01
2.429161305902306367e+01
1.797619705902306464e+01
4.323786105902306076e+01
3.534359105902305487e+01
1.955505105902307150e+01
3.060702905902306270e+01
1.481848905902307934e+01
1.955505105902308571e+01
1.481848905902305091e+01
2.902817505902305584e+01
3.060702905902306270e+01
4.165900705902305390e+01
2.113390505902307837e+01
2.744932105902306319e+01
4.481671505902306762e+01
1.797619705902306464e+01
2.902817505902308426e+01
2.902817505902305584e+01
1.008192705902307296e+01
1.955505105902307150e+01
4.323786105902306076e+01
2.902817505902307005e+01
1.955505105902307150e+01
3.850129905902305438e+01
1.797619705902306464e+01
1.797619705902307885e+01
2.187657059023081274e+00
1.797619705902309306e+01
2.744932105902306319e+01
2.587046705902307053e+01
1.797619705902306464e+01
2.902817505902305584e+01
2.271275905902305681e+01
1.955505105902308571e+01
1.166078105902307982e+01
1.955505105902307150e+01
3.534359105902305487e+01
4.323786105902304655e+01
3.218588305902305535e+01
2.587046705902307053e+01
2.587046705902305632e+01
2.587046705902308474e+01
3.218588305902308377e+01
2.113390505902307837e+01
2.744932105902306319e+01
1.166078105902307982e+01
2.744932105902307740e+01
2.744932105902306319e+01
3.850129905902306859e+01
4.323786105902307497e+01
4.165900705902305390e+01
2.587046705902307053e+01
1.323963505902305826e+01
2.587046705902307053e+01
2.902817505902307005e+01
3.534359105902306908e+01
3.060702905902309112e+01
2.429161305902306367e+01
1.481848905902306512e+01
3.376473705902304800e+01
6.218410905902307206e+01
3.534359105902308329e+01
4.323786105902310339e+01
4.797442305902308135e+01
4.165900705902309653e+01
5.428983905902309459e+01
3.692244505902307594e+01
4.955327705902308821e+01
5.271098505902308773e+01
4.323786105902308918e+01
4.323786105902308918e+01
4.797442305902305293e+01
4.955327705902310242e+01
5.271098505902307352e+01
4.481671505902309605e+01
7.007837905902307796e+01
6.218410905902307206e+01
4.481671505902308184e+01
4.323786105902307497e+01
4.639556905902308870e+01
4.481671505902309605e+01
5.113213105902309508e+01
5.271098505902305931e+01
6.692067105902307844e+01
6.060525505902309362e+01
5.428983905902308038e+01
3.850129905902306859e+01
4.008015305902307546e+01
5.428983905902308038e+01
5.428983905902308038e+01
5.902640105902308676e+01
4.481671505902308184e+01
7.165723305902308482e+01
6.849952505902307109e+01
4.639556905902307449e+01
4.797442305902308135e+01
4.165900705902308232e+01
3.376473705902307643e+01
6.692067105902306423e+01
7.481494105902309855e+01
3.376473705902309064e+01
5.744754705902307990e+01
5.744754705902307990e+01
6.060525505902307941e+01
6.060525505902307941e+01
3.850129905902306859e+01
7.323608705902307747e+01
6.218410905902307206e+01
4.008015305902307546e+01
3.534359105902306908e+01
5.586869305902308724e+01
5.428983905902309459e+01
3.850129905902309702e+01
5.113213105902306665e+01
7.007837905902307796e+01
6.376296305902309314e+01
4.639556905902307449e+01
6.534181705902308579e+01
5.586869305902308724e+01
5.902640105902307255e+01
4.323786105902310339e+01
3.376473705902309064e+01
4.008015305902307546e+01
5.902640105902308676e+01
4.008015305902307546e+01
4.165900705902305390e+01
5.113213105902309508e+01
4.955327705902307400e+01
6.218410905902308627e+01
6.060525505902307941e+01
4.481671505902309605e+01
5.428983905902309459e+01
3.850129905902309702e+01
4.008015305902308967e+01
5.271098505902308773e+01
6.060525505902307941e+01
6.060525505902307941e+01
3.218588305902309799e+01
4.639556905902307449e+01
3.850129905902308280e+01
5.586869305902308724e+01
7.639379505902306278e+01
7.323608705902307747e+01
5.428983905902308038e+01
5.744754705902309411e+01
2.587046705902307053e+01
5.902640105902307255e+01
5.902640105902308676e+01
4.481671505902306762e+01
4.639556905902307449e+01
5.586869305902308724e+01
4.955327705902310242e+01
5.113213105902306665e+01
4.955327705902307400e+01
5.586869305902308724e+01
3.218588305902309799e+01
5.113213105902308087e+01
4.955327705902305979e+01
6.218410905902308627e+01
4.639556905902307449e+01
6.534181705902307158e+01
2.587046705902309895e+01
6.534181705902307158e+01
5.902640105902307255e+01
5.428983905902308038e+01
4.955327705902308821e+01
6.692067105902306423e+01
4.323786105902310339e+01
6.218410905902308627e+01
4.797442305902309556e+01
5.744754705902306569e+01
4.481671505902308184e+01
5.586869305902310145e+01
6.376296305902306472e+01
5.271098505902310194e+01
7.323608705902309168e+01
5.271098505902308773e+01
6.692067105902306423e+01
5.271098505902310194e+01
6.060525505902309362e+01
6.376296305902309314e+01
4.955327705902308821e+01
6.692067105902307844e+01
5.586869305902307303e+01
6.218410905902307206e+01
6.376296305902306472e+01
6.060525505902309362e+01
6.218410905902308627e+01
5.271098505902310194e+01
4.481671505902308184e+01
5.902640105902308676e+01
4.165900705902308232e+01
3.850129905902308280e+01
3.534359105902305487e+01
5.902640105902307255e+01
4.797442305902308135e+01
4.323786105902308918e+01
4.955327705902307400e+01
4.797442305902308135e+01
4.797442305902309556e+01
5.428983905902308038e+01
6.376296305902309314e+01
5.586869305902310145e+01
5.271098505902307352e+01
4.797442305902309556e+01
5.271098505902307352e+01
4.165900705902308232e+01
3.692244505902309015e+01
4.639556905902308870e+01
3.060702905902309112e+01
6.060525505902309362e+01
5.586869305902308724e+01
6.376296305902307893e+01
5.271098505902310194e+01
6.692067105902307844e+01
4.008015305902310388e+01
7.165723305902308482e+01
4.323786105902308918e+01
5.428983905902308038e+01
5.744754705902309411e+01
4.323786105902307497e+01
6.376296305902307893e+01
5.744754705902307990e+01
4.639556905902307449e+01
4.639556905902308870e+01
6.692067105902309265e+01
6.376296305902307893e+01
5.113213105902309508e+01
4.323786105902308918e+01
4.955327705902308821e+01
5.744754705902309411e+01
4.323786105902308918e+01
4.008015305902310388e+01
4.323786105902308918e+01
5.428983905902309459e+01
6.060525505902307941e+01
5.113213105902309508e+01
5.744754705902307990e+01
5.113213105902308087e+01
4.481671505902308184e+01
5.586869305902307303e+01
6.218410905902308627e+01
5.586869305902308724e+01
5.902640105902310097e+01
4.165900705902308232e+01
6.849952505902308530e+01
7.639379505902306278e+01
5.428983905902308038e+01
5.744754705902309411e+01
5.113213105902308087e+01
5.113213105902308087e+01
5.113213105902309508e+01
4.323786105902307497e+01
6.060525505902307941e+01
6.692067105902306423e+01
4.639556905902307449e+01
3.850129905902309702e+01
6.376296305902307893e+01
4.639556905902307449e+01
4.797442305902308135e+01
7.639379505902306278e+01
5.113213105902309508e+01
6.376296305902309314e+01
3.850129905902309702e+01
5.271098505902310194e+01
5.902640105902307255e+01
4.955327705902308821e+01
4.955327705902308821e+01
4.323786105902308918e+01
6.849952505902307109e+01
4.639556905902310291e+01
4.165900705902309653e+01
6.534181705902308579e+01
4.797442305902309556e+01
5.428983905902309459e+01
6.534181705902307158e+01
5.902640105902307255e+01
2.587046705902309895e+01
4.323786105902308918e+01
4.639556905902307449e+01
3.850129905902306859e+01
6.060525505902307941e+01
6.218410905902308627e+01
4.639556905902308870e+01
6.692067105902309265e+01
6.692067105902307844e+01
6.218410905902307206e+01
6.376296305902307893e+01
5.113213105902308087e+01
5.271098505902307352e+01
7.481494105902307012e+01
5.586869305902308724e+01
5.271098505902310194e+01
8.428806505902308288e+01
7.481494105902307012e+01
6.376296305902309314e+01
4.639556905902307449e+01
6.376296305902309314e+01
5.586869305902308724e+01
4.955327705902310242e+01
5.744754705902306569e+01
5.428983905902308038e+01
5.271098505902308773e+01
6.218410905902308627e+01
7.955150305902307650e+01
7.007837905902307796e+01
6.060525505902309362e+01
6.218410905902307206e+01
7.165723305902307061e+01
6.218410905902308627e+01
7.323608705902307747e+01
7.007837905902307796e+01
5.113213105902309508e+01
6.218410905902308627e+01
5.586869305902307303e+01
6.218410905902307206e+01
5.113213105902308087e+01
5.902640105902307255e+01
5.586869305902307303e+01
5.744754705902307990e+01
5.902640105902308676e+01
4.165900705902308232e+01
3.692244505902307594e+01
4.955327705902308821e+01
5.744754705902309411e+01
5.113213105902308087e+01
4.797442305902308135e+01
4.481671505902308184e+01
4.165900705902309653e+01
6.218410905902308627e+01
5.586869305902308724e+01
7.323608705902307747e+01
5.744754705902307990e+01
5.902640105902307255e+01
4.323786105902310339e+01
4.008015305902307546e+01
4.955327705902308821e+01
4.323786105902308918e+01
5.902640105902308676e+01
6.849952505902308530e+01
6.218410905902307206e+01
5.271098505902310194e+01
6.218410905902307206e+01
4.008015305902308967e+01
4.481671505902309605e+01
5.113213105902309508e+01
5.113213105902308087e+01
4.165900705902309653e+01
6.849952505902308530e+01
7.165723305902307061e+01
6.376296305902307893e+01
6.849952505902308530e+01
4.955327705902308821e+01
5.113213105902309508e+01
4.797442305902309556e+01
4.797442305902308135e+01
7.007837905902309217e+01
5.902640105902307255e+01
6.376296305902306472e+01
5.428983905902309459e+01
4.008015305902310388e+01
6.060525505902309362e+01
4.165900705902308232e+01
5.428983905902308038e+01
4.955327705902307400e+01
6.218410905902308627e+01
5.428983905902309459e+01
6.692067105902309265e+01
6.534181705902308579e+01
4.481671505902308184e+01
6.060525505902309362e+01
4.639556905902307449e+01
5.428983905902308038e+01
5.113213105902309508e+01
6.692067105902307844e+01
5.744754705902309411e+01
6.692067105902309265e+01
4.165900705902308232e+01
6.376296305902307893e+01
4.797442305902308135e+01
4.481671505902309605e+01
3.692244505902309015e+01
6.060525505902307941e+01
3.850129905902309702e+01
3.534359105902308329e+01
4.797442305902308135e+01
6.060525505902307941e+01
6.376296305902309314e+01
7.639379505902307699e+01
3.376473705902307643e+01
5.744754705902307990e+01
4.955327705902307400e+01
5.113213105902309508e+01
5.586869305902310145e+01
5.744754705902307990e+01
6.218410905902307206e+01
3.534359105902308329e+01
4.955327705902308821e+01
5.744754705902309411e+01
5.271098505902308773e+01
5.271098505902307352e+01
5.586869305902310145e+01
4.639556905902308870e+01
5.744754705902306569e+01
5.428983905902308038e+01
6.376296305902309314e+01
6.692067105902307844e+01
6.060525505902309362e+01
6.376296305902307893e+01
6.534181705902307158e+01
6.218410905902308627e+01
3.692244505902309015e+01
6.534181705902307158e+01
5.902640105902308676e+01
6.376296305902306472e+01
6.534181705902308579e+01
4.481671505902309605e+01
4.955327705902308821e+01
2.587046705902307053e+01
5.428983905902308038e+01
5.586869305902308724e+01
5.271098505902310194e+01
3.692244505902309015e+01
4.008015305902307546e+01
4.323786105902310339e+01
4.797442305902309556e+01
6.692067105902307844e+01
3.534359105902308329e+01
3.060702905902309112e+01
5.744754705902309411e+01
4.481671505902309605e+01
7.323608705902307747e+01
4.323786105902308918e+01
7.007837905902307796e+01
4.165900705902308232e+01
6.218410905902307206e+01
4.165900705902308232e+01
7.797264905902308385e+01
5.902640105902310097e+01
5.428983905902308038e+01
4.797442305902309556e+01
3.060702905902309112e+01
4.797442305902308135e+01
5.428983905902308038e+01
5.113213105902309508e+01
4.008015305902308967e+01
5.744754705902309411e+01
4.481671505902309605e+01
5.902640105902308676e+01
4.955327705902310242e+01
5.744754705902309411e+01
4.481671505902308184e+01
3.850129905902308280e+01
5.271098505902310194e+01
5.902640105902307255e+01
5.428983905902309459e+01
3.376473705902307643e+01
5.744754705902307990e+01
6.534181705902307158e+01
5.744754705902309411e+01
4.008015305902308967e+01
5.902640105902307255e+01
6.534181705902308579e+01
2.902817505902311268e+01
3.218588305902306956e+01
6.534181705902310000e+01
4.797442305902309556e+01
5.586869305902308724e+01
3.218588305902306956e+01
5.271098505902307352e+01
4.955327705902308821e+01
5.271098505902310194e+01
6.849952505902308530e+01
5.586869305902307303e+01
5.113213105902306665e+01
1.639734305902305778e+01
5.902640105902308676e+01
4.481671505902309605e+01
4.481671505902306762e+01
7.323608705902309168e+01
5.744754705902307990e+01
4.008015305902308967e+01
4.797442305902309556e+01
4.639556905902307449e+01
4.955327705902307400e+01
6.692067105902307844e+01
5.271098505902308773e+01
5.744754705902307990e+01
4.797442305902308135e+01
4.639556905902310291e+01
5.744754705902309411e+01
4.797442305902309556e+01
4.323786105902308918e+01
6.218410905902308627e+01
3.692244505902309015e+01
5.744754705902307990e+01
4.008015305902308967e+01
6.060525505902307941e+01
4.955327705902308821e+01
4.481671505902309605e+01
7.165723305902307061e+01
5.902640105902307255e+01
6.849952505902308530e+01
5.113213105902309508e+01
5.113213105902309508e+01
8.113035705902306916e+01
4.481671505902308184e+01
5.586869305902308724e+01
6.060525505902309362e+01
4.797442305902308135e+01
6.849952505902307109e+01
6.534181705902308579e+01
4.008015305902310388e+01
2.902817505902308426e+01
5.586869305902308724e+01
6.376296305902309314e+01
5.902640105902307255e+01
4.008015305902308967e+01
4.639556905902310291e+01
7.007837905902309217e+01
4.955327705902307400e+01
5.113213105902308087e+01
3.218588305902309799e+01
5.586869305902310145e+01
4.955327705902308821e+01
4.481671505902309605e+01
4.008015305902307546e+01
6.060525505902307941e+01
4.165900705902309653e+01
4.481671505902306762e+01
5.586869305902307303e+01
4.323786105902310339e+01
4.639556905902308870e+01
5.902640105902307255e+01
3.850129905902306859e+01
3.534359105902309750e+01
5.113213105902309508e+01
6.218410905902308627e+01
6.692067105902307844e+01
5.902640105902308676e+01
3.850129905902309702e+01
5.902640105902308676e+01
4.323786105902308918e+01
5.744754705902307990e+01
3.376473705902307643e+01
4.008015305902307546e+01
4.165900705902308232e+01
4.323786105902308918e+01
6.692067105902309265e+01
2.744932105902307740e+01
4.797442305902310977e+01
5.113213105902308087e+01
5.271098505902310194e+01
6.534181705902308579e+01
4.008015305902308967e+01
5.744754705902309411e+01
4.639556905902308870e+01
5.902640105902307255e+01
5.428983905902309459e+01
6.376296305902307893e+01
6.060525505902309362e+01
6.060525505902307941e+01
7.165723305902307061e+01
6.376296305902309314e+01
5.744754705902309411e+01
6.060525505902309362e+01
7.797264905902306964e+01
5.586869305902308724e+01
5.271098505902307352e+01
4.639556905902307449e+01
6.534181705902310000e+01
6.376296305902306472e+01
6.376296305902309314e+01
4.165900705902309653e+01
5.271098505902310194e+01
4.797442305902308135e+01
4.008015305902308967e+01
5.744754705902307990e+01
6.849952505902308530e+01
4.165900705902309653e+01
6.218410905902307206e+01
6.060525505902307941e+01
7.639379505902309120e+01
1.955505105902309992e+01
6.692067105902307844e+01
4.955327705902307400e+01
5.271098505902310194e+01
4.797442305902308135e+01
3.534359105902308329e+01
4.955327705902310242e+01
4.481671505902309605e+01
6.060525505902309362e+01
5.113213105902306665e+01
4.008015305902307546e+01
3.850129905902308280e+01
6.692067105902307844e+01
5.902640105902310097e+01
6.060525505902309362e+01
4.797442305902309556e+01
5.271098505902307352e+01
4.008015305902307546e+01
4.797442305902310977e+01
4.639556905902307449e+01
5.586869305902310145e+01
4.008015305902310388e+01
5.271098505902307352e+01
5.113213105902309508e+01
4.797442305902308135e+01
3.060702905902309112e+01
6.060525505902309362e+01
5.428983905902308038e+01
4.639556905902310291e+01
6.218410905902307206e+01
5.586869305902308724e+01
4.797442305902308135e+01
6.692067105902307844e+01
5.902640105902307255e+01
5.902640105902310097e+01
6.218410905902308627e+01
5.271098505902307352e+01
6.376296305902307893e+01
6.060525505902309362e+01
7.323608705902309168e+01
8.113035705902306916e+01
4.797442305902309556e+01
1.000766050590230662e+02
5.586869305902310145e+01
5.586869305902308724e+01
3.376473705902310485e+01
3.692244505902309015e+01
5.744754705902307990e+01
5.428983905902308038e+01
5.744754705902307990e+01
4.639556905902308870e+01
6.060525505902307941e+01
6.692067105902309265e+01
5.902640105902308676e+01
6.692067105902309265e+01
7.639379505902307699e+01
4.955327705902310242e+01
4.955327705902310242e+01
7.007837905902307796e+01
7.797264905902308385e+01
8.902462705902307505e+01
6.376296305902307893e+01
4.797442305902309556e+01
6.376296305902307893e+01
8.428806505902306867e+01
5.586869305902308724e+01
4.481671505902309605e+01
4.955327705902308821e+01
4.481671505902308184e+01
7.955150305902309071e+01
5.902640105902307255e+01
6.692067105902309265e+01
6.060525505902307941e+01
5.744754705902307990e+01
4.008015305902307546e+01
6.218410905902308627e+01
6.534181705902308579e+01
4.165900705902309653e+01
6.376296305902309314e+01
6.218410905902307206e+01
6.218410905902308627e+01
7.007837905902309217e+01
7.323608705902306326e+01
6.060525505902307941e+01
4.323786105902308918e+01
8.744577305902306819e+01
6.376296305902307893e+01
6.376296305902307893e+01
3.850129905902306859e+01
3.692244505902309015e+01
4.639556905902307449e+01
5.902640105902307255e+01
4.639556905902310291e+01
3.850129905902308280e+01
4.955327705902308821e+01
3.218588305902309799e+01
5.744754705902309411e+01
7.797264905902309806e+01
5.428983905902308038e+01
5.113213105902308087e+01
5.744754705902307990e+01
6.692067105902307844e+01
5.744754705902307990e+01
7.797264905902308385e+01
5.586869305902307303e+01
6.849952505902309952e+01
5.113213105902309508e+01
7.007837905902309217e+01
6.218410905902310049e+01
6.218410905902310049e+01
7.323608705902309168e+01
3.692244505902309015e+01
4.797442305902308135e+01
7.481494105902308434e+01
6.849952505902308530e+01
5.902640105902308676e+01
6.376296305902307893e+01
6.376296305902309314e+01
5.428983905902309459e+01
6.849952505902308530e+01
5.271098505902308773e+01
6.060525505902309362e+01
4.797442305902309556e+01
5.586869305902307303e+01
6.534181705902308579e+01
5.428983905902309459e+01
6.060525505902307941e+01
4.797442305902308135e+01
4.955327705902308821e+01
5.902640105902308676e+01
6.849952505902308530e+01
4.639556905902308870e+01
5.744754705902307990e+01
5.113213105902308087e+01
6.060525505902307941e+01
4.481671505902309605e+01
4.797442305902309556e+01
6.692067105902309265e+01
4.323786105902308918e+01
4.955327705902310242e+01
5.586869305902308724e+01
5.586869305902308724e+01
3.692244505902307594e+01
4.481671505902309605e+01
6.218410905902308627e+01
5.271098505902308773e+01
5.744754705902307990e+01
3.060702905902309112e+01
5.113213105902309508e+01
4.008015305902307546e+01
4.481671505902309605e+01
5.902640105902308676e+01
4.639556905902310291e+01
7.323608705902307747e+01
6.218410905902308627e+01
5.744754705902307990e+01
2.902817505902308426e+01
7.323608705902309168e+01
5.902640105902307255e+01
4.797442305902309556e+01
4.639556905902307449e+01
4.797442305902308135e+01
7.007837905902307796e+01
4.165900705902309653e+01
7.481494105902308434e+01
6.376296305902307893e+01
6.376296305902309314e+01
4.797442305902309556e+01
6.692067105902309265e+01
5.902640105902308676e+01
5.902640105902308676e+01
7.323608705902306326e+01
4.481671505902306762e+01
5.428983905902308038e+01
2.429161305902309209e+01
7.007837905902307796e+01
5.271098505902308773e+01
4.323786105902308918e+01
5.428983905902310880e+01
7.481494105902307012e+01
5.113213105902308087e+01
4.008015305902310388e+01
5.586869305902307303e+01
6.218410905902310049e+01
5.113213105902309508e+01
3.376473705902310485e+01
5.428983905902308038e+01
6.060525505902307941e+01
5.271098505902308773e+01
5.271098505902308773e+01
3.534359105902308329e+01
4.323786105902308918e+01
6.692067105902309265e+01
5.744754705902309411e+01
6.376296305902307893e+01
3.692244505902309015e+01
6.218410905902310049e+01
3.850129905902309702e+01
4.797442305902308135e+01
5.586869305902307303e+01
4.008015305902307546e+01
4.008015305902310388e+01
4.955327705902308821e+01
5.744754705902309411e+01
3.534359105902309750e+01
5.902640105902308676e+01
2.587046705902309895e+01
5.113213105902309508e+01
6.534181705902308579e+01
4.639556905902307449e+01
4.955327705902310242e+01
3.692244505902309015e+01
3.534359105902308329e+01
3.692244505902309015e+01
2.902817505902311268e+01
3.060702905902309112e+01
4.955327705902308821e+01
3.850129905902308280e+01
5.113213105902306665e+01
5.271098505902307352e+01
3.534359105902311171e+01
4.797442305902309556e+01
3.850129905902309702e+01
4.955327705902308821e+01
2.587046705902308474e+01
3.692244505902310436e+01
5.586869305902310145e+01
2.744932105902307740e+01
4.481671505902309605e+01
4.639556905902307449e+01
5.428983905902308038e+01
7.323608705902306326e+01
5.113213105902308087e+01
4.797442305902308135e+01
6.218410905902308627e+01
7.639379505902309120e+01
4.955327705902308821e+01
3.376473705902307643e+01
5.428983905902309459e+01
4.639556905902310291e+01
3.376473705902310485e+01
6.534181705902310000e+01
5.428983905902308038e+01
5.428983905902309459e+01
7.007837905902309217e+01
3.376473705902307643e+01
4.797442305902308135e+01
5.902640105902310097e+01
4.481671505902309605e+01
5.586869305902308724e+01
4.955327705902308821e+01
3.692244505902309015e+01
7.323608705902307747e+01
6.376296305902307893e+01
3.692244505902309015e+01
3.060702905902307691e+01
7.007837905902307796e+01
5.586869305902308724e+01
4.008015305902308967e+01
8.270921105902306181e+01
5.113213105902308087e+01
4.797442305902309556e+01
4.165900705902309653e+01
4.797442305902309556e+01
4.955327705902308821e+01
5.744754705902309411e+01
5.271098505902310194e+01
4.481671505902309605e+01
5.428983905902308038e+01
6.849952505902307109e+01
7.165723305902308482e+01
6.534181705902310000e+01
6.060525505902307941e+01
5.902640105902308676e+01
5.586869305902308724e+01
6.692067105902307844e+01
6.218410905902307206e+01
4.639556905902308870e+01
6.218410905902308627e+01
4.797442305902308135e+01
4.008015305902310388e+01
6.849952505902308530e+01
4.955327705902307400e+01
5.586869305902308724e+01
5.744754705902307990e+01
5.586869305902308724e+01
5.271098505902308773e+01
5.902640105902308676e+01
4.481671505902309605e+01
6.692067105902306423e+01
5.902640105902308676e+01
4.481671505902306762e+01
5.586869305902310145e+01
6.692067105902309265e+01
4.008015305902310388e+01
4.797442305902308135e+01
4.639556905902310291e+01
7.955150305902307650e+01
6.376296305902309314e+01
3.534359105902311171e+01
5.902640105902308676e+01
4.955327705902307400e+01
6.060525505902309362e+01
4.481671505902309605e+01
5.744754705902307990e+01
3.692244505902309015e+01
5.744754705902307990e+01
5.902640105902308676e+01
5.271098505902307352e+01
5.744754705902309411e+01
7.165723305902308482e+01
3.218588305902306956e+01
6.218410905902308627e+01
5.428983905902308038e+01
5.271098505902310194e+01
5.271098505902307352e+01
4.955327705902308821e+01
5.271098505902308773e+01
6.218410905902308627e+01
5.113213105902309508e+01
5.586869305902308724e+01
5.744754705902309411e+01
7.323608705902309168e+01
4.481671505902309605e+01
4.797442305902308135e+01
5.902640105902308676e+01
4.639556905902308870e+01
4.481671505902309605e+01
6.376296305902309314e+01
5.113213105902306665e+01
5.113213105902309508e+01
5.428983905902309459e+01
5.428983905902308038e+01
4.008015305902310388e+01
5.744754705902307990e+01
6.218410905902307206e+01
5.113213105902306665e+01
5.113213105902306665e+01
5.744754705902307990e+01
6.534181705902307158e+01
4.165900705902308232e+01
5.113213105902308087e+01
4.955327705902308821e+01
6.849952505902309952e+01
5.113213105902309508e+01
5.271098505902307352e+01
5.428983905902308038e+01
5.271098505902308773e+01
6.060525505902309362e+01
4.797442305902308135e+01
4.639556905902308870e+01
4.955327705902308821e+01
4.008015305902307546e+01
6.376296305902309314e+01
5.113213105902306665e+01
5.428983905902308038e+01
6.534181705902308579e+01
5.744754705902309411e+01
5.744754705902307990e+01
4.165900705902308232e+01
6.218410905902310049e+01
5.744754705902307990e+01
6.692067105902307844e+01
6.060525505902307941e+01
5.271098505902310194e+01
5.271098505902307352e+01
5.271098505902310194e+01
5.271098505902310194e+01
4.323786105902310339e+01
4.639556905902310291e+01
5.271098505902308773e+01
3.376473705902310485e+01
3.692244505902309015e+01
5.113213105902309508e+01
5.113213105902308087e+01
5.428983905902309459e+01
6.060525505902309362e+01
7.165723305902307061e+01
2.587046705902307053e+01
4.481671505902309605e+01
6.218410905902308627e+01
6.849952505902309952e+01
5.902640105902308676e+01
5.902640105902310097e+01
3.850129905902309702e+01
5.113213105902306665e+01
4.639556905902310291e+01
5.744754705902309411e+01
4.797442305902308135e+01
5.113213105902309508e+01
4.008015305902307546e+01
4.955327705902307400e+01
4.481671505902306762e+01
6.218410905902307206e+01
6.849952505902307109e+01
3.850129905902309702e+01
5.586869305902308724e+01
5.586869305902310145e+01
5.744754705902309411e+01
5.744754705902309411e+01
4.797442305902308135e+01
6.376296305902307893e+01
3.534359105902308329e+01
6.060525505902309362e+01
4.955327705902310242e+01
4.955327705902308821e+01
5.902640105902307255e+01
3.534359105902311171e+01
5.113213105902309508e+01
5.586869305902308724e+01
5.113213105902309508e+01
6.060525505902307941e+01
6.849952505902308530e+01
4.323786105902308918e+01
6.060525505902307941e+01
3.692244505902307594e+01
4.797442305902308135e+01
4.323786105902308918e+01
4.323786105902308918e+01
6.692067105902307844e+01
6.376296305902307893e+01
3.692244505902309015e+01
7.165723305902308482e+01
5.271098505902307352e+01
7.323608705902309168e+01
5.271098505902307352e+01
4.639556905902308870e+01
5.586869305902308724e+01
5.586869305902308724e+01
5.428983905902308038e+01
7.007837905902309217e+01
4.955327705902308821e+01
7.481494105902308434e+01
4.008015305902307546e+01
4.797442305902308135e+01
6.376296305902309314e+01
4.955327705902308821e+01
5.428983905902308038e+01
5.113213105902309508e+01
3.692244505902309015e+01
4.008015305902310388e+01
6.376296305902309314e+01
4.955327705902308821e+01
4.323786105902308918e+01
6.218410905902307206e+01
4.639556905902310291e+01
7.007837905902309217e+01
4.797442305902308135e+01
3.534359105902308329e+01
5.744754705902306569e+01
5.113213105902308087e+01
5.428983905902308038e+01
3.692244505902309015e+01
4.323786105902308918e+01
2.429161305902309209e+01
4.323786105902308918e+01
4.797442305902308135e+01
4.481671505902309605e+01
4.797442305902308135e+01
5.902640105902307255e+01
5.586869305902307303e+01
3.692244505902309015e+01
4.323786105902308918e+01
5.428983905902309459e+01
4.797442305902308135e+01
3.850129905902308280e+01
4.797442305902309556e+01
3.218588305902306956e+01
4.008015305902307546e+01
3.850129905902309702e+01
4.008015305902307546e+01
3.218588305902306956e+01
5.428983905902308038e+01
4.165900705902311074e+01
4.481671505902306762e+01
4.639556905902310291e+01
4.165900705902308232e+01
9.360932428811429418e+01
-1.062111803711885841e+03
2.035792288114294024e+00
2.546524322881143689e+02
1.150891628811427836e+01
-1.432187757118857121e+02
-2.126883517118856730e+02
-2.963676137118856673e+02
-3.279446937118856908e+02
-3.437332337118857026e+02
-3.847834377118857105e+02
-4.210970797118857263e+02
-4.479375977118857577e+02
-4.605684297118856989e+02
-4.731992617118857538e+02
-4.684626997118855911e+02
-4.637261377118857695e+02
-4.953032177118857931e+02
-4.795146777118856676e+02
-4.637261377118857126e+02
-4.716204077118856617e+02
-4.763569697118857107e+02
-4.747781157118856754e+02
-4.921455097118857225e+02
-4.810935317118857029e+02
-4.747781157118857891e+02
-4.795146777118857244e+02
-4.637261377118857126e+02
-4.368856197118856812e+02
-4.495164517118856793e+02
-4.305702037118857106e+02
-4.353067657118856459e+02
-4.400433277118856950e+02
-4.258336417118856616e+02
-4.163605177118857341e+02
-4.053085397118856577e+02
-4.021508317118857008e+02
-3.895199997118856459e+02
-3.784680217118857399e+02
-3.800468757118856615e+02
-3.816257297118856968e+02
-3.547852117118857223e+02
-3.674160437118857203e+02
-3.547852117118857223e+02
-3.579429197118857928e+02
-3.421543797118856673e+02
-3.295235477118857261e+02
-3.121561537118856791e+02
-3.263658397118856556e+02
-3.074195917118856869e+02
-3.058407377118856516e+02
-3.121561537118856791e+02
-2.916310517118856751e+02
-2.868944897118857398e+02
-2.900521977118856967e+02
-2.790002197118857339e+02
-2.726848037118856496e+02
-2.742636577118856849e+02
-2.742636577118856849e+02
-2.616328257118857437e+02
-2.600539717118856515e+02
-2.505808477118857240e+02
-2.395288697118857044e+02
-2.426865777118857181e+02
-2.426865777118857181e+02
-2.458442857118857319e+02
-2.411077237118856829e+02
-2.379500157118857260e+02
-2.047940817118857240e+02
-2.284768917118856848e+02
-2.205826217118857357e+02
-2.079517897118857377e+02
-2.316345997118856985e+02
-2.142672057118857083e+02
-1.984786657118857534e+02
-2.347923077118856838e+02
-2.190037677118857573e+02
-2.205826217118856789e+02
-2.142672057118857083e+02
-1.937421037118857328e+02
-2.032152277118856887e+02
-2.111094977118856946e+02
-2.047940817118857240e+02
-2.047940817118857524e+02
-1.937421037118857328e+02
-1.874266877118857337e+02
-1.763747097118857141e+02
-2.032152277118857455e+02
-1.779535637118856926e+02
-1.795324177118857278e+02
-1.700592937118857435e+02
-1.432187757118856837e+02
-1.700592937118857435e+02
-1.921632497118857543e+02
-1.811112717118857063e+02
-1.795324177118857278e+02
-1.605861697118857023e+02
-1.700592937118857435e+02
-1.826901257118856847e+02
-1.463764837118856690e+02
-1.574284617118856602e+02
-1.621650237118856808e+02
-1.479553377118856474e+02
-1.747958557118857357e+02
-1.558496077118856533e+02
-1.605861697118856455e+02
-1.463764837118857258e+02
-1.463764837118856690e+02
-1.621650237118856808e+02
-1.511130457118856611e+02
-1.495341917118856827e+02
-1.590073157118856670e+02
-1.495341917118856543e+02
-1.353245057118856778e+02
-1.479553377118857043e+02
-1.605861697118856455e+02
-1.400610677118856984e+02
-1.542707537118856749e+02
-1.321667977118856925e+02
-1.384822137118856631e+02
-1.384822137118857199e+02
-1.542707537118856749e+02
-1.384822137118856631e+02
-1.369033597118856562e+02
-1.400610677118856984e+02
-1.400610677118856984e+02
-1.384822137118856631e+02
-1.305879437118856856e+02
-1.305879437118857140e+02
-1.242725277118856866e+02
-1.384822137118856915e+02
-1.211148197118857155e+02
-1.274302357118857003e+02
-1.384822137118856915e+02
-1.321667977118856641e+02
-1.495341917118856543e+02
-1.290090897118856788e+02
-1.416399217118856768e+02
-1.305879437118856572e+02
-1.274302357118857145e+02
-1.069051337118856821e+02
-1.258513817118856650e+02
-1.258513817118857077e+02
-1.258513817118856650e+02
-1.305879437118856572e+02
-1.195359657118856802e+02
-1.242725277118856724e+02
-1.084839877118857316e+02
-1.226936737118856655e+02
-1.258513817118856934e+02
-1.132205497118856812e+02
-1.321667977118856925e+02
-1.179571117118856733e+02
-1.195359657118856660e+02
-9.427430171188571251e+01
-1.242725277118857008e+02
-1.163782577118857091e+02
-1.021685717118857042e+02
-1.069051337118857106e+02
-1.053262797118857037e+02
-1.147994037118856880e+02
-1.211148197118856871e+02
-1.163782577118856949e+02
-1.100628417118856959e+02
-1.274302357118856861e+02
-9.269544771188573407e+01
-9.901086371188567625e+01
-1.132205497118857096e+02
-1.084839877118857032e+02
-1.053262797118856895e+02
-9.901086371188570467e+01
-1.369033597118856562e+02
-1.179571117118857302e+02
-1.084839877118856606e+02
-1.100628417118856959e+02
-1.021685717118857184e+02
-1.053262797118856753e+02
-1.226936737118856797e+02
-1.179571117118857018e+02
-1.195359657118856802e+02
-1.195359657118856944e+02
-9.111659371188571299e+01
-1.163782577118856807e+02
-1.100628417118856817e+02
-1.069051337118856679e+02
-1.337456517118856709e+02
-1.021685717118857042e+02
-1.147994037118857165e+02
-1.211148197118856586e+02
-1.069051337118856964e+02
-1.132205497118857096e+02
-1.132205497118856812e+02
-1.084839877118857174e+02
-8.164346971188572866e+01
-1.211148197118856871e+02
-1.179571117118856876e+02
-1.258513817118856934e+02
-1.100628417118856817e+02
-1.242725277118856724e+02
-1.069051337118856821e+02
-1.321667977118856925e+02
-1.242725277118857150e+02
-9.111659371188569878e+01
-1.116416957118856601e+02
-1.132205497118856954e+02
-1.084839877118856606e+02
-1.100628417118857101e+02
-9.269544771188570564e+01
-1.021685717118857184e+02
-1.116416957118857027e+02
-1.069051337118856964e+02
-1.037474257118856684e+02
-1.100628417118856959e+02
-1.021685717118856758e+02
-9.427430171188571251e+01
-1.163782577118857091e+02
-1.132205497118857238e+02
-8.638003171188569240e+01
-1.005897177118857115e+02
-1.179571117118856591e+02
-9.585315571188571937e+01
-8.006461571188573600e+01
-1.005897177118856831e+02
-1.005897177118856973e+02
-8.322232371188569289e+01
-9.585315571188570516e+01
-9.743200971188566939e+01
-9.427430171188569830e+01
-1.037474257118857111e+02
-9.111659371188571299e+01
-9.269544771188570564e+01
-1.147994037118856880e+02
-1.084839877118857174e+02
-1.069051337118857106e+02
-9.427430171188569830e+01
-1.163782577118856807e+02
-9.111659371188572720e+01
-1.084839877118857174e+02
-8.638003171188572082e+01
-1.116416957118856743e+02
-9.427430171188569830e+01
-8.953773971188573455e+01
-1.116416957118856601e+02
-1.195359657118856944e+02
-8.953773971188572034e+01
-8.953773971188569192e+01
-9.111659371188571299e+01
-1.053262797118857037e+02
-1.132205497118857096e+02
-1.053262797118856753e+02
-1.037474257118856826e+02
-1.037474257118857111e+02
-1.147994037118856738e+02
-1.037474257118856826e+02
-1.100628417118856817e+02
-1.100628417118856675e+02
-9.111659371188568457e+01
-7.532805371188568699e+01
-1.005897177118856973e+02
-1.084839877118857174e+02
-9.901086371188567625e+01
-1.100628417118856817e+02
-9.901086371188571889e+01
-9.427430171188572672e+01
-1.100628417118856817e+02
-1.132205497118856954e+02
-1.053262797118856753e+02
-1.037474257118856826e+02
-1.053262797118857037e+02
-8.795888571188571348e+01
-1.179571117118857160e+02
-1.053262797118856753e+02
-1.037474257118856826e+02
-1.037474257118856968e+02
-8.164346971188568602e+01
-9.743200971188568360e+01
-1.069051337118856821e+02
-9.585315571188571937e+01
-1.179571117118857018e+02
-1.037474257118857111e+02
-1.290090897118856788e+02
-8.953773971188569192e+01
-9.269544771188573407e+01
-8.638003171188569240e+01
-1.021685717118856900e+02
-8.795888571188571348e+01
-1.132205497118856812e+02
-1.132205497118857096e+02
-1.021685717118856900e+02
-1.132205497118857096e+02
-9.901086371188570467e+01
-8.638003171188572082e+01
-1.069051337118856964e+02
-9.901086371188567625e+01
-9.111659371188571299e+01
-1.069051337118856821e+02
-1.021685717118857184e+02
-1.021685717118856758e+02
-1.321667977118856925e+02
-9.427430171188568409e+01
-8.322232371188569289e+01
-1.132205497118856812e+02
-1.053262797118856753e+02
-9.585315571188570516e+01
-1.179571117118857018e+02
-1.005897177118857115e+02
-8.322232371188573552e+01
-1.053262797118857179e+02
-1.037474257118857111e+02
-1.132205497118856954e+02
-8.953773971188569192e+01
-1.116416957118856601e+02
-9.585315571188571937e+01
-7.532805371188568699e+01
-1.179571117118856876e+02
-9.743200971188568360e+01
-1.021685717118857042e+02
-1.053262797118856895e+02
-8.953773971188570613e+01
-1.163782577118856665e+02
-1.021685717118857184e+02
-1.069051337118857248e+02
-1.053262797118857037e+02
-1.084839877118856890e+02
-8.164346971188570024e+01
-1.084839877118856890e+02
-9.427430171188568409e+01
-9.269544771188569143e+01
-5.006638971188570508e+01
-1.021685717118857184e+02
-1.116416957118856885e+02
-9.269544771188573407e+01
-1.021685717118856900e+02
-8.006461571188573600e+01
-1.100628417118856959e+02
-9.901086371188573310e+01
-1.132205497118857096e+02
-9.585315571188569095e+01
-8.795888571188569927e+01
-9.111659371188572720e+01
-7.848576171188570072e+01
-1.116416957118856885e+02
-9.585315571188571937e+01
-9.427430171188571251e+01
-7.848576171188574335e+01
-9.585315571188570516e+01
-9.269544771188570564e+01
-1.053262797118857037e+02
-1.005897177118857115e+02
-8.322232371188572131e+01
-9.901086371188567625e+01
-9.269544771188571985e+01
-8.795888571188569927e+01
-9.743200971188572623e+01
-9.585315571188569095e+01
-8.795888571188571348e+01
-1.021685717118857042e+02
-8.638003171188570661e+01
-9.585315571188570516e+01
-8.480117771188572817e+01
-8.006461571188572179e+01
-8.795888571188568505e+01
-1.147994037118856880e+02
-6.743378371188568110e+01
-9.743200971188571202e+01
-1.021685717118857042e+02
-9.111659371188569878e+01
-7.374919971188570855e+01
-1.021685717118856758e+02
-1.021685717118856900e+02
-8.480117771188571396e+01
-9.427430171188572672e+01
-9.427430171188572672e+01
-9.743200971188572623e+01
-9.269544771188569143e+01
-1.084839877118857032e+02
-8.322232371188572131e+01
-1.100628417118857101e+02
-7.532805371188571542e+01
-9.427430171188568409e+01
-9.585315571188571937e+01
-9.269544771188569143e+01
-8.795888571188569927e+01
-1.021685717118856900e+02
-7.848576171188572914e+01
-9.427430171188568409e+01
-9.269544771188570564e+01
-1.005897177118856831e+02
-1.069051337118857248e+02
-1.226936737118857081e+02
-1.037474257118857111e+02
-8.322232371188570710e+01
-9.743200971188568360e+01
-1.132205497118856812e+02
-9.901086371188571889e+01
-9.585315571188570516e+01
-7.217034571188570169e+01
-1.084839877118856890e+02
-1.116416957118856885e+02
-1.053262797118857179e+02
-9.427430171188568409e+01
-9.585315571188569095e+01
-8.795888571188572769e+01
-1.021685717118856900e+02
-8.006461571188570758e+01
-1.069051337118857106e+02
-9.743200971188572623e+01
-9.743200971188569781e+01
-7.690690771188569386e+01
-9.901086371188570467e+01
-8.953773971188573455e+01
-1.084839877118857174e+02
-9.743200971188569781e+01
-7.532805371188570120e+01
-9.111659371188572720e+01
-8.164346971188572866e+01
-9.111659371188568457e+01
-1.069051337118857106e+02
-1.005897177118857257e+02
-9.585315571188571937e+01
-1.005897177118857257e+02
-8.953773971188572034e+01
-1.211148197118856729e+02
-8.638003171188572082e+01
-8.795888571188571348e+01
-1.179571117118857018e+02
-9.269544771188571985e+01
-1.021685717118857184e+02
-8.006461571188569337e+01
-1.037474257118857111e+02
-1.100628417118856817e+02
-9.585315571188570516e+01
-1.053262797118856753e+02
-8.006461571188572179e+01
-8.638003171188570661e+01
-7.217034571188570169e+01
-9.427430171188571251e+01
-8.953773971188569192e+01
-6.269722171188570314e+01
-9.111659371188572720e+01
-1.021685717118856900e+02
-8.164346971188574287e+01
-8.638003171188572082e+01
-9.743200971188571202e+01
-5.953951371188573205e+01
-8.164346971188570024e+01
-8.164346971188572866e+01
-8.322232371188570710e+01
-7.217034571188573011e+01
-9.743200971188566939e+01
-7.848576171188571493e+01
-6.427607571188569580e+01
-9.585315571188570516e+01
-7.690690771188572228e+01
-7.690690771188572228e+01
-1.021685717118856758e+02
-9.743200971188569781e+01
-7.217034571188568748e+01
-8.638003171188573504e+01
-7.532805371188570120e+01
-8.638003171188572082e+01
-9.585315571188569095e+01
-9.111659371188572720e+01
-1.053262797118857179e+02
-8.164346971188570024e+01
-7.690690771188570807e+01
-8.006461571188567916e+01
-9.585315571188570516e+01
-8.795888571188571348e+01
-7.059149171188570904e+01
-1.053262797118856753e+02
-9.427430171188569830e+01
-8.953773971188572034e+01
-9.111659371188571299e+01
-8.638003171188569240e+01
-9.111659371188571299e+01
-7.690690771188570807e+01
-8.795888571188568505e+01
-7.374919971188570855e+01
-8.953773971188573455e+01
-8.164346971188570024e+01
-8.480117771188569975e+01
-7.059149171188572325e+01
-8.480117771188568554e+01
-9.585315571188567674e+01
-8.164346971188571445e+01
-9.901086371188570467e+01
-8.164346971188572866e+01
-1.053262797118856895e+02
-9.269544771188569143e+01
-8.480117771188571396e+01
-8.480117771188569975e+01
-8.322232371188569289e+01
-8.638003171188570661e+01
-7.059149171188572325e+01
-9.585315571188570516e+01
-7.848576171188570072e+01
-7.374919971188573697e+01
-6.743378371188570952e+01
-7.217034571188570169e+01
-7.374919971188573697e+01
-7.217034571188573011e+01
-8.164346971188571445e+01
-7.532805371188571542e+01
-1.021685717118856900e+02
-7.690690771188572228e+01
-8.638003171188572082e+01
-8.164346971188574287e+01
-7.217034571188571590e+01
-1.021685717118857042e+02
-7.848576171188572914e+01
-8.164346971188572866e+01
-7.059149171188570904e+01
-9.901086371188570467e+01
-8.953773971188570613e+01
-9.585315571188571937e+01
-7.848576171188570072e+01
-9.111659371188568457e+01
-1.005897177118856831e+02
-6.901263771188571639e+01
-8.480117771188571396e+01
-8.322232371188569289e+01
-1.116416957118856743e+02
-9.269544771188573407e+01
-9.111659371188569878e+01
-8.006461571188569337e+01
-1.069051337118856964e+02
-8.795888571188569927e+01
-1.037474257118856968e+02
-9.585315571188570516e+01
-8.480117771188569975e+01
-6.743378371188570952e+01
-1.021685717118856900e+02
-1.069051337118856964e+02
-9.269544771188571985e+01
-8.638003171188573504e+01
-8.795888571188572769e+01
-7.848576171188571493e+01
-9.427430171188568409e+01
-8.953773971188572034e+01
-9.111659371188568457e+01
-6.427607571188572422e+01
-8.795888571188569927e+01
-8.322232371188570710e+01
-7.690690771188572228e+01
-7.690690771188569386e+01
-7.532805371188574384e+01
-1.211148197118856729e+02
-7.374919971188572276e+01
-1.037474257118856968e+02
-9.111659371188571299e+01
-8.638003171188573504e+01
-8.795888571188572769e+01
-8.480117771188571396e+01
-7.374919971188569434e+01
-7.690690771188570807e+01
-9.427430171188569830e+01
-9.269544771188571985e+01
-9.901086371188571889e+01
-6.743378371188572373e+01
-8.164346971188574287e+01
-9.743200971188569781e+01
-8.322232371188573552e+01
-7.848576171188570072e+01
-8.006461571188573600e+01
-8.006461571188573600e+01
-8.006461571188572179e+01
-8.480117771188569975e+01
-1.005897177118857115e+02
-8.638003171188570661e+01
-1.021685717118857326e+02
-6.743378371188570952e+01
-8.322232371188570710e+01
-9.901086371188569046e+01
-8.795888571188571348e+01
-8.322232371188570710e+01
-9.427430171188572672e+01
-1.053262797118856895e+02
-6.427607571188572422e+01
-9.585315571188573358e+01
-8.795888571188569927e+01
-7.374919971188570855e+01
-8.953773971188572034e+01
-7.374919971188570855e+01
-8.953773971188573455e+01
-8.795888571188568505e+01
-8.164346971188571445e+01
-8.006461571188570758e+01
-8.953773971188573455e+01
-7.059149171188572325e+01
-6.269722171188570314e+01
-1.053262797118857037e+02
-6.901263771188571639e+01
-7.532805371188570120e+01
-7.217034571188573011e+01
-8.480117771188569975e+01
-8.164346971188570024e+01
-8.480117771188571396e+01
-6.901263771188571639e+01
-9.111659371188571299e+01
-9.585315571188570516e+01
-8.006461571188573600e+01
-8.006461571188570758e+01
-7.532805371188570120e+01
-9.111659371188569878e+01
-8.322232371188572131e+01
-9.269544771188573407e+01
-7.532805371188571542e+01
-9.427430171188572672e+01
-9.901086371188571889e+01
-9.111659371188572720e+01
-7.848576171188574335e+01
-9.743200971188572623e+01
-8.480117771188568554e+01
-8.006461571188573600e+01
-7.217034571188571590e+01
-8.006461571188573600e+01
-9.269544771188569143e+01
-8.480117771188572817e+01
-8.638003171188570661e+01
-8.006461571188572179e+01
-7.217034571188573011e+01
-9.743200971188568360e+01
-8.006461571188570758e+01
-8.006461571188573600e+01
-8.480117771188569975e+01
-9.585315571188569095e+01
-8.322232371188572131e+01
-7.848576171188571493e+01
-1.116416957118856601e+02
-7.374919971188569434e+01
-8.164346971188574287e+01
-7.848576171188568651e+01
-9.111659371188568457e+01
-8.164346971188570024e+01
-9.743200971188571202e+01
-8.953773971188572034e+01
-1.084839877118856890e+02
-9.111659371188569878e+01
-7.690690771188573649e+01
-8.638003171188570661e+01
-8.638003171188572082e+01
-9.901086371188570467e+01
-8.480117771188572817e+01
-8.638003171188573504e+01
-8.795888571188571348e+01
-9.901086371188571889e+01
-8.638003171188572082e+01
-7.532805371188570120e+01
-9.269544771188569143e+01
-7.059149171188572325e+01
-7.532805371188572963e+01
-9.269544771188570564e+01
-8.006461571188572179e+01
-9.427430171188572672e+01
-9.269544771188570564e+01
-1.053262797118857179e+02
-8.480117771188572817e+01
-9.269544771188573407e+01
-9.269544771188570564e+01
-1.053262797118857179e+02
-1.037474257118856968e+02
-7.690690771188569386e+01
-8.638003171188569240e+01
-1.037474257118857253e+02
-9.901086371188569046e+01
-9.743200971188571202e+01
-9.427430171188568409e+01
-9.111659371188569878e+01
-8.006461571188570758e+01
-7.690690771188570807e+01
-8.322232371188569289e+01
-9.585315571188571937e+01
-1.005897177118856973e+02
-9.901086371188570467e+01
-8.322232371188572131e+01
-8.795888571188569927e+01
-8.322232371188569289e+01
-8.953773971188572034e+01
-8.006461571188569337e+01
-9.743200971188571202e+01
-1.005897177118856973e+02
-8.795888571188569927e+01
-9.269544771188573407e+01
-7.532805371188570120e+01
-8.953773971188567771e+01
-6.901263771188573060e+01
-9.743200971188572623e+01
-8.638003171188569240e+01
-8.006461571188570758e+01
-9.743200971188572623e+01
-7.217034571188571590e+01
-9.585315571188569095e+01
-8.322232371188572131e+01
-9.269544771188573407e+01
-8.953773971188572034e+01
-7.690690771188573649e+01
-7.690690771188570807e+01
-8.164346971188570024e+01
-7.690690771188570807e+01
-1.116416957118856743e+02
-9.901086371188570467e+01
-8.006461571188573600e+01
-9.585315571188570516e+01
-8.638003171188573504e+01
-8.322232371188572131e+01
-8.953773971188570613e+01
-8.795888571188571348e+01
-1.021685717118857042e+02
-9.427430171188568409e+01
-8.006461571188570758e+01
-9.111659371188571299e+01
-9.111659371188572720e+01
-8.638003171188570661e+01
-8.953773971188572034e+01
-9.111659371188569878e+01
-9.269544771188573407e+01
-8.006461571188570758e+01
-1.005897177118856973e+02
-9.743200971188572623e+01
-7.059149171188572325e+01
-9.111659371188571299e+01
-9.743200971188572623e+01
-8.953773971188570613e+01
-8.638003171188567819e+01
-9.743200971188568360e+01
-6.901263771188573060e+01
-8.480117771188569975e+01
-1.084839877118856748e+02
-8.795888571188568505e+01
-9.585315571188570516e+01
-9.743200971188572623e+01
-7.690690771188572228e+01
-1.084839877118857032e+02
-1.005897177118856831e+02
-7.217034571188571590e+01
-9.585315571188573358e+01
-9.901086371188567625e+01
-1.053262797118856895e+02
-1.005897177118856831e+02
-8.164346971188572866e+01
-8.322232371188570710e+01
-1.084839877118856748e+02
-9.269544771188571985e+01
-1.084839877118857174e+02
-9.111659371188569878e+01
-9.427430171188569830e+01
-5.638180571188571832e+01
-8.164346971188572866e+01
-8.480117771188569975e+01
-8.638003171188570661e+01
-8.322232371188569289e+01
-7.532805371188571542e+01
-8.480117771188572817e+01
-9.269544771188569143e+01
-9.427430171188572672e+01
-7.532805371188570120e+01
-8.638003171188567819e+01
-8.006461571188569337e+01
-8.638003171188567819e+01
-9.585315571188569095e+01
-7.374919971188570855e+01
-1.005897177118857115e+02
-9.585315571188569095e+01
-8.795888571188568505e+01
-8.164346971188570024e+01
-8.164346971188574287e+01
-8.795888571188569927e+01
-9.427430171188571251e+01
-7.848576171188571493e+01
-9.743200971188569781e+01
-1.147994037118856880e+02
-9.111659371188571299e+01
-9.743200971188568360e+01
-1.053262797118857321e+02
-8.006461571188572179e+01
-1.005897177118856831e+02
-7.374919971188572276e+01
-1.005897177118857115e+02
-6.427607571188572422e+01
-8.638003171188570661e+01
-5.796065971188571098e+01
-8.006461571188570758e+01
-9.269544771188571985e+01
-8.480117771188571396e+01
-8.953773971188572034e+01
-9.585315571188571937e+01
-8.322232371188572131e+01
-8.322232371188572131e+01
-8.006461571188572179e+01
-9.743200971188572623e+01
-9.743200971188568360e+01
-9.901086371188569046e+01
-9.427430171188568409e+01
-8.480117771188569975e+01
-5.796065971188572519e+01
-8.795888571188569927e+01
-8.953773971188570613e+01
-7.848576171188572914e+01
-8.164346971188570024e+01
-9.901086371188570467e+01
-7.374919971188572276e+01
-9.427430171188571251e+01
-8.638003171188570661e+01
-8.638003171188572082e+01
-8.953773971188570613e+01
-7.374919971188572276e+01
-8.164346971188571445e+01
-8.480117771188569975e+01
-7.848576171188570072e+01
-1.037474257118857253e+02
-7.059149171188570904e+01
-9.427430171188571251e+01
-7.532805371188570120e+01
-8.953773971188573455e+01
-8.322232371188572131e+01
-8.795888571188572769e+01
-8.480117771188569975e+01
-7.690690771188570807e+01
-9.269544771188571985e+01
-7.374919971188569434e+01
-8.322232371188570710e+01
-7.217034571188571590e+01
-8.006461571188572179e+01
-1.100628417118857101e+02
-7.848576171188570072e+01
-8.638003171188572082e+01
-9.743200971188568360e+01
-8.638003171188572082e+01
-1.084839877118857032e+02
-9.269544771188569143e+01
-8.953773971188567771e+01
-1.053262797118856753e+02
-1.005897177118856831e+02
-7.532805371188571542e+01
-8.480117771188569975e+01
-9.427430171188571251e+01
-9.111659371188569878e+01
-8.953773971188573455e+01
-1.179571117118856591e+02
-7.532805371188574384e+01
-1.084839877118856890e+02
-9.743200971188569781e+01
-1.005897177118857115e+02
-8.480117771188572817e+01
-7.532805371188571542e+01
-8.164346971188571445e+01
-6.427607571188572422e+01
-9.585315571188567674e+01
-7.690690771188569386e+01
-8.638003171188569240e+01
-8.322232371188570710e+01
-6.269722171188570314e+01
-7.690690771188572228e+01
-8.953773971188573455e+01
-8.638003171188573504e+01
-8.322232371188573552e+01
-7.690690771188569386e+01
-7.848576171188571493e+01
-5.164524371188572616e+01
-9.743200971188568360e+01
-8.006461571188572179e+01
-7.374919971188572276e+01
-1.053262797118857179e+02
-7.532805371188570120e+01
-9.743200971188569781e+01
-9.743200971188572623e+01
-9.427430171188571251e+01
-8.953773971188573455e+01
-9.743200971188572623e+01
-9.427430171188568409e+01
-8.480117771188572817e+01
-9.585315571188567674e+01
-8.953773971188573455e+01
-8.322232371188570710e+01
-1.084839877118856748e+02
-7.374919971188569434e+01
-8.953773971188572034e+01
-6.111836771188571049e+01
-7.690690771188573649e+01
-8.164346971188571445e+01
-8.164346971188570024e+01
-7.059149171188570904e+01
-9.269544771188570564e+01
-7.690690771188570807e+01
-6.269722171188570314e+01
-8.006461571188570758e+01
-8.322232371188572131e+01
-9.427430171188572672e+01
-8.164346971188570024e+01
-8.795888571188569927e+01
-7.848576171188572914e+01
-8.795888571188568505e+01
-9.111659371188572720e+01
-8.953773971188567771e+01
-7.848576171188571493e+01
-8.006461571188572179e+01
-7.848576171188570072e+01
-7.848576171188568651e+01
-6.269722171188573157e+01
-8.480117771188569975e+01
-9.111659371188569878e+01
-7.374919971188570855e+01
-1.116416957118856743e+02
-8.164346971188571445e+01
-8.638003171188570661e+01
-1.211148197118856729e+02
-8.322232371188572131e+01
-7.690690771188569386e+01
-8.480117771188569975e+01
-9.111659371188569878e+01
-1.021685717118857184e+02
-9.111659371188572720e+01
-9.743200971188569781e+01
-8.322232371188569289e+01
-1.163782577118856807e+02
-8.795888571188571348e+01
-1.021685717118856758e+02
-9.743200971188568360e+01
-8.006461571188569337e+01
-8.795888571188571348e+01
-7.374919971188572276e+01
-7.848576171188571493e+01
-9.585315571188570516e+01
-9.269544771188573407e+01
-9.427430171188572672e+01
-9.427430171188571251e+01
-8.638003171188572082e+01
-1.069051337118857106e+02
-8.006461571188569337e+01
-7.690690771188570807e+01
-7.690690771188570807e+01
-8.006461571188570758e+01
-6.743378371188570952e+01
-8.638003171188567819e+01
-6.901263771188570217e+01
-8.953773971188569192e+01
-8.953773971188569192e+01
-6.427607571188569580e+01
-7.690690771188570807e+01
-9.111659371188569878e+01
-9.743200971188569781e+01
-8.480117771188571396e+01
-7.059149171188570904e+01
-8.006461571188569337e+01
-8.164346971188574287e+01
-8.006461571188569337e+01
-7.374919971188572276e+01
-8.006461571188573600e+01
-8.322232371188570710e+01
-7.848576171188568651e+01
-6.585492971188570266e+01
-7.848576171188568651e+01
-8.953773971188572034e+01
-6.427607571188572422e+01
-1.053262797118857179e+02
-9.743200971188568360e+01
-8.795888571188569927e+01
-9.427430171188571251e+01
-9.743200971188568360e+01
-8.953773971188570613e+01
-7.690690771188572228e+01
-8.164346971188572866e+01
-8.322232371188569289e+01
-8.795888571188571348e+01
-9.585315571188570516e+01
-9.427430171188569830e+01
-9.901086371188567625e+01
-7.848576171188572914e+01
-1.116416957118856885e+02
-8.953773971188573455e+01
-1.021685717118857184e+02
-7.532805371188572963e+01
-1.053262797118856753e+02
-8.795888571188569927e+01
-8.953773971188573455e+01
-7.532805371188571542e+01
-9.269544771188571985e+01
-9.901086371188569046e+01
-8.480117771188574238e+01
-9.111659371188571299e+01
-9.269544771188569143e+01
-9.585315571188569095e+01
-7.059149171188572325e+01
-1.116416957118857169e+02
-6.743378371188570952e+01
-8.322232371188569289e+01
-8.953773971188569192e+01
-8.953773971188572034e+01
-9.901086371188573310e+01
-1.021685717118857042e+02
-1.005897177118856831e+02
-9.269544771188569143e+01
-9.743200971188568360e+01
-7.848576171188570072e+01
-1.005897177118857257e+02
-8.638003171188572082e+01
-8.322232371188569289e+01
-8.795888571188571348e+01
-9.427430171188568409e+01
-1.147994037118857165e+02
-6.743378371188572373e+01
-9.427430171188571251e+01
-7.374919971188572276e+01
-7.374919971188570855e+01
-1.037474257118856968e+02
-8.638003171188572082e+01
-8.322232371188570710e+01
-9.901086371188570467e+01
-7.690690771188570807e+01
-8.164346971188570024e+01
-8.164346971188568602e+01
-9.743200971188571202e+01
-7.217034571188570169e+01
-9.111659371188572720e+01
-8.164346971188571445e+01
-8.006461571188569337e+01
-8.795888571188569927e+01
-8.638003171188570661e+01
-7.690690771188570807e+01
-9.585315571188573358e+01
-8.480117771188569975e+01
-1.037474257118856826e+02
-7.690690771188570807e+01
-7.217034571188573011e+01
-8.638003171188570661e+01
-9.427430171188568409e+01
-8.322232371188572131e+01
-5.953951371188571784e+01
-8.638003171188573504e+01
-8.322232371188569289e+01
-7.848576171188571493e+01
-9.901086371188570467e+01
-7.217034571188570169e+01
-8.638003171188569240e+01
-1.053262797118857179e+02
-1.021685717118857184e+02
-7.374919971188573697e+01
-9.269544771188567722e+01
-1.037474257118856826e+02
-9.111659371188572720e+01
-8.953773971188572034e+01
-7.690690771188569386e+01
-7.532805371188572963e+01
-1.021685717118856900e+02
-9.269544771188570564e+01
-7.848576171188570072e+01
-1.069051337118856821e+02
-8.322232371188570710e+01
-9.427430171188572672e+01
-8.795888571188572769e+01
-9.427430171188571251e+01
-9.585315571188573358e+01
-1.069051337118856964e+02
-1.005897177118857115e+02
-7.690690771188570807e+01
-9.111659371188569878e+01
-1.005897177118857257e+02
-8.638003171188570661e+01
-7.848576171188572914e+01
-8.480117771188571396e+01
-8.006461571188573600e+01
-8.795888571188568505e+01
-9.901086371188571889e+01
-8.953773971188570613e+01
-8.795888571188572769e+01
-8.006461571188570758e+01
-8.480117771188571396e+01
-8.795888571188572769e+01
-8.953773971188570613e+01
-8.164346971188568602e+01
-1.021685717118856900e+02
-8.164346971188571445e+01
-9.427430171188569830e+01
-8.322232371188573552e+01
-8.322232371188572131e+01
-7.059149171188570904e+01
-9.111659371188569878e+01
-6.901263771188573060e+01
-6.901263771188571639e+01
-8.953773971188572034e+01
-8.795888571188569927e+01
-8.480117771188572817e+01
-8.638003171188572082e+01
-1.021685717118857042e+02
-7.690690771188569386e+01
-9.111659371188571299e+01
-8.480117771188572817e+01
-9.427430171188572672e+01
-9.585315571188567674e+01
-9.111659371188569878e+01
-8.795888571188571348e+01
-8.164346971188572866e+01
-9.743200971188572623e+01
-9.743200971188571202e+01
-9.585315571188569095e+01
-1.005897177118857115e+02
-8.953773971188572034e+01
-9.743200971188572623e+01
-8.638003171188572082e+01
-9.427430171188571251e+01
-8.006461571188572179e+01
-1.132205497118856812e+02
-8.795888571188571348e+01
-8.795888571188569927e+01
-8.638003171188569240e+01
-7.690690771188573649e+01
-1.132205497118856954e+02
-6.585492971188573108e+01
-9.743200971188571202e+01
-1.116416957118856885e+02
-8.638003171188570661e+01
-8.795888571188572769e+01
-8.480117771188569975e+01
-9.585315571188573358e+01
-8.953773971188570613e+01
-8.480117771188571396e+01
-8.006461571188572179e+01
-9.901086371188571889e+01
-1.163782577118856665e+02
-1.100628417118856959e+02
-8.795888571188569927e+01
-9.111659371188572720e+01
-9.111659371188571299e+01
-8.795888571188568505e+01
-7.532805371188571542e+01
-1.005897177118857115e+02
-1.005897177118856973e+02
-7.848576171188568651e+01
-9.427430171188572672e+01
-8.006461571188570758e+01
-9.269544771188570564e+01
-9.585315571188573358e+01
-9.901086371188567625e+01
-1.005897177118856831e+02
-8.006461571188570758e+01
-1.069051337118857248e+02
-8.953773971188569192e+01
-7.217034571188571590e+01
-8.953773971188572034e+01
-8.006461571188570758e+01
-1.069051337118856964e+02
-9.111659371188571299e+01
-9.111659371188571299e+01
-9.427430171188571251e+01
-8.322232371188569289e+01
-9.743200971188571202e+01
-9.585315571188573358e+01
-9.427430171188569830e+01
-7.374919971188570855e+01
-8.164346971188571445e+01
-8.638003171188567819e+01
-7.532805371188571542e+01
-7.848576171188571493e+01
-8.953773971188570613e+01
-8.795888571188569927e+01
-9.901086371188571889e+01
-7.532805371188571542e+01
-9.111659371188571299e+01
-8.953773971188569192e+01
-8.638003171188570661e+01
-9.111659371188571299e+01
-7.690690771188570807e+01
-8.795888571188568505e+01
-8.006461571188572179e+01
-9.269544771188571985e+01
-9.111659371188571299e+01
-8.638003171188570661e+01
-6.427607571188571001e+01
-8.006461571188569337e+01
-8.480117771188572817e+01
-8.322232371188570710e+01
-7.532805371188572963e+01
-9.743200971188572623e+01
-8.006461571188569337e+01
-9.427430171188572672e+01
-9.111659371188569878e+01
-8.953773971188569192e+01
-8.480117771188569975e+01
-7.374919971188570855e+01
-6.427607571188573843e+01
-6.585492971188570266e+01
-9.111659371188569878e+01
-6.585492971188570266e+01
-8.480117771188569975e+01
-8.322232371188572131e+01
-9.585315571188571937e+01
-9.269544771188570564e+01
-8.638003171188572082e+01
-8.480117771188569975e+01
-8.953773971188572034e+01
-8.322232371188569289e+01
-9.269544771188573407e+01
-7.532805371188574384e+01
-9.585315571188573358e+01
-9.269544771188569143e+01
-9.269544771188570564e+01
-8.322232371188570710e+01
-8.638003171188570661e+01
-9.111659371188568457e+01
-8.480117771188572817e+01
-8.953773971188572034e+01
-8.638003171188570661e+01
-5.953951371188571784e+01
-7.848576171188572914e+01
-8.795888571188571348e+01
-8.480117771188572817e+01
-8.164346971188572866e+01
-8.953773971188573455e+01
-9.427430171188572672e+01
-1.005897177118857257e+02
-8.480117771188569975e+01
-9.427430171188568409e+01
-9.743200971188569781e+01
-8.322232371188572131e+01
-1.053262797118857037e+02
-9.901086371188569046e+01
-7.217034571188570169e+01
-9.427430171188571251e+01
-7.848576171188572914e+01
-9.111659371188572720e+01
-8.638003171188567819e+01
-8.638003171188567819e+01
-9.743200971188568360e+01
-8.322232371188569289e+01
-8.006461571188572179e+01
-9.111659371188571299e+01
-8.164346971188572866e+01
-8.638003171188572082e+01
-9.743200971188572623e+01
-8.006461571188569337e+01
-8.322232371188570710e+01
-7.059149171188570904e+01
-8.795888571188571348e+01
-8.164346971188572866e+01
-9.585315571188570516e+01
-7.848576171188571493e+01
-7.532805371188572963e+01
-8.164346971188574287e+01
-7.532805371188571542e+01
-8.164346971188571445e+01
-8.006461571188569337e+01
-7.848576171188571493e+01
-8.638003171188572082e+01
-9.269544771188571985e+01
-1.037474257118856826e+02
-8.953773971188570613e+01
-8.638003171188572082e+01
-9.111659371188568457e+01
-9.901086371188571889e+01
-7.374919971188570855e+01
-7.848576171188570072e+01
-9.111659371188572720e+01
-9.585315571188573358e+01
-8.006461571188570758e+01
-7.690690771188570807e+01
-9.585315571188571937e+01
-1.037474257118857111e+02
-1.084839877118856890e+02
-6.901263771188570217e+01
-8.795888571188571348e+01
-7.848576171188571493e+01
-9.427430171188572672e+01
-8.322232371188573552e+01
-1.084839877118856890e+02
-8.322232371188573552e+01
-9.269544771188567722e+01
-7.690690771188572228e+01
-9.427430171188572672e+01
-7.374919971188570855e+01
-7.690690771188570807e+01
-9.585315571188570516e+01
-8.795888571188569927e+01
-8.164346971188570024e+01
-7.532805371188571542e+01
-9.111659371188569878e+01
-9.427430171188572672e+01
-9.269544771188570564e+01
-9.743200971188568360e+01
-1.053262797118857037e+02
-9.585315571188569095e+01
-9.901086371188571889e+01
-6.427607571188572422e+01
-8.638003171188570661e+01
-8.322232371188569289e+01
-8.006461571188570758e+01
-8.164346971188570024e+01
-9.901086371188570467e+01
-8.953773971188573455e+01
-9.743200971188571202e+01
-8.164346971188571445e+01
-9.585315571188571937e+01
-9.269544771188571985e+01
-9.743200971188569781e+01
-7.690690771188569386e+01
-1.005897177118857115e+02
-1.037474257118856968e+02
-8.795888571188569927e+01
-9.743200971188568360e+01
-6.269722171188573157e+01
-1.005897177118856831e+02
-7.848576171188572914e+01
-9.743200971188568360e+01
-1.053262797118857179e+02
-8.322232371188570710e+01
-1.147994037118857165e+02
-9.743200971188571202e+01
-9.269544771188570564e+01
-7.374919971188570855e+01
-8.795888571188572769e+01
-9.427430171188571251e+01
-9.269544771188571985e+01
-8.953773971188573455e+01
-7.217034571188573011e+01
-8.953773971188567771e+01
-8.006461571188569337e+01
-8.322232371188570710e+01
-9.269544771188569143e+01
-7.217034571188571590e+01
-8.638003171188570661e+01
-7.690690771188569386e+01
-8.953773971188569192e+01
-1.037474257118856826e+02
-9.585315571188569095e+01
-8.322232371188569289e+01
-7.848576171188571493e+01
-5.796065971188571098e+01
-8.953773971188572034e+01
-6.901263771188571639e+01
-6.427607571188572422e+01
-8.638003171188570661e+01
-8.006461571188572179e+01
-9.901086371188570467e+01
-8.638003171188567819e+01
-7.848576171188568651e+01
-8.480117771188569975e+01
-7.690690771188570807e+01
-9.901086371188573310e+01
-8.164346971188570024e+01
-8.322232371188570710e+01
-8.795888571188571348e+01
-8.322232371188569289e+01
-7.848576171188571493e+01
-8.164346971188570024e+01
-8.953773971188572034e+01
-7.532805371188571542e+01
-9.269544771188571985e+01
-1.021685717118857042e+02
-1.021685717118856758e+02
-7.217034571188568748e+01
-7.374919971188572276e+01
-7.848576171188572914e+01
-8.480117771188569975e+01
-9.111659371188569878e+01
-7.059149171188572325e+01
-9.111659371188569878e+01
-1.005897177118856973e+02
-6.585492971188571687e+01
-9.585315571188569095e+01
-8.006461571188572179e+01
-8.480117771188569975e+01
-8.322232371188569289e+01
-9.585315571188567674e+01
-6.743378371188572373e+01
-7.374919971188573697e+01
-7.374919971188572276e+01
-9.111659371188569878e+01
-7.532805371188571542e+01
-8.480117771188568554e+01
-8.164346971188572866e+01
-8.953773971188572034e+01
-9.743200971188569781e+01
-8.953773971188569192e+01
-9.901086371188571889e+01
-8.795888571188569927e+01
-9.743200971188568360e+01
-7.690690771188570807e+01
-7.848576171188570072e+01
-8.953773971188572034e+01
-9.427430171188568409e+01
-1.005897177118856831e+02
-8.638003171188570661e+01
-9.743200971188568360e+01
-7.059149171188572325e+01
-8.480117771188568554e+01
-8.795888571188571348e+01
-8.953773971188569192e+01
-9.269544771188571985e+01
-6.269722171188571735e+01
-7.848576171188570072e+01
-8.638003171188572082e+01
-1.100628417118856817e+02
-1.037474257118857111e+02
-9.585315571188569095e+01
-1.163782577118856807e+02
-8.638003171188569240e+01
-9.111659371188569878e+01
-8.480117771188572817e+01
-1.037474257118857111e+02
-9.111659371188572720e+01
-8.322232371188570710e+01
-8.795888571188569927e+01
-8.953773971188570613e+01
-8.322232371188570710e+01
-8.953773971188569192e+01
-9.427430171188569830e+01
-8.953773971188572034e+01
-9.743200971188572623e+01
-1.053262797118856895e+02
-8.322232371188570710e+01
-9.901086371188570467e+01
-9.743200971188569781e+01
-9.427430171188572672e+01
-7.374919971188570855e+01
-7.690690771188570807e+01
-8.006461571188570758e+01
-7.690690771188569386e+01
-7.532805371188570120e+01
-8.480117771188569975e+01
-9.111659371188569878e+01
-1.037474257118856968e+02
-7.059149171188570904e+01
-9.901086371188569046e+01
-7.690690771188570807e+01
-8.480117771188569975e+01
-8.480117771188568554e+01
-8.795888571188569927e+01
-9.111659371188571299e+01
-8.638003171188572082e+01
-8.953773971188570613e+01
-8.638003171188570661e+01
-9.269544771188569143e+01
-8.480117771188569975e+01
-8.006461571188570758e+01
-8.322232371188572131e+01
-7.059149171188572325e+01
-7.532805371188570120e+01
-8.795888571188568505e+01
-9.585315571188571937e+01
-8.638003171188572082e+01
-7.532805371188572963e+01
-9.585315571188570516e+01
-8.322232371188570710e+01
-9.269544771188570564e+01
-7.532805371188572963e+01
-7.690690771188569386e+01
-8.006461571188570758e+01
-8.164346971188570024e+01
-8.795888571188569927e+01
-7.532805371188570120e+01
-7.848576171188572914e+01
-7.374919971188570855e+01
-9.585315571188573358e+01
-8.480117771188571396e+01
-8.638003171188572082e+01
-9.585315571188573358e+01
-8.480117771188568554e+01
-8.638003171188569240e+01
-8.480117771188569975e+01
-9.743200971188569781e+01
-7.217034571188570169e+01
-7.848576171188571493e+01
-1.132205497118857096e+02
-9.585315571188569095e+01
-7.848576171188570072e+01
-6.427607571188571001e+01
-9.585315571188571937e+01
-6.743378371188572373e+01
-9.111659371188569878e+01
-9.901086371188570467e+01
-8.480117771188571396e+01
-7.217034571188571590e+01
-8.795888571188571348e+01
-8.953773971188570613e+01
-9.111659371188571299e+01
-7.690690771188573649e+01
-6.269722171188571735e+01
-6.585492971188570266e+01
-9.427430171188569830e+01
-7.848576171188570072e+01
-8.795888571188572769e+01
-8.638003171188572082e+01
-8.164346971188572866e+01
-8.322232371188569289e+01
-9.269544771188571985e+01
-9.269544771188570564e+01
-8.953773971188570613e+01
-8.795888571188571348e+01
-9.901086371188571889e+01
-1.005897177118857115e+02
-9.901086371188570467e+01
-8.164346971188570024e+01
-7.690690771188570807e+01
-1.211148197118857297e+02
-8.480117771188568554e+01
-1.084839877118856890e+02
-8.953773971188570613e+01
-9.427430171188571251e+01
-8.322232371188570710e+01
-9.427430171188571251e+01
-1.084839877118857316e+02
-8.164346971188570024e+01
-9.269544771188569143e+01
-5.796065971188571098e+01
-1.053262797118857179e+02
-6.427607571188571001e+01
-8.953773971188569192e+01
-9.743200971188571202e+01
-9.901086371188573310e+01
-9.269544771188570564e+01
-8.164346971188570024e+01
-1.163782577118857375e+02
-8.638003171188572082e+01
-9.585315571188569095e+01
-7.217034571188573011e+01
-7.690690771188570807e+01
-1.226936737118856939e+02
-9.269544771188571985e+01
-7.690690771188570807e+01
-8.164346971188570024e+01
-9.901086371188571889e+01
-8.480117771188569975e+01
-8.638003171188572082e+01
-9.269544771188570564e+01
-7.532805371188572963e+01
-8.164346971188570024e+01
-8.164346971188570024e+01
-9.743200971188571202e+01
-9.585315571188571937e+01
-9.427430171188571251e+01
-8.480117771188569975e+01
-7.690690771188570807e+01
-9.585315571188567674e+01
-8.322232371188570710e+01
-9.585315571188571937e+01
-8.638003171188569240e+01
-7.374919971188572276e+01
-7.848576171188571493e+01
-8.006461571188570758e+01
-6.427607571188571001e+01
-8.795888571188572769e+01
-9.111659371188572720e+01
-8.480117771188569975e+01
-9.901086371188570467e+01
-9.743200971188572623e+01
-1.053262797118857321e+02
-9.111659371188569878e+01
-8.480117771188571396e+01
-9.269544771188570564e+01
-9.901086371188571889e+01
-9.269544771188571985e+01
-1.037474257118857253e+02
-8.638003171188569240e+01
-6.743378371188570952e+01
-9.269544771188571985e+01
-8.953773971188567771e+01
-8.480117771188571396e+01
-8.322232371188570710e+01
-9.585315571188567674e+01
-8.953773971188567771e+01
-8.480117771188571396e+01
-9.585315571188567674e+01
-7.059149171188570904e+01
-1.021685717118857042e+02
-7.374919971188572276e+01
-7.848576171188571493e+01
-8.322232371188570710e+01
-7.532805371188571542e+01
-9.427430171188572672e+01
-8.480117771188569975e+01
-1.084839877118857316e+02
-7.690690771188570807e+01
-9.111659371188569878e+01
-1.037474257118857111e+02
-7.848576171188570072e+01
-8.953773971188572034e+01
-8.322232371188570710e+01
-9.585315571188570516e+01
-6.427607571188572422e+01
-1.037474257118856826e+02
-7.690690771188569386e+01
-8.164346971188570024e+01
-9.427430171188571251e+01
-8.480117771188569975e+01
-9.901086371188571889e+01
-7.374919971188572276e+01
-6.743378371188570952e+01
-7.217034571188573011e+01
-1.037474257118856826e+02
-8.795888571188571348e+01
-6.585492971188571687e+01
-9.901086371188570467e+01
-7.059149171188570904e+01
-9.585315571188569095e+01
-7.848576171188570072e+01
-9.269544771188570564e+01
-9.111659371188572720e+01
-9.269544771188570564e+01
-9.269544771188570564e+01
-8.480117771188569975e+01
-7.059149171188570904e+01
-7.374919971188570855e+01
-8.795888571188571348e+01
-7.374919971188569434e+01
-1.084839877118857316e+02
-8.322232371188570710e+01
-8.006461571188572179e+01
-8.006461571188569337e+01
-8.322232371188569289e+01
-8.953773971188570613e+01
-8.953773971188570613e+01
-8.638003171188570661e+01
-7.059149171188572325e+01
-1.021685717118857184e+02
-8.953773971188567771e+01
-9.901086371188570467e+01
-8.164346971188571445e+01
-8.006461571188572179e+01
-7.690690771188573649e+01
-6.743378371188570952e+01
-9.111659371188569878e+01
-7.532805371188571542e+01
-8.638003171188572082e+01
-7.059149171188570904e+01
-8.164346971188570024e+01
-9.427430171188571251e+01
-7.690690771188569386e+01
-8.480117771188569975e+01
-7.217034571188571590e+01
-7.059149171188570904e+01
-7.217034571188571590e+01
-9.585315571188571937e+01
-7.374919971188570855e+01
-8.006461571188570758e+01
-7.848576171188571493e+01
-7.374919971188570855e+01
-1.037474257118857111e+02
-8.006461571188572179e+01
-6.743378371188572373e+01
-7.059149171188570904e+01
-8.638003171188572082e+01
-8.638003171188570661e+01
-8.795888571188569927e+01
-7.532805371188572963e+01
-8.006461571188572179e+01
-8.795888571188569927e+01
-8.953773971188572034e+01
-7.848576171188572914e+01
-6.111836771188571049e+01
-8.480117771188569975e+01
-8.164346971188570024e+01
-8.164346971188571445e+01
-8.795888571188572769e+01
-6.585492971188571687e+01
-1.100628417118857243e+02
-9.111659371188569878e+01
-1.005897177118857257e+02
-1.100628417118857243e+02
-1.053262797118857037e+02
-5.322409771188571881e+01
-8.638003171188569240e+01
-9.269544771188569143e+01
-9.743200971188571202e+01
-1.084839877118856890e+02
-9.269544771188570564e+01
-8.953773971188567771e+01
-5.796065971188572519e+01
-8.164346971188571445e+01
-6.901263771188571639e+01
-8.006461571188569337e+01
-9.585315571188570516e+01
-5.480295171188571146e+01
-8.164346971188570024e+01
-8.795888571188571348e+01
-9.269544771188570564e+01
-8.322232371188572131e+01
-7.690690771188572228e+01
-8.953773971188569192e+01
-7.059149171188570904e+01
-8.322232371188569289e+01
-9.269544771188571985e+01
-1.005897177118856831e+02
-7.690690771188570807e+01
-7.848576171188571493e+01
-7.217034571188570169e+01
-1.005897177118856831e+02
-1.021685717118857042e+02
-8.480117771188569975e+01
-1.005897177118856973e+02
-8.006461571188572179e+01
-9.743200971188569781e+01
-8.006461571188569337e+01
-9.111659371188568457e+01
-8.795888571188569927e+01
-6.585492971188571687e+01
-9.901086371188569046e+01
-8.480117771188569975e+01
-1.005897177118857257e+02
-9.427430171188571251e+01
-8.953773971188570613e+01
-9.743200971188571202e+01
-1.021685717118857184e+02
-8.322232371188570710e+01
-8.164346971188570024e+01
-9.585315571188571937e+01
-8.638003171188572082e+01
-9.585315571188570516e+01
-8.795888571188569927e+01
-6.901263771188573060e+01
-8.638003171188572082e+01
-9.269544771188569143e+01
-9.269544771188570564e+01
-7.690690771188572228e+01
-1.069051337118857106e+02
-9.427430171188572672e+01
-9.269544771188573407e+01
-8.006461571188569337e+01
-1.005897177118856973e+02
-9.111659371188569878e+01
-9.901086371188569046e+01
-9.743200971188571202e+01
-8.795888571188571348e+01
-1.005897177118856973e+02
-8.795888571188571348e+01
-1.005897177118857257e+02
-7.217034571188571590e+01
-8.480117771188571396e+01
-8.006461571188569337e+01
-7.374919971188572276e+01
-1.005897177118857257e+02
-8.006461571188570758e+01
-9.269544771188570564e+01
-8.322232371188570710e+01
-8.480117771188569975e+01
-8.795888571188571348e+01
-7.217034571188571590e+01
-8.638003171188569240e+01
-7.532805371188570120e+01
-7.690690771188570807e+01
-6.427607571188572422e+01
-9.585315571188571937e+01
-8.953773971188569192e+01
-1.053262797118857321e+02
-7.059149171188570904e+01
-7.848576171188570072e+01
-8.006461571188570758e+01
-7.059149171188572325e+01
-7.848576171188570072e+01
-8.006461571188570758e+01
-9.269544771188570564e+01
-8.164346971188572866e+01
-6.427607571188571001e+01
-9.743200971188569781e+01
-8.480117771188569975e+01
-8.953773971188569192e+01
-8.006461571188570758e+01
-9.111659371188571299e+01
-8.164346971188571445e+01
-8.322232371188569289e+01
-9.585315571188569095e+01
-7.690690771188572228e+01
-8.795888571188571348e+01
-7.532805371188571542e+01
-1.037474257118856968e+02
-5.164524371188572616e+01
-9.269544771188571985e+01
-1.021685717118856758e+02
-8.953773971188570613e+01
-1.084839877118857174e+02
-9.111659371188569878e+01
-8.164346971188571445e+01
-8.953773971188572034e+01
-1.084839877118857032e+02
-1.069051337118857106e+02
-8.480117771188569975e+01
-7.690690771188572228e+01
-8.006461571188569337e+01
-8.480117771188569975e+01
-6.269722171188573157e+01
-1.084839877118856890e+02
-1.005897177118856973e+02
-1.053262797118857037e+02
-8.322232371188572131e+01
-1.037474257118856968e+02
-7.374919971188572276e+01
-1.005897177118857115e+02
-1.005897177118856973e+02
-9.111659371188572720e+01
-9.427430171188568409e+01
-6.901263771188571639e+01
-8.006461571188570758e+01
-8.164346971188570024e+01
-1.005897177118857257e+02
-8.953773971188572034e+01
-1.084839877118857032e+02
-1.021685717118857326e+02
-8.164346971188570024e+01
-8.795888571188569927e+01
-8.480117771188574238e+01
-8.322232371188570710e+01
-1.084839877118856890e+02
-8.322232371188570710e+01
-1.179571117118857302e+02
-9.111659371188571299e+01
-1.005897177118856973e+02
-8.638003171188572082e+01
-1.053262797118857321e+02
-9.585315571188571937e+01
-9.585315571188571937e+01
-1.005897177118857257e+02
-9.743200971188568360e+01
-1.116416957118857027e+02
-8.795888571188569927e+01
-1.084839877118857174e+02
-9.427430171188571251e+01
-8.638003171188567819e+01
-6.901263771188573060e+01
-9.111659371188569878e+01
-7.059149171188570904e+01
-7.690690771188569386e+01
-7.848576171188570072e+01
-9.585315571188570516e+01
-8.480117771188568554e+01
-8.480117771188569975e+01
-8.322232371188572131e+01
-8.480117771188571396e+01
-7.690690771188570807e+01
-7.059149171188570904e+01
-8.322232371188569289e+01
-8.164346971188571445e+01
-9.269544771188571985e+01
-9.743200971188569781e+01
-7.374919971188569434e+01
-8.638003171188572082e+01
-9.111659371188568457e+01
-9.427430171188571251e+01
-7.848576171188570072e+01
-8.006461571188570758e+01
-9.427430171188569830e+01
-8.638003171188570661e+01
-8.953773971188570613e+01
-8.480117771188571396e+01
-8.953773971188569192e+01
-9.585315571188569095e+01
-9.427430171188571251e+01
-8.638003171188569240e+01
-7.374919971188572276e+01
-9.743200971188568360e+01
-9.901086371188570467e+01
-8.795888571188571348e+01
-8.322232371188570710e+01
-9.269544771188570564e+01
-9.901086371188567625e+01
-9.269544771188570564e+01
-7.690690771188572228e+01
-8.006461571188570758e+01
-9.111659371188569878e+01
-7.690690771188573649e+01
-9.111659371188571299e+01
-8.480117771188569975e+01
-8.795888571188572769e+01
-8.164346971188571445e+01
-8.638003171188570661e+01
-1.021685717118856758e+02
-8.795888571188569927e+01
-1.053262797118857037e+02
-8.006461571188570758e+01
-8.322232371188570710e+01
-8.006461571188570758e+01
-9.585315571188567674e+01
-1.005897177118857115e+02
-1.037474257118857111e+02
-1.021685717118857184e+02
-9.427430171188569830e+01
-9.901086371188567625e+01
-7.059149171188572325e+01
-1.005897177118857115e+02
-1.069051337118857106e+02
-8.006461571188569337e+01
-9.427430171188572672e+01
-9.111659371188572720e+01
-1.021685717118857184e+02
-8.480117771188569975e+01
-1.147994037118856738e+02
-9.111659371188571299e+01
-7.374919971188570855e+01
-8.795888571188571348e+01
-1.021685717118856758e+02
-8.953773971188570613e+01
-8.006461571188570758e+01
-8.953773971188569192e+01
-8.795888571188569927e+01
-1.037474257118857253e+02
-9.111659371188571299e+01
-8.006461571188569337e+01
-9.743200971188569781e+01
-9.427430171188571251e+01
-9.901086371188573310e+01
-8.795888571188569927e+01
-1.005897177118856831e+02
-7.217034571188571590e+01
-9.585315571188567674e+01
-9.743200971188571202e+01
-9.901086371188569046e+01
-1.084839877118857174e+02
-8.480117771188569975e+01
-1.037474257118857111e+02
-8.638003171188572082e+01
-8.638003171188572082e+01
-6.585492971188573108e+01
-8.164346971188571445e+01
-9.111659371188569878e+01
-7.059149171188570904e+01
-9.269544771188567722e+01
-7.217034571188571590e+01
-9.427430171188571251e+01
-7.374919971188572276e+01
-8.322232371188570710e+01
-7.532805371188571542e+01
-8.638003171188570661e+01
-8.638003171188572082e+01
-8.480117771188571396e+01
-1.021685717118856900e+02
-6.901263771188570217e+01
-9.269544771188570564e+01
-8.638003171188572082e+01
-9.111659371188569878e+01
-7.059149171188572325e+01
-8.006461571188569337e+01
-9.427430171188569830e+01
-9.585315571188571937e+01
-1.069051337118857106e+02
-1.037474257118857111e+02
-9.743200971188571202e+01
-7.374919971188570855e+01
-8.953773971188570613e+01
-8.322232371188572131e+01
-8.480117771188569975e+01
-8.638003171188572082e+01
-8.953773971188570613e+01
-8.322232371188570710e+01
-7.532805371188570120e+01
-1.053262797118857179e+02
-8.638003171188570661e+01
-8.322232371188570710e+01
-8.164346971188570024e+01
-7.848576171188570072e+01
-7.532805371188570120e+01
-6.111836771188572470e+01
-9.901086371188571889e+01
-9.111659371188571299e+01
-8.953773971188570613e+01
-9.901086371188571889e+01
-8.164346971188571445e+01
-9.427430171188572672e+01
-7.690690771188570807e+01
-1.037474257118857111e+02
-8.006461571188572179e+01
-9.269544771188570564e+01
-1.005897177118857257e+02
-9.743200971188571202e+01
-7.848576171188570072e+01
-8.953773971188572034e+01
-1.037474257118856968e+02
-6.901263771188571639e+01
-9.585315571188571937e+01
-1.021685717118857042e+02
-1.179571117118857018e+02
-8.638003171188572082e+01
-1.005897177118857257e+02
-1.069051337118857106e+02
-8.322232371188570710e+01
-7.217034571188571590e+01
-9.269544771188573407e+01
-9.585315571188571937e+01
-8.638003171188570661e+01
-8.322232371188570710e+01
-8.953773971188572034e+01
-8.164346971188571445e+01
-9.269544771188570564e+01
-6.427607571188571001e+01
-9.427430171188569830e+01
-7.374919971188572276e+01
-8.638003171188569240e+01
-7.374919971188572276e+01
-9.427430171188569830e+01
-8.480117771188571396e+01
-7.848576171188571493e+01
-1.021685717118857042e+02
-6.743378371188572373e+01
-8.638003171188570661e+01
-7.217034571188571590e+01
-8.638003171188572082e+01
-8.006461571188570758e+01
-8.638003171188569240e+01
-6.901263771188570217e+01
-8.953773971188570613e+01
-8.953773971188570613e+01
-7.848576171188570072e+01
-1.005897177118856973e+02
-9.743200971188571202e+01
-9.111659371188571299e+01
-8.953773971188569192e+01
-8.953773971188567771e+01
-8.164346971188571445e+01
-1.005897177118856973e+02
-8.638003171188570661e+01
-7.532805371188572963e+01
-9.111659371188569878e+01
-8.322232371188570710e+01
-9.427430171188571251e+01
-9.111659371188574141e+01
-8.953773971188572034e+01
-8.638003171188570661e+01
-7.374919971188572276e+01
-8.795888571188571348e+01
-8.006461571188570758e+01
-8.953773971188572034e+01
-6.585492971188571687e+01
-8.006461571188569337e+01
-1.084839877118856890e+02
-9.743200971188569781e+01
-9.901086371188571889e+01
-8.638003171188572082e+01
-9.743200971188569781e+01
-1.005897177118857257e+02
-1.005897177118857257e+02
-8.638003171188572082e+01
-7.848576171188572914e+01
-9.111659371188569878e+01
-9.111659371188571299e+01
-9.585315571188571937e+01
-9.585315571188570516e+01
-9.901086371188570467e+01
-9.585315571188571937e+01
-1.053262797118857179e+02
-9.269544771188569143e+01
-7.690690771188570807e+01
-9.269544771188571985e+01
-8.480117771188571396e+01
-8.638003171188572082e+01
-8.480117771188571396e+01
-1.147994037118857165e+02
-1.147994037118857165e+02
-9.269544771188571985e+01
-9.901086371188573310e+01
-9.427430171188572672e+01
-1.195359657118857228e+02
-1.163782577118857091e+02
-1.084839877118857316e+02
-8.795888571188572769e+01
-1.226936737118856797e+02
-1.116416957118857312e+02
-1.132205497118857096e+02
-1.084839877118857174e+02
-9.427430171188571251e+01
-1.116416957118857312e+02
-8.006461571188572179e+01
-1.116416957118857312e+02
-8.480117771188571396e+01
-8.953773971188573455e+01
-9.585315571188570516e+01
-8.953773971188572034e+01
-1.069051337118857106e+02
-9.743200971188572623e+01
-1.116416957118857312e+02
-1.005897177118857257e+02
-8.638003171188570661e+01
-1.005897177118857400e+02
-1.021685717118857184e+02
-1.053262797118857179e+02
-1.100628417118857243e+02
-1.084839877118857174e+02
-1.021685717118857184e+02
-9.743200971188572623e+01
-9.743200971188572623e+01
-1.147994037118857165e+02
-1.226936737118857081e+02
-1.132205497118857238e+02
-1.211148197118857297e+02
-1.132205497118857096e+02
-1.258513817118856934e+02
-8.322232371188572131e+01
-1.116416957118857312e+02
-1.084839877118857316e+02
-1.037474257118857253e+02
-1.179571117118856876e+02
-1.053262797118857321e+02
-8.953773971188573455e+01
-9.427430171188569830e+01
-1.242725277118857292e+02
-9.901086371188573310e+01
-1.163782577118856949e+02
-1.163782577118857091e+02
-1.053262797118857321e+02
-1.211148197118857013e+02
-1.226936737118857224e+02
-1.179571117118857160e+02
-9.901086371188571889e+01
-1.337456517118857278e+02
-9.743200971188572623e+01
-1.021685717118857184e+02
-1.037474257118857253e+02
-1.100628417118857243e+02
-1.132205497118857096e+02
-1.132205497118857096e+02
-1.179571117118857160e+02
-1.179571117118857160e+02
-9.901086371188571889e+01
-1.337456517118856993e+02
-1.069051337118857106e+02
-1.132205497118857238e+02
-1.116416957118857027e+02
-1.147994037118857307e+02
-9.585315571188571937e+01
-1.100628417118857243e+02
-1.132205497118857096e+02
-1.195359657118857086e+02
-1.084839877118857316e+02
-1.290090897118857072e+02
-1.258513817118857219e+02
-9.743200971188574044e+01
-1.195359657118857228e+02
-1.305879437118856856e+02
-1.432187757118857121e+02
-1.116416957118857027e+02
-1.305879437118856856e+02
-1.337456517118857278e+02
-1.147994037118857165e+02
-1.132205497118857096e+02
-1.526918997118856964e+02
-1.084839877118857316e+02
-1.305879437118857140e+02
-1.163782577118857375e+02
-1.290090897118857072e+02
-1.242725277118857150e+02
-1.163782577118857091e+02
-1.258513817118857077e+02
-1.321667977118857209e+02
-1.337456517118856709e+02
-1.321667977118857209e+02
-1.290090897118857356e+02
-1.432187757118857121e+02
-1.037474257118857111e+02
-1.211148197118857155e+02
-1.132205497118857096e+02
-1.337456517118856993e+02
-1.290090897118857072e+02
-1.369033597118856846e+02
-1.337456517118856993e+02
-1.258513817118856934e+02
-1.147994037118857307e+02
-1.147994037118857023e+02
-1.179571117118857018e+02
-1.242725277118857150e+02
-1.163782577118857091e+02
-1.274302357118856861e+02
-1.163782577118857233e+02
-1.305879437118857140e+02
-1.384822137118857199e+02
-1.211148197118857013e+02
-1.211148197118857297e+02
-1.195359657118857086e+02
-1.369033597118857131e+02
-1.069051337118857248e+02
-1.369033597118857131e+02
-1.290090897118857072e+02
-1.384822137118857199e+02
-1.163782577118857091e+02
-1.226936737118857224e+02
-1.226936737118857081e+02
-1.084839877118857316e+02
-1.053262797118857179e+02
-9.743200971188574044e+01
-1.163782577118857233e+02
-1.226936737118857224e+02
-1.321667977118857209e+02
-1.226936737118857366e+02
-1.116416957118857027e+02
-1.211148197118857155e+02
-1.416399217118857052e+02
-1.147994037118857307e+02
-9.585315571188570516e+01
-1.179571117118857160e+02
-9.901086371188571889e+01
-1.132205497118857096e+02
-1.242725277118857150e+02
-1.037474257118857111e+02
-1.163782577118857233e+02
-1.242725277118857292e+02
-1.147994037118857165e+02
-1.195359657118857228e+02
-1.163782577118857233e+02
-1.100628417118857101e+02
-1.321667977118857209e+02
-1.179571117118857160e+02
-1.321667977118857209e+02
-1.179571117118857160e+02
-1.290090897118857072e+02
-1.147994037118857165e+02
-1.321667977118857209e+02
-1.226936737118857366e+02
-1.132205497118856954e+02
-1.290090897118857356e+02
-1.226936737118857224e+02
-1.242725277118857150e+02
-1.226936737118857081e+02
-1.211148197118857013e+02
-1.353245057118856778e+02
-1.242725277118857434e+02
-1.242725277118856866e+02
-1.195359657118857086e+02
-1.305879437118857140e+02
-1.211148197118857013e+02
-1.132205497118857096e+02
-1.321667977118857209e+02
-1.195359657118857228e+02
-1.163782577118857091e+02
-1.242725277118857150e+02
-1.100628417118857101e+02
-1.116416957118857027e+02
-1.084839877118857032e+02
-1.242725277118857008e+02
-1.179571117118857302e+02
-1.211148197118857155e+02
-8.638003171188572082e+01
-9.901086371188570467e+01
-1.132205497118857238e+02
-9.111659371188569878e+01
-1.037474257118857253e+02
-1.226936737118857081e+02
-1.037474257118857395e+02
-9.901086371188571889e+01
-1.179571117118857160e+02
-8.480117771188574238e+01
-1.163782577118857091e+02
-1.211148197118857297e+02
-1.274302357118856861e+02
-1.290090897118857356e+02
-1.290090897118857072e+02
-1.132205497118857096e+02
-1.305879437118857140e+02
-1.116416957118857312e+02
-1.021685717118857326e+02
-1.242725277118857150e+02
-1.021685717118857042e+02
-1.258513817118856934e+02
-1.195359657118856944e+02
-1.274302357118857003e+02
-1.163782577118857233e+02
-1.211148197118856871e+02
-1.195359657118857086e+02
-1.321667977118856925e+02
-1.179571117118857302e+02
-1.132205497118857238e+02
-1.211148197118857013e+02
-1.258513817118856934e+02
-1.242725277118857150e+02
-1.163782577118857091e+02
-1.226936737118857081e+02
-1.274302357118857145e+02
-1.163782577118857233e+02
-1.242725277118856866e+02
-1.037474257118857111e+02
-1.258513817118856934e+02
-1.274302357118857145e+02
-1.305879437118857140e+02
-1.211148197118857297e+02
-1.116416957118857169e+02
-1.337456517118856993e+02
-1.321667977118856925e+02
-1.100628417118857243e+02
-1.132205497118857238e+02
-1.147994037118857307e+02
-1.305879437118857140e+02
-1.274302357118856861e+02
-1.147994037118857165e+02
-1.195359657118857228e+02
-1.211148197118857155e+02
-1.416399217118857337e+02
-1.211148197118857297e+02
-1.163782577118857091e+02
-1.321667977118856925e+02
-1.274302357118857003e+02
-1.132205497118857096e+02
-1.195359657118857086e+02
-9.743200971188572623e+01
-1.100628417118857243e+02
-1.116416957118857312e+02
-1.179571117118857018e+02
-9.901086371188571889e+01
-9.269544771188571985e+01
-1.116416957118857169e+02
-1.290090897118856788e+02
-1.005897177118857257e+02
-1.258513817118856934e+02
-1.242725277118857292e+02
-1.258513817118857219e+02
-1.195359657118857228e+02
-1.242725277118857150e+02
-1.069051337118857248e+02
-1.195359657118857086e+02
-1.084839877118857032e+02
-1.069051337118857106e+02
-1.084839877118857032e+02
-1.337456517118857278e+02
-1.100628417118857101e+02
-1.163782577118856949e+02
-1.211148197118857155e+02
-1.400610677118857268e+02
-1.337456517118857278e+02
-1.211148197118857013e+02
-1.226936737118856797e+02
-1.053262797118857179e+02
-1.226936737118857081e+02
-1.053262797118857179e+02
-1.290090897118857072e+02
-1.179571117118857160e+02
-1.195359657118857228e+02
-1.321667977118857209e+02
-1.005897177118857400e+02
-1.147994037118857165e+02
-1.100628417118857101e+02
-1.147994037118857307e+02
-1.147994037118857023e+02
-1.100628417118857101e+02
-1.021685717118857326e+02
-1.084839877118856890e+02
-1.305879437118857425e+02
-1.195359657118857086e+02
-1.226936737118857366e+02
-1.242725277118857008e+02
-1.274302357118857287e+02
-1.163782577118857375e+02
-9.585315571188571937e+01
-1.290090897118857072e+02
-1.116416957118857027e+02
-1.147994037118857307e+02
-1.132205497118857096e+02
-1.179571117118857160e+02
-1.116416957118857169e+02
-1.021685717118857042e+02
-1.037474257118857111e+02
-1.179571117118857160e+02
-1.037474257118857253e+02
-1.116416957118857027e+02
-1.305879437118857140e+02
-1.258513817118857077e+02
-1.305879437118857140e+02
-1.116416957118857169e+02
-1.132205497118857096e+02
-1.384822137118857199e+02
-1.132205497118857096e+02
-1.147994037118857307e+02
-1.321667977118857209e+02
-1.242725277118857150e+02
-9.427430171188572672e+01
-1.053262797118857179e+02
-1.290090897118857072e+02
-1.179571117118857160e+02
-1.195359657118857228e+02
-1.179571117118857160e+02
-9.585315571188570516e+01
-1.274302357118857003e+02
-1.242725277118857008e+02
-1.116416957118857169e+02
-1.337456517118857278e+02
-1.132205497118857096e+02
-9.427430171188572672e+01
-1.100628417118857101e+02
-1.100628417118857101e+02
-1.274302357118857287e+02
-1.163782577118857091e+02
-1.274302357118856861e+02
-1.116416957118857027e+02
-1.037474257118857111e+02
-1.290090897118857356e+02
-1.179571117118857160e+02
-1.258513817118857219e+02
-1.100628417118857243e+02
-1.100628417118857101e+02
-1.179571117118857302e+02
-1.321667977118856925e+02
-1.084839877118857174e+02
-1.069051337118857248e+02
-1.290090897118857072e+02
-1.242725277118857150e+02
-1.242725277118856866e+02
-1.274302357118857003e+02
-9.901086371188573310e+01
-1.274302357118857287e+02
-1.069051337118857106e+02
-1.037474257118857253e+02
-1.084839877118857174e+02
-1.211148197118857013e+02
-1.226936737118857081e+02
-1.242725277118856866e+02
-1.242725277118857150e+02
-1.132205497118857238e+02
-1.226936737118857081e+02
-1.337456517118856709e+02
-1.369033597118856846e+02
-1.179571117118857160e+02
-1.242725277118857150e+02
-1.353245057118857062e+02
-1.321667977118857209e+02
-1.242725277118857150e+02
-1.211148197118857013e+02
-1.305879437118857140e+02
-1.384822137118857199e+02
-1.258513817118857077e+02
-1.242725277118857150e+02
-1.195359657118857086e+02
-1.021685717118857326e+02
-1.290090897118857072e+02
-1.195359657118857086e+02
-1.132205497118857380e+02
-1.195359657118857228e+02
-1.242725277118857150e+02
-1.211148197118857297e+02
-1.258513817118857219e+02
-1.163782577118857091e+02
-1.305879437118857140e+02
-1.163782577118857375e+02
-1.242725277118857150e+02
-1.100628417118857243e+02
-1.069051337118857248e+02
-1.226936737118857081e+02
-1.337456517118857278e+02
-1.147994037118857307e+02
-1.037474257118857253e+02
-1.147994037118857165e+02
-1.305879437118857140e+02
-1.242725277118857150e+02
-1.226936737118857224e+02
-1.147994037118857307e+02
-1.195359657118857086e+02
-1.353245057118856778e+02
-1.226936737118856797e+02
-1.116416957118857169e+02
-1.274302357118857003e+02
-1.132205497118857238e+02
-1.226936737118857081e+02
-1.242725277118857292e+02
-1.211148197118857013e+02
-1.211148197118857013e+02
-1.195359657118857228e+02
-1.163782577118857233e+02
-1.195359657118856944e+02
-1.258513817118857077e+02
-1.274302357118857003e+02
-1.211148197118857155e+02
-1.116416957118857027e+02
-1.337456517118857278e+02
-1.353245057118857346e+02
-1.290090897118856788e+02
-1.179571117118857160e+02
-1.242725277118857292e+02
-1.132205497118857096e+02
-1.084839877118857174e+02
-1.037474257118857111e+02
-1.037474257118857253e+02
-9.585315571188570516e+01
-1.195359657118856944e+02
-1.163782577118857233e+02
-1.069051337118857106e+02
-8.795888571188571348e+01
-1.305879437118857140e+02
-1.258513817118857219e+02
-1.069051337118857106e+02
-1.037474257118857111e+02
-1.116416957118857169e+02
-1.258513817118856934e+02
-1.053262797118857179e+02
-1.037474257118857253e+02
-1.321667977118856925e+02
-1.195359657118857228e+02
-1.290090897118857072e+02
-1.337456517118857278e+02
-1.258513817118857219e+02
-1.290090897118857072e+02
-1.226936737118857224e+02
-1.163782577118857091e+02
-1.211148197118857013e+02
-1.274302357118857287e+02
-1.211148197118857297e+02
-1.226936737118857081e+02
-1.400610677118856984e+02
-1.195359657118857086e+02
-1.258513817118857219e+02
-1.258513817118857219e+02
-1.211148197118857297e+02
-1.195359657118857086e+02
-1.147994037118857165e+02
-1.179571117118857302e+02
-1.353245057118857346e+02
-1.274302357118857003e+02
-1.258513817118857219e+02
-1.258513817118856934e+02
-1.005897177118857115e+02
-1.273922695191585035e+02
1.331186404808414920e+02
-1.305499775191585172e+02
-1.826521595191584879e+02
-1.242345615191585182e+02
-1.194979995191584976e+02
-1.068671675191584995e+02
-7.844779551915848970e+01
-8.002664951915851077e+01
-8.634206551915850980e+01
-6.897467151915849115e+01
-8.634206551915852401e+01
-1.037094595191585142e+02
-8.160550351915850342e+01
-8.792091951915850245e+01
-1.005517515191585005e+02
-1.116037295191585059e+02
-9.107862751915851618e+01
-9.581518951915849414e+01
-8.634206551915850980e+01
-9.265748151915850883e+01
-7.213237951915851909e+01
-8.160550351915851763e+01
-8.318435751915849607e+01
-9.581518951915849414e+01
-6.581696351915850585e+01
-7.371123351915852595e+01
-9.897289751915852207e+01
-7.529008751915850439e+01
-1.068671675191584995e+02
-6.739581751915852692e+01
-8.792091951915848824e+01
-1.084460215191585064e+02
-8.476321151915851715e+01
-8.318435751915849607e+01
-9.581518951915849414e+01
-9.265748151915849462e+01
-7.055352551915851222e+01
-1.084460215191584922e+02
-6.897467151915849115e+01
-1.084460215191584922e+02
-7.371123351915849753e+01
-8.002664951915849656e+01
-9.739404351915851521e+01
-8.634206551915852401e+01
-8.792091951915850245e+01
-8.160550351915850342e+01
-1.021306055191585074e+02
-6.581696351915852006e+01
-9.423633551915850148e+01
-1.052883135191585069e+02
-8.792091951915851666e+01
-9.423633551915851569e+01
-8.476321151915850294e+01
-1.021306055191584932e+02
-1.005517515191585005e+02
-8.792091951915851666e+01
-8.318435751915851029e+01
-9.423633551915850148e+01
-9.107862751915851618e+01
-8.160550351915850342e+01
-8.318435751915849607e+01
-8.792091951915850245e+01
-8.792091951915850245e+01
-7.371123351915852595e+01
-1.037094595191585000e+02
-9.265748151915852304e+01
-8.476321151915851715e+01
-8.002664951915849656e+01
-8.476321151915850294e+01
-9.423633551915850148e+01
-5.792269351915851416e+01
-8.634206551915852401e+01
-9.423633551915848727e+01
-9.107862751915850197e+01
-9.107862751915848776e+01
-6.739581751915849850e+01
-9.581518951915850835e+01
-1.021306055191585074e+02
-7.686894151915851126e+01
-7.055352551915849801e+01
-9.423633551915850148e+01
-8.476321151915851715e+01
-9.265748151915850883e+01
-9.581518951915850835e+01
-8.476321151915851715e+01
-8.949977351915849511e+01
-9.739404351915850100e+01
-6.739581751915852692e+01
-9.581518951915850835e+01
-9.423633551915850148e+01
-8.634206551915850980e+01
-7.213237951915851909e+01
-8.160550351915850342e+01
-7.213237951915851909e+01
-7.686894151915849704e+01
-6.423810951915851319e+01
-8.002664951915851077e+01
-7.529008751915851860e+01
-8.160550351915851763e+01
-8.949977351915850932e+01
-7.686894151915849704e+01
-1.005517515191585005e+02
-8.634206551915852401e+01
-9.107862751915851618e+01
-8.792091951915850245e+01
-1.037094595191585142e+02
-8.949977351915849511e+01
-9.739404351915848679e+01
-7.213237951915851909e+01
-8.792091951915850245e+01
-7.529008751915853281e+01
-7.529008751915850439e+01
-8.318435751915851029e+01
-7.844779551915848970e+01
-8.792091951915850245e+01
-8.634206551915849559e+01
-7.686894151915851126e+01
-7.844779551915850391e+01
-8.792091951915850245e+01
-7.213237951915851909e+01
-8.949977351915849511e+01
-8.002664951915851077e+01
-7.529008751915850439e+01
-7.213237951915851909e+01
-8.634206551915849559e+01
-9.265748151915849462e+01
-8.949977351915850932e+01
-8.318435751915852450e+01
-9.107862751915848776e+01
-8.634206551915849559e+01
-8.634206551915850980e+01
-8.160550351915850342e+01
-8.002664951915849656e+01
-6.108040151915849947e+01
-4.371300751915850924e+01
-9.423633551915850148e+01
-8.949977351915849511e+01
-7.844779551915851812e+01
-6.581696351915849164e+01
-8.949977351915849511e+01
-7.686894151915849704e+01
-7.844779551915850391e+01
-7.371123351915849753e+01
-6.897467151915851957e+01
-8.318435751915851029e+01
-6.739581751915851271e+01
-8.002664951915851077e+01
-8.634206551915852401e+01
-6.897467151915853378e+01
-6.897467151915850536e+01
-8.160550351915850342e+01
-8.476321151915851715e+01
-7.686894151915851126e+01
-8.002664951915851077e+01
-7.844779551915851812e+01
-9.897289751915852207e+01
-9.107862751915848776e+01
-7.844779551915851812e+01
-8.476321151915850294e+01
-7.371123351915852595e+01
-1.052883135191584927e+02
-8.476321151915850294e+01
-7.686894151915851126e+01
-7.686894151915851126e+01
-8.949977351915850932e+01
-8.634206551915849559e+01
-8.792091951915848824e+01
-8.476321151915850294e+01
-9.107862751915850197e+01
-8.949977351915850932e+01
-6.739581751915849850e+01
-7.055352551915849801e+01
-8.318435751915851029e+01
-8.634206551915850980e+01
-1.084460215191584922e+02
-6.423810951915849898e+01
-1.005517515191584863e+02
-6.423810951915851319e+01
-7.844779551915851812e+01
-7.529008751915853281e+01
-8.318435751915851029e+01
-7.844779551915851812e+01
-7.529008751915850439e+01
-7.529008751915851860e+01
-7.844779551915850391e+01
-8.634206551915852401e+01
-7.371123351915852595e+01
-1.052883135191584927e+02
-8.634206551915849559e+01
-7.844779551915850391e+01
-7.844779551915851812e+01
-8.160550351915851763e+01
-9.581518951915850835e+01
-8.318435751915851029e+01
-1.005517515191585147e+02
-6.423810951915851319e+01
-8.318435751915851029e+01
-8.160550351915850342e+01
-8.002664951915849656e+01
-7.371123351915851174e+01
-8.160550351915851763e+01
-8.318435751915851029e+01
-9.107862751915848776e+01
-7.529008751915851860e+01
-9.423633551915851569e+01
-9.265748151915850883e+01
-8.476321151915850294e+01
-1.005517515191585005e+02
-1.068671675191585280e+02
-7.371123351915849753e+01
-7.213237951915851909e+01
-7.371123351915852595e+01
-1.100248755191585133e+02
-7.686894151915851126e+01
-7.371123351915851174e+01
-6.897467151915850536e+01
-8.792091951915851666e+01
-9.265748151915850883e+01
-7.844779551915850391e+01
-6.897467151915850536e+01
-4.687071551915850165e+01
-6.739581751915851271e+01
-7.686894151915851126e+01
-9.739404351915848679e+01
-9.423633551915850148e+01
-6.897467151915850536e+01
-7.371123351915849753e+01
-5.634383951915849309e+01
-8.160550351915850342e+01
-5.950154751915851392e+01
-5.476498551915851465e+01
-7.844779551915850391e+01
-7.844779551915851812e+01
-7.529008751915850439e+01
-8.160550351915851763e+01
-7.686894151915851126e+01
-7.686894151915851126e+01
-7.844779551915848970e+01
-7.055352551915851222e+01
-8.160550351915851763e+01
-7.529008751915850439e+01
-7.529008751915849018e+01
-9.581518951915850835e+01
-7.213237951915851909e+01
-8.160550351915851763e+01
-8.634206551915850980e+01
-9.423633551915850148e+01
-8.318435751915851029e+01
-8.002664951915851077e+01
-8.476321151915851715e+01
-6.897467151915850536e+01
-9.739404351915850100e+01
-9.265748151915849462e+01
-7.213237951915850488e+01
-8.792091951915850245e+01
-9.107862751915850197e+01
-8.002664951915849656e+01
-7.055352551915851222e+01
-9.107862751915848776e+01
-9.107862751915850197e+01
-8.792091951915850245e+01
-6.897467151915850536e+01
-8.318435751915849607e+01
-8.318435751915851029e+01
-9.897289751915850786e+01
-9.265748151915852304e+01
-8.002664951915851077e+01
-8.634206551915849559e+01
-7.213237951915851909e+01
-9.107862751915848776e+01
-8.792091951915851666e+01
-8.160550351915850342e+01
-6.423810951915851319e+01
-8.002664951915849656e+01
-7.213237951915851909e+01
-6.739581751915849850e+01
-7.844779551915848970e+01
-8.634206551915852401e+01
-9.265748151915852304e+01
-8.002664951915852498e+01
-6.897467151915850536e+01
-7.529008751915850439e+01
-8.160550351915848921e+01
-8.476321151915850294e+01
-8.476321151915851715e+01
-8.634206551915849559e+01
-7.529008751915851860e+01
-6.897467151915850536e+01
-6.423810951915851319e+01
-8.949977351915850932e+01
-7.529008751915849018e+01
-6.423810951915851319e+01
-8.002664951915849656e+01
-9.107862751915851618e+01
-7.371123351915851174e+01
-1.021306055191585074e+02
-6.897467151915851957e+01
-6.739581751915849850e+01
-8.634206551915850980e+01
-7.844779551915848970e+01
-6.108040151915850657e+01
-9.265748151915850883e+01
-8.002664951915852498e+01
-8.002664951915851077e+01
-7.686894151915851126e+01
-9.265748151915849462e+01
-8.634206551915850980e+01
-5.792269351915849285e+01
-6.581696351915852006e+01
-6.739581751915849850e+01
-8.002664951915849656e+01
-8.160550351915850342e+01
-8.002664951915849656e+01
-8.318435751915851029e+01
-7.371123351915849753e+01
-6.897467151915850536e+01
-9.581518951915850835e+01
-9.739404351915851521e+01
-6.581696351915852006e+01
-9.107862751915848776e+01
-8.160550351915850342e+01
-6.897467151915851957e+01
-6.739581751915849850e+01
-8.476321151915850294e+01
-7.055352551915849801e+01
-7.686894151915851126e+01
-8.318435751915851029e+01
-6.265925551915850633e+01
-8.634206551915852401e+01
-8.002664951915849656e+01
-6.423810951915849898e+01
-9.265748151915849462e+01
-8.002664951915852498e+01
-9.107862751915850197e+01
-8.476321151915851715e+01
-7.371123351915852595e+01
-8.792091951915848824e+01
-9.581518951915850835e+01
-8.318435751915849607e+01
-8.634206551915852401e+01
-7.686894151915851126e+01
-7.686894151915851126e+01
-8.318435751915851029e+01
-8.002664951915849656e+01
-9.581518951915849414e+01
-9.107862751915851618e+01
-8.949977351915850932e+01
-6.108040151915849947e+01
-8.002664951915849656e+01
-8.002664951915851077e+01
-7.371123351915849753e+01
-7.844779551915850391e+01
-6.265925551915850633e+01
-8.002664951915852498e+01
-7.055352551915851222e+01
-7.686894151915851126e+01
-7.371123351915851174e+01
-8.002664951915852498e+01
-9.107862751915851618e+01
-7.686894151915851126e+01
-7.213237951915849067e+01
-7.371123351915852595e+01
-7.371123351915851174e+01
-7.844779551915851812e+01
-9.107862751915851618e+01
-6.581696351915852006e+01
-7.529008751915850439e+01
-8.949977351915850932e+01
-8.002664951915852498e+01
-9.581518951915849414e+01
-7.529008751915850439e+01
-7.529008751915850439e+01
-8.634206551915849559e+01
-8.949977351915850932e+01
-8.949977351915849511e+01
-8.476321151915851715e+01
-8.792091951915850245e+01
-9.265748151915850883e+01
-8.476321151915850294e+01
-6.423810951915851319e+01
-9.265748151915849462e+01
-8.949977351915850932e+01
-8.160550351915850342e+01
-6.739581751915851271e+01
-6.581696351915850585e+01
-7.686894151915851126e+01
-6.265925551915850633e+01
-9.897289751915850786e+01
-7.371123351915851174e+01
-9.107862751915850197e+01
-8.476321151915848873e+01
-8.160550351915851763e+01
-8.949977351915849511e+01
-6.739581751915852692e+01
-8.476321151915850294e+01
-8.634206551915850980e+01
-8.318435751915851029e+01
-7.686894151915849704e+01
-8.160550351915851763e+01
-9.265748151915849462e+01
-6.423810951915851319e+01
-8.160550351915850342e+01
-6.108040151915850657e+01
-8.002664951915849656e+01
-7.529008751915850439e+01
-8.160550351915850342e+01
-1.052883135191584927e+02
-7.371123351915849753e+01
-6.739581751915849850e+01
-6.581696351915852006e+01
-5.950154751915849971e+01
-7.686894151915851126e+01
-7.686894151915851126e+01
-7.686894151915851126e+01
-8.002664951915851077e+01
-1.005517515191585005e+02
-7.529008751915850439e+01
-6.897467151915850536e+01
-8.318435751915851029e+01
-8.949977351915850932e+01
-7.844779551915851812e+01
-9.897289751915850786e+01
-9.423633551915850148e+01
-7.686894151915848283e+01
-6.897467151915850536e+01
-8.476321151915848873e+01
-7.371123351915852595e+01
-7.055352551915851222e+01
-1.005517515191585147e+02
-7.529008751915851860e+01
-8.318435751915851029e+01
-8.476321151915851715e+01
-7.529008751915850439e+01
-8.634206551915850980e+01
-8.949977351915850932e+01
-7.529008751915850439e+01
-8.318435751915851029e+01
-7.844779551915851812e+01
-6.581696351915852006e+01
-7.371123351915849753e+01
-7.686894151915851126e+01
-7.055352551915851222e+01
-9.107862751915850197e+01
-8.318435751915851029e+01
-7.844779551915848970e+01
-8.318435751915849607e+01
-8.476321151915848873e+01
-6.897467151915851957e+01
-8.949977351915850932e+01
-7.844779551915848970e+01
-7.371123351915851174e+01
-7.213237951915850488e+01
-7.529008751915850439e+01
-8.634206551915850980e+01
-7.213237951915851909e+01
-8.634206551915849559e+01
-6.423810951915851319e+01
-9.897289751915849365e+01
-8.634206551915850980e+01
-8.476321151915851715e+01
-9.423633551915848727e+01
-6.108040151915852078e+01
-8.002664951915851077e+01
-7.055352551915849801e+01
-9.107862751915850197e+01
-8.476321151915851715e+01
-6.265925551915851344e+01
-9.265748151915850883e+01
-8.634206551915852401e+01
-7.213237951915851909e+01
-7.686894151915852547e+01
-1.005517515191585005e+02
-6.265925551915852054e+01
-6.897467151915850536e+01
-8.634206551915849559e+01
-8.634206551915849559e+01
-8.318435751915851029e+01
-9.265748151915849462e+01
-8.634206551915849559e+01
-9.423633551915851569e+01
-7.686894151915851126e+01
-6.897467151915850536e+01
-7.686894151915851126e+01
-7.844779551915851812e+01
-7.213237951915851909e+01
-8.792091951915850245e+01
-7.686894151915851126e+01
-8.792091951915850245e+01
-6.265925551915850633e+01
-7.371123351915852595e+01
-8.318435751915851029e+01
-5.792269351915851416e+01
-8.318435751915851029e+01
-9.897289751915850786e+01
-7.529008751915850439e+01
-8.792091951915850245e+01
-1.052883135191584927e+02
-5.160727751915850803e+01
-8.002664951915852498e+01
-9.423633551915850148e+01
-9.265748151915849462e+01
-8.160550351915851763e+01
-9.265748151915849462e+01
-8.634206551915850980e+01
-8.318435751915852450e+01
-8.002664951915849656e+01
-9.265748151915849462e+01
-7.213237951915851909e+01
-6.265925551915850633e+01
-9.423633551915848727e+01
-7.686894151915851126e+01
-6.739581751915849850e+01
-9.423633551915850148e+01
-8.160550351915851763e+01
-9.739404351915851521e+01
-7.213237951915849067e+01
-9.897289751915850786e+01
-9.265748151915850883e+01
-7.055352551915851222e+01
-8.002664951915849656e+01
-7.844779551915851812e+01
-9.107862751915850197e+01
-7.371123351915849753e+01
-7.529008751915850439e+01
-9.265748151915850883e+01
-7.844779551915850391e+01
-7.844779551915851812e+01
-7.213237951915851909e+01
-1.052883135191585069e+02
-6.581696351915849164e+01
-9.897289751915850786e+01
-9.107862751915851618e+01
-7.529008751915850439e+01
-7.529008751915850439e+01
-6.739581751915851271e+01
-7.844779551915848970e+01
-8.792091951915850245e+01
-9.265748151915849462e+01
-6.265925551915851344e+01
-9.107862751915850197e+01
-7.371123351915849753e+01
-9.107862751915851618e+01
-8.792091951915851666e+01
-9.107862751915848776e+01
-8.792091951915851666e+01
-8.792091951915850245e+01
-6.581696351915849164e+01
-8.160550351915850342e+01
-9.107862751915850197e+01
-7.844779551915851812e+01
-8.634206551915850980e+01
-7.055352551915852644e+01
-5.950154751915850682e+01
-7.844779551915851812e+01
-7.055352551915851222e+01
-7.529008751915850439e+01
-1.005517515191585147e+02
-7.844779551915850391e+01
-7.844779551915851812e+01
-8.792091951915850245e+01
-7.213237951915851909e+01
-7.844779551915851812e+01
-9.739404351915851521e+01
-6.581696351915852006e+01
-7.213237951915849067e+01
-7.686894151915851126e+01
-8.002664951915849656e+01
-9.107862751915850197e+01
-7.686894151915851126e+01
-9.107862751915850197e+01
-7.371123351915849753e+01
-8.634206551915849559e+01
-5.476498551915849333e+01
-1.005517515191585005e+02
-8.476321151915851715e+01
-8.002664951915851077e+01
-8.792091951915850245e+01
-7.055352551915851222e+01
-8.002664951915851077e+01
-6.739581751915849850e+01
-9.265748151915850883e+01
-4.844956951915851562e+01
-8.318435751915851029e+01
-6.581696351915849164e+01
-8.318435751915849607e+01
-9.423633551915850148e+01
-7.055352551915851222e+01
-7.055352551915848380e+01
-6.897467151915850536e+01
-8.792091951915850245e+01
-7.371123351915852595e+01
-8.318435751915851029e+01
-6.739581751915852692e+01
-7.213237951915851909e+01
-8.949977351915850932e+01
-8.002664951915849656e+01
-8.949977351915849511e+01
-7.055352551915851222e+01
-7.686894151915849704e+01
-7.213237951915851909e+01
-8.002664951915852498e+01
-9.739404351915850100e+01
-6.423810951915848477e+01
-1.068671675191584995e+02
-6.739581751915851271e+01
-7.844779551915851812e+01
-7.371123351915852595e+01
-8.318435751915849607e+01
-7.686894151915849704e+01
-7.529008751915850439e+01
-5.950154751915849971e+01
-8.160550351915850342e+01
-1.116037295191584917e+02
-7.844779551915848970e+01
-8.634206551915850980e+01
-8.160550351915850342e+01
-8.634206551915850980e+01
-8.476321151915851715e+01
-6.581696351915850585e+01
-8.318435751915851029e+01
-8.634206551915849559e+01
-8.002664951915849656e+01
-6.265925551915849923e+01
-1.052883135191585069e+02
-9.107862751915848776e+01
-8.160550351915850342e+01
-7.213237951915851909e+01
-7.213237951915851909e+01
-8.634206551915850980e+01
-8.476321151915851715e+01
-6.739581751915851271e+01
-7.844779551915851812e+01
-8.318435751915851029e+01
-8.634206551915849559e+01
-9.581518951915850835e+01
-8.318435751915851029e+01
-7.371123351915849753e+01
-6.581696351915852006e+01
-7.529008751915850439e+01
-8.792091951915851666e+01
-6.739581751915849850e+01
-7.844779551915848970e+01
-8.634206551915850980e+01
-8.160550351915850342e+01
-7.371123351915852595e+01
-4.055529951915849551e+01
-8.002664951915849656e+01
-8.318435751915851029e+01
-7.844779551915848970e+01
-6.423810951915851319e+01
-7.213237951915849067e+01
-5.318613151915851489e+01
-9.423633551915850148e+01
-8.160550351915850342e+01
-8.002664951915849656e+01
-8.318435751915851029e+01
-7.371123351915849753e+01
-7.529008751915853281e+01
-8.949977351915849511e+01
-7.529008751915850439e+01
-1.131825835191584986e+02
-7.213237951915849067e+01
-7.055352551915851222e+01
-7.213237951915851909e+01
-8.476321151915848873e+01
-8.318435751915851029e+01
-7.529008751915850439e+01
-7.686894151915849704e+01
-8.318435751915851029e+01
-6.581696351915849164e+01
-8.634206551915849559e+01
-9.739404351915848679e+01
-6.739581751915849850e+01
-8.476321151915848873e+01
-8.476321151915851715e+01
-7.529008751915851860e+01
-9.265748151915850883e+01
-8.949977351915850932e+01
-8.002664951915851077e+01
-5.950154751915849261e+01
-8.949977351915850932e+01
-8.002664951915852498e+01
-9.265748151915849462e+01
-9.581518951915850835e+01
-6.897467151915851957e+01
-8.949977351915849511e+01
-5.792269351915852127e+01
-7.055352551915851222e+01
-8.318435751915851029e+01
-7.686894151915851126e+01
-7.213237951915850488e+01
-9.107862751915851618e+01
-9.107862751915850197e+01
-8.002664951915852498e+01
-9.265748151915852304e+01
-6.265925551915849212e+01
-8.160550351915850342e+01
-6.739581751915849850e+01
-7.844779551915850391e+01
-5.792269351915851416e+01
-9.107862751915848776e+01
-7.844779551915848970e+01
-8.949977351915849511e+01
-7.529008751915850439e+01
-8.002664951915851077e+01
-9.581518951915850835e+01
-5.160727751915850803e+01
-7.371123351915849753e+01
-7.529008751915850439e+01
-6.423810951915849898e+01
-9.581518951915850835e+01
-6.265925551915851344e+01
-7.371123351915852595e+01
-8.634206551915849559e+01
-8.160550351915850342e+01
-8.949977351915850932e+01
-7.055352551915851222e+01
-7.371123351915849753e+01
-7.213237951915851909e+01
-1.021306055191585074e+02
-6.897467151915853378e+01
-8.949977351915849511e+01
-6.897467151915851957e+01
-8.160550351915850342e+01
-7.844779551915851812e+01
-8.318435751915851029e+01
-9.581518951915849414e+01
-5.950154751915849971e+01
-9.107862751915851618e+01
-8.160550351915850342e+01
-6.739581751915852692e+01
-9.423633551915850148e+01
-7.686894151915851126e+01
-8.949977351915850932e+01
-8.160550351915850342e+01
-8.949977351915850932e+01
-7.371123351915849753e+01
-9.739404351915851521e+01
-1.100248755191585133e+02
-9.423633551915850148e+01
-6.581696351915852006e+01
-8.160550351915850342e+01
-7.371123351915849753e+01
-7.686894151915851126e+01
-1.068671675191584853e+02
-8.792091951915851666e+01
-9.581518951915850835e+01
-7.529008751915850439e+01
-9.265748151915849462e+01
-8.318435751915851029e+01
-7.371123351915851174e+01
-8.792091951915850245e+01
-8.634206551915852401e+01
-8.792091951915848824e+01
-9.107862751915850197e+01
-9.107862751915851618e+01
-7.371123351915849753e+01
-8.792091951915848824e+01
-7.371123351915852595e+01
-9.107862751915851618e+01
-9.423633551915850148e+01
-7.213237951915849067e+01
-8.476321151915850294e+01
-7.686894151915851126e+01
-7.529008751915850439e+01
-7.213237951915850488e+01
-9.581518951915850835e+01
-6.739581751915851271e+01
-8.792091951915851666e+01
-8.002664951915849656e+01
-7.844779551915848970e+01
-7.686894151915849704e+01
-9.581518951915849414e+01
-9.739404351915850100e+01
-8.318435751915851029e+01
-9.107862751915851618e+01
-8.634206551915850980e+01
-8.476321151915848873e+01
-9.107862751915850197e+01
-8.476321151915851715e+01
-7.686894151915851126e+01
-9.107862751915848776e+01
-7.529008751915850439e+01
-8.002664951915851077e+01
-8.476321151915850294e+01
-7.213237951915851909e+01
-6.897467151915850536e+01
-8.002664951915851077e+01
-8.002664951915849656e+01
-8.792091951915850245e+01
-7.844779551915848970e+01
-8.002664951915852498e+01
-8.002664951915849656e+01
-8.476321151915850294e+01
-7.844779551915851812e+01
-6.897467151915850536e+01
-7.055352551915851222e+01
-9.739404351915850100e+01
-8.949977351915850932e+01
-9.265748151915849462e+01
-8.318435751915851029e+01
-8.476321151915848873e+01
-8.160550351915850342e+01
-7.529008751915850439e+01
-7.371123351915852595e+01
-9.265748151915849462e+01
-8.002664951915851077e+01
-8.792091951915850245e+01
-7.371123351915849753e+01
-7.844779551915850391e+01
-8.792091951915850245e+01
-5.950154751915852103e+01
-8.160550351915851763e+01
-8.634206551915852401e+01
-8.002664951915849656e+01
-6.897467151915850536e+01
-9.107862751915850197e+01
-8.476321151915848873e+01
-7.055352551915851222e+01
-7.529008751915850439e+01
-6.423810951915851319e+01
-1.052883135191584927e+02
-6.897467151915851957e+01
-7.213237951915849067e+01
-8.634206551915850980e+01
-6.739581751915852692e+01
-6.739581751915849850e+01
-6.581696351915852006e+01
-7.844779551915850391e+01
-7.371123351915852595e+01
-9.423633551915850148e+01
-9.897289751915849365e+01
-6.581696351915852006e+01
-8.634206551915849559e+01
-8.160550351915850342e+01
-5.792269351915850706e+01
-6.265925551915849923e+01
-7.529008751915850439e+01
-5.792269351915850706e+01
-7.686894151915851126e+01
-8.002664951915849656e+01
-7.371123351915852595e+01
-8.160550351915850342e+01
-9.107862751915850197e+01
-8.318435751915851029e+01
-7.844779551915850391e+01
-9.107862751915851618e+01
-6.265925551915850633e+01
-7.213237951915851909e+01
-7.213237951915849067e+01
-7.686894151915849704e+01
-8.002664951915851077e+01
-8.160550351915850342e+01
-6.265925551915850633e+01
-6.739581751915849850e+01
-6.897467151915853378e+01
-9.265748151915850883e+01
-9.107862751915850197e+01
-8.634206551915849559e+01
-9.423633551915850148e+01
-8.318435751915849607e+01
-8.792091951915850245e+01
-8.318435751915849607e+01
-7.213237951915850488e+01
-8.634206551915849559e+01
-7.213237951915851909e+01
-7.371123351915852595e+01
-7.529008751915850439e+01
-7.371123351915852595e+01
-8.634206551915850980e+01
-7.213237951915851909e+01
-8.792091951915850245e+01
-6.581696351915849164e+01
-8.318435751915852450e+01
-6.581696351915852006e+01
-8.002664951915852498e+01
-9.739404351915848679e+01
-7.055352551915848380e+01
-6.265925551915851344e+01
-8.002664951915851077e+01
-9.739404351915851521e+01
-7.529008751915851860e+01
-8.002664951915852498e+01
-6.739581751915849850e+01
-6.897467151915850536e+01
-8.476321151915850294e+01
-8.476321151915850294e+01
-9.581518951915850835e+01
-8.634206551915849559e+01
-8.160550351915851763e+01
-7.844779551915850391e+01
-6.739581751915852692e+01
-5.160727751915851513e+01
-6.423810951915851319e+01
-8.792091951915853087e+01
-6.897467151915851957e+01
-8.002664951915849656e+01
-7.371123351915851174e+01
-8.160550351915850342e+01
-9.581518951915849414e+01
-7.371123351915849753e+01
-6.108040151915849947e+01
-7.844779551915848970e+01
-7.686894151915851126e+01
-7.055352551915849801e+01
-8.949977351915849511e+01
-7.055352551915851222e+01
-8.160550351915850342e+01
-8.634206551915849559e+01
-7.844779551915851812e+01
-8.160550351915850342e+01
-7.844779551915848970e+01
-9.739404351915848679e+01
-6.739581751915849850e+01
-7.844779551915851812e+01
-8.318435751915849607e+01
-8.792091951915850245e+01
-7.213237951915851909e+01
-7.844779551915851812e+01
-8.476321151915851715e+01
-8.002664951915851077e+01
-7.686894151915848283e+01
-7.844779551915851812e+01
-7.686894151915851126e+01
-7.213237951915851909e+01
-8.476321151915848873e+01
-8.949977351915850932e+01
-9.107862751915851618e+01
-8.949977351915850932e+01
-9.107862751915850197e+01
-6.265925551915852054e+01
-8.476321151915848873e+01
-1.052883135191584927e+02
-7.529008751915850439e+01
-7.529008751915850439e+01
-7.213237951915851909e+01
-6.265925551915850633e+01
-8.476321151915850294e+01
-6.897467151915849115e+01
-8.634206551915849559e+01
-7.529008751915850439e+01
-9.423633551915850148e+01
-8.476321151915851715e+01
-7.213237951915849067e+01
-8.476321151915851715e+01
-1.005517515191585147e+02
-7.529008751915853281e+01
-7.686894151915851126e+01
-8.318435751915851029e+01
-7.844779551915851812e+01
-8.949977351915850932e+01
-7.055352551915851222e+01
-6.581696351915849164e+01
-8.318435751915849607e+01
-8.002664951915852498e+01
-7.213237951915851909e+01
-8.476321151915850294e+01
-8.318435751915849607e+01
-7.055352551915851222e+01
-9.265748151915850883e+01
-8.634206551915849559e+01
-7.055352551915851222e+01
-8.792091951915850245e+01
-7.529008751915853281e+01
-7.844779551915851812e+01
-7.686894151915849704e+01
-7.844779551915850391e+01
-7.844779551915851812e+01
-7.844779551915851812e+01
-7.844779551915850391e+01
-7.844779551915851812e+01
-5.476498551915851465e+01
-8.634206551915849559e+01
-9.423633551915851569e+01
-7.686894151915848283e+01
-7.686894151915851126e+01
-7.844779551915850391e+01
-1.021306055191585074e+02
-7.844779551915851812e+01
-8.002664951915852498e+01
-6.739581751915849850e+01
-9.739404351915850100e+01
-8.792091951915850245e+01
-7.844779551915851812e+01
-9.897289751915849365e+01
-8.318435751915851029e+01
-6.265925551915852054e+01
-6.581696351915849164e+01
-7.055352551915852644e+01
-8.476321151915850294e+01
-8.476321151915851715e+01
-8.002664951915849656e+01
-8.949977351915849511e+01
-9.107862751915851618e+01
-7.844779551915848970e+01
-9.107862751915851618e+01
-1.037094595191585000e+02
-6.739581751915852692e+01
-1.068671675191585138e+02
-8.160550351915850342e+01
-9.107862751915850197e+01
-7.213237951915851909e+01
-7.055352551915851222e+01
-7.844779551915851812e+01
-8.476321151915851715e+01
-7.529008751915850439e+01
-9.107862751915850197e+01
-8.634206551915850980e+01
-7.844779551915848970e+01
-9.581518951915850835e+01
-7.055352551915851222e+01
-9.265748151915849462e+01
-7.844779551915851812e+01
-7.371123351915852595e+01
-8.160550351915851763e+01
-7.529008751915850439e+01
-8.476321151915851715e+01
-6.897467151915849115e+01
-7.686894151915851126e+01
-8.476321151915851715e+01
-8.949977351915849511e+01
-8.318435751915851029e+01
-8.002664951915851077e+01
-7.213237951915851909e+01
-8.634206551915850980e+01
-9.423633551915850148e+01
-8.634206551915850980e+01
-7.371123351915849753e+01
-8.160550351915851763e+01
-7.686894151915848283e+01
-8.634206551915852401e+01
-8.318435751915852450e+01
-7.844779551915851812e+01
-7.844779551915851812e+01
-7.686894151915849704e+01
-8.318435751915851029e+01
-8.318435751915849607e+01
-8.949977351915849511e+01
-7.844779551915851812e+01
-6.739581751915849850e+01
-8.160550351915850342e+01
-8.318435751915851029e+01
-9.897289751915850786e+01
-8.634206551915852401e+01
-8.476321151915850294e+01
-7.844779551915850391e+01
-6.108040151915852078e+01
-8.002664951915849656e+01
-9.107862751915851618e+01
-7.844779551915850391e+01
-7.213237951915851909e+01
-7.686894151915849704e+01
-9.423633551915850148e+01
-6.108040151915852078e+01
-5.634383951915850730e+01
-8.792091951915851666e+01
-7.686894151915851126e+01
-7.686894151915849704e+01
-1.005517515191585147e+02
-7.844779551915851812e+01
-6.897467151915853378e+01
-9.107862751915850197e+01
-7.844779551915851812e+01
-7.055352551915851222e+01
-8.949977351915849511e+01
-7.844779551915850391e+01
-8.160550351915850342e+01
-7.529008751915851860e+01
-7.371123351915849753e+01
-9.107862751915851618e+01
-8.160550351915850342e+01
-6.897467151915853378e+01
-9.423633551915851569e+01
-7.371123351915852595e+01
-9.265748151915850883e+01
-9.423633551915851569e+01
-9.107862751915850197e+01
-6.897467151915850536e+01
-9.107862751915851618e+01
-8.476321151915851715e+01
-1.068671675191584995e+02
-8.160550351915850342e+01
-7.371123351915849753e+01
-7.844779551915851812e+01
-7.686894151915851126e+01
-9.581518951915850835e+01
-8.634206551915850980e+01
-7.371123351915852595e+01
-8.476321151915851715e+01
-6.739581751915849850e+01
-7.371123351915852595e+01
-9.107862751915850197e+01
-8.160550351915850342e+01
-7.686894151915851126e+01
-5.318613151915849357e+01
-8.476321151915851715e+01
-7.213237951915851909e+01
-8.160550351915851763e+01
-8.476321151915850294e+01
-8.160550351915851763e+01
-8.476321151915848873e+01
-6.897467151915850536e+01
-9.423633551915851569e+01
-7.686894151915851126e+01
-8.792091951915850245e+01
-8.160550351915851763e+01
-8.318435751915849607e+01
-7.529008751915850439e+01
-8.160550351915850342e+01
-8.476321151915851715e+01
-9.423633551915850148e+01
-6.423810951915851319e+01
-7.213237951915851909e+01
-7.844779551915851812e+01
-8.792091951915851666e+01
-6.423810951915851319e+01
-7.213237951915849067e+01
-7.686894151915852547e+01
-7.213237951915849067e+01
-8.002664951915849656e+01
-8.160550351915850342e+01
-6.739581751915852692e+01
-7.371123351915852595e+01
-7.686894151915851126e+01
-8.949977351915849511e+01
-8.002664951915849656e+01
-8.002664951915849656e+01
-8.634206551915850980e+01
-8.160550351915851763e+01
-9.107862751915848776e+01
-7.686894151915851126e+01
-8.318435751915849607e+01
-8.476321151915850294e+01
-8.160550351915851763e+01
-6.423810951915851319e+01
-9.265748151915849462e+01
-9.897289751915850786e+01
-9.107862751915850197e+01
-7.213237951915851909e+01
-7.055352551915849801e+01
-7.371123351915852595e+01
-8.160550351915850342e+01
-7.686894151915851126e+01
-6.897467151915850536e+01
-7.529008751915850439e+01
-8.160550351915850342e+01
-6.739581751915851271e+01
-7.371123351915852595e+01
-8.002664951915849656e+01
-7.686894151915851126e+01
-8.160550351915850342e+01
-8.318435751915851029e+01
-8.318435751915851029e+01
-6.739581751915849850e+01
-4.687071551915850165e+01
-8.318435751915849607e+01
-7.213237951915851909e+01
-7.371123351915849753e+01
-9.265748151915850883e+01
-7.686894151915851126e+01
-6.108040151915849947e+01
-7.371123351915849753e+01
-8.002664951915851077e+01
-7.371123351915851174e+01
-7.055352551915851222e+01
-9.107862751915848776e+01
-8.476321151915850294e+01
-8.476321151915850294e+01
-9.897289751915852207e+01
-7.529008751915851860e+01
-8.318435751915851029e+01
-5.950154751915849261e+01
-8.002664951915852498e+01
-6.739581751915852692e+01
-7.686894151915851126e+01
-8.476321151915848873e+01
-8.318435751915849607e+01
-7.371123351915849753e+01
-9.581518951915850835e+01
-8.634206551915850980e+01
-8.160550351915851763e+01
-7.213237951915850488e+01
-7.686894151915851126e+01
-7.529008751915850439e+01
-6.739581751915849850e+01
-6.423810951915851319e+01
-7.371123351915849753e+01
-8.949977351915850932e+01
-6.739581751915849850e+01
-9.107862751915850197e+01
-7.213237951915851909e+01
-8.949977351915849511e+01
-8.160550351915850342e+01
-8.002664951915849656e+01
-6.265925551915849923e+01
-7.529008751915850439e+01
-8.476321151915848873e+01
-5.002842351915850827e+01
-8.002664951915849656e+01
-7.371123351915851174e+01
-7.055352551915851222e+01
-6.897467151915850536e+01
-7.844779551915851812e+01
-5.950154751915849971e+01
-8.318435751915849607e+01
-7.686894151915849704e+01
-9.107862751915848776e+01
-6.897467151915850536e+01
-8.160550351915850342e+01
-7.686894151915851126e+01
-8.318435751915851029e+01
-8.002664951915852498e+01
-7.055352551915851222e+01
-8.792091951915851666e+01
-6.897467151915850536e+01
-7.529008751915850439e+01
-8.318435751915851029e+01
-8.318435751915851029e+01
-1.005517515191585147e+02
-8.949977351915850932e+01
-7.371123351915852595e+01
-8.476321151915850294e+01
-9.739404351915851521e+01
-8.476321151915851715e+01
-9.423633551915851569e+01
-8.792091951915851666e+01
-6.739581751915849850e+01
-8.160550351915850342e+01
-8.002664951915849656e+01
-1.021306055191585074e+02
-7.686894151915851126e+01
-6.108040151915850657e+01
-8.634206551915849559e+01
-8.318435751915851029e+01
-7.371123351915849753e+01
-8.318435751915849607e+01
-1.037094595191584858e+02
-7.529008751915851860e+01
-7.529008751915850439e+01
-9.265748151915849462e+01
-6.423810951915851319e+01
-6.265925551915849212e+01
-7.529008751915853281e+01
-8.160550351915850342e+01
-8.949977351915850932e+01
-9.423633551915851569e+01
-7.844779551915851812e+01
-7.844779551915851812e+01
-1.005517515191585005e+02
-6.581696351915852006e+01
-7.213237951915849067e+01
-7.686894151915851126e+01
-6.423810951915848477e+01
-9.581518951915850835e+01
-9.423633551915851569e+01
-8.160550351915850342e+01
-8.949977351915849511e+01
-8.160550351915850342e+01
-6.897467151915850536e+01
-8.318435751915851029e+01
-8.949977351915849511e+01
-8.949977351915850932e+01
-8.792091951915848824e+01
-6.423810951915851319e+01
-8.634206551915849559e+01
-7.686894151915851126e+01
-1.021306055191585074e+02
-8.318435751915849607e+01
-6.581696351915849164e+01
-6.423810951915848477e+01
-8.002664951915851077e+01
-6.581696351915852006e+01
-7.686894151915851126e+01
-9.581518951915850835e+01
-8.476321151915851715e+01
-8.002664951915851077e+01
-6.581696351915852006e+01
-6.581696351915852006e+01
-7.686894151915851126e+01
-7.686894151915849704e+01
-6.265925551915850633e+01
-7.213237951915851909e+01
-6.739581751915851271e+01
-9.581518951915849414e+01
-6.581696351915850585e+01
-8.160550351915850342e+01
-9.581518951915850835e+01
-7.844779551915851812e+01
-7.055352551915848380e+01
-8.002664951915849656e+01
-7.371123351915849753e+01
-5.792269351915852127e+01
-6.581696351915852006e+01
-8.634206551915849559e+01
-8.318435751915851029e+01
-8.318435751915851029e+01
-8.949977351915850932e+01
-8.160550351915850342e+01
-9.107862751915848776e+01
-6.739581751915851271e+01
-8.318435751915851029e+01
-7.686894151915851126e+01
-6.423810951915851319e+01
-7.529008751915850439e+01
-7.844779551915851812e+01
-8.318435751915851029e+01
-9.897289751915849365e+01
-9.265748151915850883e+01
-8.318435751915851029e+01
-8.160550351915850342e+01
-8.318435751915851029e+01
-7.213237951915849067e+01
-7.529008751915850439e+01
-8.002664951915849656e+01
-8.318435751915848186e+01
-7.213237951915851909e+01
-9.739404351915848679e+01
-9.739404351915851521e+01
-9.423633551915851569e+01
-7.055352551915851222e+01
-7.213237951915851909e+01
-7.844779551915851812e+01
-7.213237951915851909e+01
-9.265748151915850883e+01
-8.002664951915849656e+01
-6.108040151915851368e+01
-7.529008751915850439e+01
-8.792091951915850245e+01
-8.949977351915850932e+01
-8.476321151915851715e+01
-8.318435751915849607e+01
-6.739581751915852692e+01
-8.792091951915850245e+01
-1.037094595191585000e+02
-9.581518951915850835e+01
-7.844779551915848970e+01
-9.265748151915849462e+01
-9.581518951915849414e+01
-9.581518951915850835e+01
-8.792091951915851666e+01
-8.160550351915850342e+01
-8.792091951915850245e+01
-8.160550351915850342e+01
-5.950154751915851392e+01
-8.792091951915850245e+01
-8.002664951915851077e+01
-5.634383951915850730e+01
-8.792091951915850245e+01
-7.371123351915849753e+01
-6.265925551915850633e+01
-7.686894151915851126e+01
-8.002664951915849656e+01
-7.529008751915851860e+01
-8.634206551915849559e+01
-6.897467151915849115e+01
-6.739581751915849850e+01
-1.052883135191585069e+02
-7.686894151915848283e+01
-8.792091951915851666e+01
-6.897467151915850536e+01
-8.002664951915851077e+01
-7.686894151915851126e+01
-8.634206551915849559e+01
-7.055352551915851222e+01
-8.476321151915851715e+01
-9.265748151915849462e+01
-7.371123351915849753e+01
-8.160550351915851763e+01
-5.318613151915851489e+01
-7.686894151915851126e+01
-9.423633551915850148e+01
-7.844779551915848970e+01
-5.950154751915850682e+01
-8.476321151915851715e+01
-7.055352551915849801e+01
-7.529008751915850439e+01
-8.002664951915852498e+01
-6.581696351915852006e+01
-8.476321151915850294e+01
-7.844779551915851812e+01
-9.107862751915848776e+01
-6.581696351915849164e+01
-7.371123351915849753e+01
-7.371123351915849753e+01
-8.002664951915849656e+01
-7.844779551915848970e+01
-7.213237951915851909e+01
-9.423633551915851569e+01
-6.739581751915849850e+01
-5.476498551915849333e+01
-7.529008751915851860e+01
-7.371123351915851174e+01
-8.002664951915852498e+01
-6.739581751915852692e+01
-8.792091951915848824e+01
-7.371123351915852595e+01
-6.423810951915851319e+01
-8.792091951915850245e+01
-8.160550351915851763e+01
-7.529008751915850439e+01
-7.371123351915852595e+01
-6.739581751915852692e+01
-6.739581751915849850e+01
-7.686894151915848283e+01
-1.037094595191585142e+02
-8.949977351915850932e+01
-8.949977351915849511e+01
-6.581696351915849164e+01
-6.739581751915849850e+01
-7.844779551915850391e+01
-8.002664951915849656e+01
-7.529008751915850439e+01
-6.108040151915849947e+01
-8.949977351915850932e+01
-7.055352551915849801e+01
-7.213237951915851909e+01
-7.055352551915851222e+01
-6.897467151915850536e+01
-8.160550351915851763e+01
-7.371123351915849753e+01
-8.949977351915850932e+01
-6.897467151915850536e+01
-9.423633551915848727e+01
-8.634206551915849559e+01
-6.423810951915849898e+01
-7.055352551915852644e+01
-8.949977351915850932e+01
-9.897289751915849365e+01
-7.686894151915851126e+01
-8.634206551915849559e+01
-7.529008751915850439e+01
-8.792091951915851666e+01
-6.739581751915852692e+01
-9.423633551915850148e+01
-7.686894151915851126e+01
-7.686894151915851126e+01
-8.318435751915849607e+01
-9.423633551915850148e+01
-6.581696351915852006e+01
-7.529008751915850439e+01
-8.318435751915851029e+01
-8.318435751915848186e+01
-8.318435751915851029e+01
-7.371123351915852595e+01
-8.318435751915851029e+01
-7.529008751915853281e+01
-7.055352551915848380e+01
-8.318435751915851029e+01
-7.529008751915853281e+01
-9.423633551915851569e+01
-6.581696351915852006e+01
-6.108040151915849947e+01
-6.581696351915849164e+01
-8.476321151915851715e+01
-8.476321151915851715e+01
-7.844779551915848970e+01
-8.160550351915850342e+01
-9.265748151915849462e+01
-7.055352551915852644e+01
-8.476321151915850294e+01
-8.476321151915851715e+01
-7.686894151915849704e+01
-7.686894151915848283e+01
-8.792091951915850245e+01
-8.792091951915850245e+01
-6.108040151915849947e+01
-7.844779551915850391e+01
-8.160550351915851763e+01
-6.423810951915851319e+01
-7.371123351915849753e+01
-8.002664951915849656e+01
-7.371123351915852595e+01
-7.529008751915853281e+01
-8.002664951915849656e+01
-7.686894151915851126e+01
-5.950154751915849971e+01
-8.792091951915850245e+01
-8.792091951915851666e+01
-7.213237951915851909e+01
-8.002664951915851077e+01
-6.581696351915850585e+01
-8.002664951915849656e+01
-8.002664951915849656e+01
-7.529008751915850439e+01
-8.160550351915850342e+01
-8.160550351915850342e+01
-7.213237951915851909e+01
-7.686894151915851126e+01
-8.318435751915851029e+01
-7.529008751915850439e+01
-7.844779551915851812e+01
-8.634206551915849559e+01
-6.423810951915851319e+01
-8.949977351915850932e+01
-8.792091951915850245e+01
-7.844779551915851812e+01
-7.055352551915851222e+01
-5.476498551915851465e+01
-8.949977351915849511e+01
-9.107862751915851618e+01
-7.529008751915850439e+01
-6.897467151915851957e+01
-8.160550351915850342e+01
-8.002664951915852498e+01
-7.686894151915851126e+01
-7.844779551915850391e+01
-7.055352551915852644e+01
-5.318613151915851489e+01
-7.686894151915851126e+01
-7.371123351915852595e+01
-8.160550351915850342e+01
-8.476321151915851715e+01
-6.423810951915851319e+01
-5.476498551915850754e+01
-7.686894151915852547e+01
-6.739581751915852692e+01
-4.055529951915851683e+01
-8.160550351915851763e+01
-7.529008751915850439e+01
-9.581518951915849414e+01
-6.581696351915850585e+01
-5.634383951915851441e+01
-6.581696351915852006e+01
-6.739581751915852692e+01
-7.686894151915851126e+01
-7.844779551915848970e+01
-6.265925551915851344e+01
-8.634206551915850980e+01
-8.160550351915850342e+01
-7.844779551915851812e+01
-7.529008751915851860e+01
-7.213237951915849067e+01
-7.371123351915849753e+01
-8.002664951915851077e+01
-7.686894151915851126e+01
-8.318435751915849607e+01
-8.160550351915850342e+01
-7.844779551915851812e+01
-7.371123351915852595e+01
-8.634206551915849559e+01
-7.529008751915850439e+01
-7.686894151915851126e+01
-6.423810951915849898e+01
-5.318613151915851489e+01
-7.213237951915851909e+01
-8.634206551915852401e+01
-7.686894151915848283e+01
-7.686894151915851126e+01
-8.792091951915848824e+01
-8.949977351915850932e+01
-9.581518951915850835e+01
-8.476321151915850294e+01
-7.529008751915850439e+01
-7.686894151915851126e+01
-8.318435751915851029e+01
-9.265748151915850883e+01
-8.318435751915851029e+01
-7.686894151915849704e+01
-8.318435751915851029e+01
-9.107862751915848776e+01
-7.529008751915850439e+01
-7.529008751915850439e+01
-7.529008751915850439e+01
-7.213237951915851909e+01
-7.213237951915850488e+01
-9.265748151915852304e+01
-7.055352551915848380e+01
-7.371123351915849753e+01
-9.265748151915852304e+01
-8.160550351915850342e+01
-9.423633551915851569e+01
-8.634206551915849559e+01
-8.476321151915851715e+01
-5.476498551915850044e+01
-8.476321151915851715e+01
-1.005517515191584863e+02
-8.160550351915850342e+01
-5.792269351915849995e+01
-8.002664951915849656e+01
-9.265748151915850883e+01
-7.844779551915850391e+01
-9.107862751915851618e+01
-9.107862751915850197e+01
-8.160550351915850342e+01
-7.844779551915851812e+01
-8.476321151915851715e+01
-8.160550351915850342e+01
-5.950154751915850682e+01
-8.160550351915850342e+01
-8.002664951915849656e+01
-8.002664951915849656e+01
-7.686894151915848283e+01
-7.055352551915848380e+01
-8.949977351915850932e+01
-7.529008751915850439e+01
-7.686894151915851126e+01
-6.581696351915852006e+01
-8.160550351915851763e+01
-7.529008751915850439e+01
-8.160550351915850342e+01
-6.897467151915849115e+01
-9.897289751915849365e+01
-8.792091951915851666e+01
-7.213237951915851909e+01
-7.371123351915849753e+01
-7.055352551915851222e+01
-8.634206551915850980e+01
-6.897467151915850536e+01
-8.318435751915851029e+01
-8.002664951915849656e+01
-9.265748151915852304e+01
-8.002664951915852498e+01
-7.371123351915849753e+01
-9.107862751915848776e+01
-7.844779551915848970e+01
-7.844779551915851812e+01
-6.739581751915851271e+01
-8.634206551915849559e+01
-9.739404351915848679e+01
-8.318435751915849607e+01
-8.634206551915852401e+01
-6.423810951915851319e+01
-8.160550351915850342e+01
-9.581518951915849414e+01
-7.371123351915849753e+01
-7.055352551915851222e+01
-9.107862751915850197e+01
-7.686894151915851126e+01
-6.897467151915850536e+01
-7.213237951915851909e+01
-8.476321151915850294e+01
-7.844779551915851812e+01
-6.423810951915851319e+01
-7.844779551915850391e+01
-7.213237951915850488e+01
-7.055352551915851222e+01
-8.002664951915849656e+01
-8.634206551915850980e+01
-8.002664951915849656e+01
-5.792269351915850706e+01
-7.055352551915851222e+01
-7.844779551915851812e+01
-7.686894151915851126e+01
-8.002664951915849656e+01
-7.686894151915851126e+01
-7.371123351915851174e+01
-6.739581751915852692e+01
-8.160550351915850342e+01
-8.318435751915851029e+01
-5.950154751915849971e+01
-6.897467151915850536e+01
-6.581696351915849164e+01
-8.634206551915850980e+01
-8.160550351915851763e+01
-8.318435751915849607e+01
-8.318435751915849607e+01
-7.055352551915851222e+01
-6.897467151915850536e+01
-1.037094595191584858e+02
-6.581696351915849164e+01
-6.739581751915852692e+01
-7.213237951915851909e+01
-7.686894151915851126e+01
-5.950154751915849971e+01
-6.581696351915852006e+01
-7.213237951915849067e+01
-8.160550351915850342e+01
-8.476321151915851715e+01
-7.844779551915851812e+01
-7.371123351915849753e+01
-7.529008751915850439e+01
-6.265925551915849923e+01
-7.055352551915852644e+01
-7.844779551915851812e+01
-7.213237951915849067e+01
-8.002664951915852498e+01
-6.897467151915851957e+01
-7.055352551915851222e+01
-6.423810951915851319e+01
-6.897467151915850536e+01
-7.686894151915849704e+01
-7.529008751915850439e+01
-7.529008751915850439e+01
-8.949977351915850932e+01
-8.634206551915850980e+01
-7.529008751915850439e+01
-8.476321151915851715e+01
-6.423810951915851319e+01
-8.634206551915852401e+01
-1.037094595191585000e+02
-8.949977351915850932e+01
-9.107862751915851618e+01
-7.686894151915851126e+01
-7.844779551915848970e+01
-7.529008751915850439e+01
-7.371123351915849753e+01
-7.844779551915848970e+01
-9.581518951915850835e+01
-9.581518951915850835e+01
-7.371123351915852595e+01
-7.371123351915849753e+01
-7.371123351915851174e+01
-8.002664951915851077e+01
-6.581696351915849164e+01
-7.844779551915851812e+01
-8.792091951915850245e+01
-7.844779551915851812e+01
-7.055352551915851222e+01
-6.581696351915852006e+01
-8.634206551915850980e+01
-8.160550351915851763e+01
-8.792091951915850245e+01
-8.634206551915850980e+01
-9.107862751915850197e+01
-8.318435751915851029e+01
-6.739581751915851271e+01
-8.318435751915848186e+01
-6.897467151915853378e+01
-8.792091951915850245e+01
-8.318435751915851029e+01
-8.634206551915849559e+01
-9.423633551915850148e+01
-6.423810951915849898e+01
-9.107862751915848776e+01
-7.529008751915850439e+01
-8.476321151915851715e+01
-6.739581751915849850e+01
-7.686894151915849704e+01
-9.265748151915850883e+01
-8.002664951915849656e+01
-7.213237951915851909e+01
-7.844779551915850391e+01
-9.581518951915850835e+01
-9.581518951915850835e+01
-8.634206551915850980e+01
-9.265748151915849462e+01
-7.529008751915850439e+01
-8.949977351915849511e+01
-8.634206551915849559e+01
-8.634206551915849559e+01
-9.739404351915851521e+01
-7.686894151915849704e+01
-5.950154751915852103e+01
-8.949977351915850932e+01
-8.634206551915849559e+01
-9.265748151915849462e+01
-8.160550351915850342e+01
-7.844779551915848970e+01
-9.739404351915851521e+01
-9.107862751915850197e+01
-8.160550351915850342e+01
-8.160550351915850342e+01
-7.055352551915851222e+01
-7.686894151915849704e+01
-8.160550351915850342e+01
-8.476321151915850294e+01
-7.844779551915851812e+01
-6.897467151915850536e+01
-7.371123351915849753e+01
-8.634206551915849559e+01
-7.529008751915850439e+01
-7.371123351915851174e+01
-8.476321151915848873e+01
-8.949977351915850932e+01
-6.581696351915850585e+01
-7.844779551915851812e+01
-6.423810951915851319e+01
-9.265748151915852304e+01
-1.068671675191585138e+02
-9.423633551915851569e+01
-8.949977351915850932e+01
-7.529008751915850439e+01
-7.371123351915852595e+01
-7.055352551915851222e+01
-8.002664951915849656e+01
-8.792091951915850245e+01
-8.002664951915849656e+01
-7.371123351915852595e+01
-7.686894151915851126e+01
-6.897467151915853378e+01
-7.213237951915851909e+01
-9.107862751915851618e+01
-9.107862751915850197e+01
-8.476321151915851715e+01
-9.423633551915850148e+01
-9.265748151915849462e+01
-7.371123351915849753e+01
-9.423633551915850148e+01
-1.100248755191584848e+02
-8.949977351915850932e+01
-9.265748151915849462e+01
-8.792091951915850245e+01
-8.002664951915851077e+01
-8.792091951915850245e+01
-7.844779551915848970e+01
-8.949977351915849511e+01
-6.108040151915849947e+01
-7.529008751915850439e+01
-9.107862751915851618e+01
-9.107862751915851618e+01
-8.949977351915850932e+01
-7.844779551915851812e+01
-8.792091951915850245e+01
-6.423810951915851319e+01
-6.423810951915851319e+01
-5.950154751915850682e+01
-7.686894151915848283e+01
-7.055352551915851222e+01
-8.634206551915852401e+01
-7.686894151915849704e+01
-7.844779551915850391e+01
-8.634206551915849559e+01
-7.213237951915851909e+01
-8.318435751915849607e+01
-7.055352551915851222e+01
-7.213237951915851909e+01
-9.265748151915849462e+01
-7.686894151915848283e+01
-8.002664951915849656e+01
-8.792091951915850245e+01
-8.160550351915850342e+01
-7.213237951915851909e+01
-9.107862751915848776e+01
-7.371123351915852595e+01
-7.213237951915851909e+01
-8.160550351915850342e+01
-9.107862751915848776e+01
-7.371123351915852595e+01
-6.897467151915849115e+01
-8.160550351915851763e+01
-5.634383951915850020e+01
-7.529008751915851860e+01
-6.739581751915851271e+01
-7.055352551915849801e+01
-8.002664951915849656e+01
-6.423810951915849898e+01
-8.476321151915851715e+01
-6.423810951915851319e+01
-7.844779551915851812e+01
-7.686894151915849704e+01
-7.371123351915852595e+01
-7.844779551915851812e+01
-7.055352551915851222e+01
-8.318435751915851029e+01
-7.844779551915851812e+01
-7.844779551915850391e+01
-8.476321151915851715e+01
-7.055352551915851222e+01
-8.792091951915850245e+01
-7.529008751915850439e+01
-8.792091951915850245e+01
-7.844779551915850391e+01
-8.949977351915850932e+01
-8.634206551915850980e+01
-8.949977351915850932e+01
-9.423633551915850148e+01
-9.107862751915851618e+01
-6.265925551915850633e+01
-9.265748151915849462e+01
-8.634206551915849559e+01
-9.739404351915850100e+01
-8.318435751915849607e+01
-6.581696351915850585e+01
-7.529008751915850439e+01
-9.265748151915850883e+01
-8.318435751915851029e+01
-8.792091951915850245e+01
-8.318435751915849607e+01
-7.371123351915849753e+01
-8.476321151915851715e+01
-8.476321151915850294e+01
-7.213237951915851909e+01
-9.107862751915851618e+01
-9.265748151915849462e+01
-8.949977351915849511e+01
-9.265748151915849462e+01
-1.021306055191585074e+02
-8.634206551915850980e+01
-7.213237951915850488e+01
-7.055352551915851222e+01
-5.950154751915851392e+01
-9.739404351915851521e+01
-6.739581751915849850e+01
-6.423810951915848477e+01
-6.423810951915849898e+01
-6.423810951915851319e+01
-7.529008751915850439e+01
-7.371123351915852595e+01
-8.634206551915849559e+01
-6.581696351915852006e+01
-7.055352551915851222e+01
-7.371123351915852595e+01
-8.318435751915851029e+01
-7.686894151915851126e+01
-5.634383951915849309e+01
-6.739581751915849850e+01
-7.686894151915851126e+01
-9.107862751915851618e+01
-7.213237951915849067e+01
-9.107862751915851618e+01
-9.265748151915852304e+01
-6.739581751915849850e+01
-7.371123351915851174e+01
-8.160550351915850342e+01
-8.792091951915850245e+01
-7.686894151915852547e+01
-7.686894151915851126e+01
-8.318435751915849607e+01
-8.634206551915849559e+01
-1.147614375191585054e+02
-8.002664951915849656e+01
-9.739404351915851521e+01
-9.265748151915852304e+01
-7.529008751915853281e+01
-8.634206551915849559e+01
-6.739581751915852692e+01
-6.739581751915852692e+01
-6.423810951915849898e+01
-9.897289751915849365e+01
-6.423810951915849898e+01
-9.265748151915849462e+01
-8.476321151915848873e+01
-7.371123351915849753e+01
-8.002664951915851077e+01
-7.055352551915851222e+01
-9.897289751915852207e+01
-7.529008751915850439e+01
-8.792091951915848824e+01
-9.581518951915850835e+01
-8.949977351915850932e+01
-7.213237951915849067e+01
-6.897467151915850536e+01
-7.686894151915851126e+01
-8.949977351915850932e+01
-9.423633551915850148e+01
-6.581696351915849164e+01
-9.897289751915849365e+01
-7.371123351915849753e+01
-6.739581751915849850e+01
-8.476321151915850294e+01
-7.844779551915850391e+01
-7.213237951915851909e+01
-7.055352551915851222e+01
-1.005517515191585147e+02
-8.318435751915851029e+01
-8.160550351915850342e+01
-8.002664951915849656e+01
-7.686894151915849704e+01
-7.844779551915848970e+01
-8.634206551915850980e+01
-8.949977351915850932e+01
-7.686894151915851126e+01
-9.107862751915850197e+01
-7.529008751915850439e+01
-8.002664951915851077e+01
-7.529008751915850439e+01
-7.844779551915850391e+01
-8.318435751915851029e+01
-8.949977351915850932e+01
-8.160550351915851763e+01
-7.686894151915851126e+01
-9.107862751915848776e+01
-6.897467151915850536e+01
-8.002664951915849656e+01
-9.107862751915850197e+01
-8.634206551915849559e+01
-7.213237951915849067e+01
-7.529008751915850439e+01
-9.423633551915848727e+01
-5.792269351915849995e+01
-7.686894151915849704e+01
-7.686894151915849704e+01
-9.423633551915850148e+01
-7.213237951915849067e+01
-9.581518951915850835e+01
-8.476321151915850294e+01
-6.108040151915849947e+01
-7.371123351915849753e+01
-8.160550351915851763e+01
-8.949977351915850932e+01
-1.005517515191585005e+02
-7.686894151915851126e+01
-6.581696351915849164e+01
-6.581696351915849164e+01
-1.037094595191585142e+02
-6.739581751915849850e+01
-1.021306055191585074e+02
-7.213237951915851909e+01
-6.897467151915850536e+01
-8.002664951915852498e+01
-8.002664951915851077e+01
-8.002664951915851077e+01
-8.160550351915850342e+01
-7.371123351915852595e+01
-8.160550351915850342e+01
-8.002664951915849656e+01
-9.581518951915849414e+01
-6.581696351915852006e+01
-7.213237951915849067e+01
-5.002842351915850116e+01
-7.844779551915851812e+01
-7.686894151915851126e+01
-7.844779551915851812e+01
-6.108040151915851368e+01
-9.265748151915849462e+01
-8.318435751915851029e+01
-7.529008751915850439e+01
-9.581518951915850835e+01
-7.529008751915850439e+01
-9.265748151915849462e+01
-8.949977351915850932e+01
-8.792091951915851666e+01
-8.002664951915852498e+01
-8.476321151915850294e+01
-8.318435751915851029e+01
-8.160550351915850342e+01
-9.423633551915850148e+01
-9.581518951915850835e+01
-7.529008751915853281e+01
-7.844779551915851812e+01
-9.107862751915848776e+01
-7.844779551915851812e+01
-8.318435751915851029e+01
-8.318435751915851029e+01
-7.686894151915851126e+01
-9.423633551915850148e+01
-6.897467151915850536e+01
-9.423633551915850148e+01
-6.265925551915849923e+01
-9.107862751915850197e+01
-6.581696351915850585e+01
-7.844779551915848970e+01
-8.949977351915850932e+01
-7.844779551915851812e+01
-7.371123351915849753e+01
-7.529008751915850439e+01
-9.265748151915852304e+01
-7.529008751915851860e+01
-9.107862751915848776e+01
-7.371123351915849753e+01
-7.529008751915851860e+01
-9.897289751915849365e+01
-8.792091951915851666e+01
-9.739404351915850100e+01
-7.213237951915851909e+01
-1.037094595191585142e+02
-8.002664951915849656e+01
-8.792091951915850245e+01
-7.055352551915849801e+01
-8.792091951915850245e+01
-9.581518951915850835e+01
-9.581518951915850835e+01
-8.318435751915849607e+01
-5.792269351915851416e+01
-7.529008751915850439e+01
-7.529008751915850439e+01
-8.318435751915851029e+01
-8.476321151915848873e+01
-7.213237951915849067e+01
-7.055352551915851222e+01
-7.371123351915852595e+01
-6.897467151915850536e+01
-7.686894151915851126e+01
-7.529008751915850439e+01
-6.581696351915852006e+01
-7.529008751915851860e+01
-6.423810951915851319e+01
-9.265748151915849462e+01
-8.476321151915850294e+01
-8.949977351915849511e+01
-8.160550351915851763e+01
-8.792091951915851666e+01
-8.476321151915848873e+01
-7.213237951915851909e+01
-8.476321151915851715e+01
-1.037094595191585142e+02
-8.792091951915850245e+01
-9.107862751915848776e+01
-8.634206551915849559e+01
-1.021306055191585074e+02
-9.739404351915850100e+01
-8.160550351915851763e+01
-9.265748151915849462e+01
-8.476321151915851715e+01
-9.265748151915849462e+01
-7.213237951915849067e+01
-8.476321151915848873e+01
-7.213237951915850488e+01
-9.739404351915851521e+01
-1.021306055191585074e+02
-7.529008751915850439e+01
-6.739581751915849850e+01
-8.634206551915850980e+01
-9.423633551915850148e+01
-8.476321151915851715e+01
-8.792091951915851666e+01
-7.529008751915851860e+01
-9.423633551915851569e+01
-8.476321151915851715e+01
-6.739581751915851271e+01
-9.107862751915848776e+01
-7.844779551915850391e+01
-8.634206551915849559e+01
-8.634206551915849559e+01
-8.792091951915850245e+01
-8.318435751915851029e+01
-8.318435751915851029e+01
-9.739404351915850100e+01
-1.005517515191585005e+02
-7.844779551915851812e+01
-8.318435751915851029e+01
-9.265748151915852304e+01
-7.213237951915849067e+01
-7.844779551915851812e+01
-7.844779551915851812e+01
-8.792091951915850245e+01
-8.634206551915849559e+01
-8.476321151915851715e+01
-6.897467151915850536e+01
-8.792091951915850245e+01
-7.213237951915850488e+01
-7.055352551915851222e+01
-8.160550351915850342e+01
-6.739581751915849850e+01
-8.792091951915850245e+01
-7.055352551915851222e+01
-7.529008751915853281e+01
-7.844779551915848970e+01
-8.476321151915848873e+01
-8.318435751915849607e+01
-7.844779551915850391e+01
-7.213237951915850488e+01
-6.897467151915851957e+01
-7.213237951915851909e+01
-8.476321151915850294e+01
-6.739581751915849850e+01
-1.021306055191584932e+02
-7.371123351915852595e+01
-7.844779551915850391e+01
-9.107862751915848776e+01
-7.055352551915851222e+01
-9.897289751915850786e+01
-7.844779551915850391e+01
-6.897467151915849115e+01
-5.792269351915852127e+01
-8.318435751915849607e+01
-8.002664951915849656e+01
-8.634206551915849559e+01
-9.265748151915849462e+01
-6.739581751915849850e+01
-8.318435751915851029e+01
-9.265748151915852304e+01
-9.739404351915848679e+01
-6.581696351915849164e+01
-8.002664951915849656e+01
-6.581696351915852006e+01
-9.739404351915850100e+01
-7.686894151915851126e+01
-8.476321151915851715e+01
-8.792091951915850245e+01
-6.108040151915850657e+01
-9.581518951915850835e+01
-8.318435751915851029e+01
-8.002664951915852498e+01
-7.844779551915850391e+01
-6.581696351915849164e+01
-6.581696351915849164e+01
-7.371123351915849753e+01
-8.318435751915849607e+01
-8.476321151915850294e+01
-6.739581751915852692e+01
-7.529008751915851860e+01
-8.002664951915849656e+01
-8.160550351915851763e+01
-6.897467151915851957e+01
-8.318435751915852450e+01
-6.739581751915849850e+01
-7.686894151915852547e+01
-6.581696351915849164e+01
-8.002664951915852498e+01
-8.318435751915851029e+01
-7.371123351915849753e+01
-8.949977351915849511e+01
-8.949977351915849511e+01
-9.581518951915850835e+01
-6.423810951915851319e+01
-7.844779551915851812e+01
-9.423633551915850148e+01
-6.897467151915849115e+01
-8.792091951915850245e+01
-9.581518951915850835e+01
-9.107862751915850197e+01
-7.213237951915851909e+01
-6.897467151915850536e+01
-7.213237951915851909e+01
-6.739581751915849850e+01
-8.002664951915849656e+01
-5.792269351915850706e+01
-6.739581751915852692e+01
-7.529008751915850439e+01
-6.897467151915850536e+01
-5.950154751915849971e+01
-7.213237951915851909e+01
-7.844779551915851812e+01
-8.476321151915851715e+01
-8.792091951915850245e+01
-9.581518951915850835e+01
-7.529008751915851860e+01
-7.529008751915850439e+01
-9.581518951915849414e+01
-7.213237951915851909e+01
-6.897467151915850536e+01
-7.529008751915853281e+01
-7.529008751915850439e+01
-6.423810951915851319e+01
-8.002664951915849656e+01
-7.529008751915850439e+01
-9.107862751915848776e+01
-8.949977351915849511e+01
-7.371123351915851174e+01
-7.844779551915851812e+01
-9.107862751915851618e+01
-7.371123351915849753e+01
-8.002664951915852498e+01
-8.002664951915849656e+01
-8.160550351915850342e+01
-6.581696351915852006e+01
-8.318435751915851029e+01
-7.213237951915851909e+01
-9.265748151915849462e+01
-8.792091951915850245e+01
-8.318435751915851029e+01
-8.949977351915850932e+01
-6.423810951915849898e+01
-8.949977351915850932e+01
-8.002664951915851077e+01
-7.371123351915849753e+01
-8.634206551915849559e+01
-7.371123351915849753e+01
-8.634206551915852401e+01
-7.371123351915849753e+01
-1.037094595191585000e+02
-9.423633551915850148e+01
-9.423633551915851569e+01
-6.897467151915850536e+01
-6.581696351915849164e+01
-7.055352551915851222e+01
-7.055352551915852644e+01
-9.423633551915850148e+01
-8.476321151915850294e+01
-7.529008751915851860e+01
-8.002664951915849656e+01
-8.949977351915850932e+01
-7.055352551915851222e+01
-9.897289751915850786e+01
-7.213237951915851909e+01
-7.686894151915851126e+01
-1.021306055191585074e+02
-7.686894151915851126e+01
-6.108040151915851368e+01
-7.371123351915852595e+01
-7.844779551915850391e+01
-9.739404351915850100e+01
-9.423633551915851569e+01
-8.160550351915850342e+01
-7.686894151915851126e+01
-8.476321151915850294e+01
-6.423810951915851319e+01
-8.634206551915849559e+01
-8.792091951915850245e+01
-8.160550351915850342e+01
-8.792091951915848824e+01
-6.581696351915850585e+01
-8.160550351915851763e+01
-6.739581751915849850e+01
-1.005517515191585005e+02
-7.529008751915850439e+01
-8.634206551915849559e+01
-8.792091951915850245e+01
-7.213237951915851909e+01
-7.213237951915851909e+01
-7.213237951915851909e+01
-8.160550351915848921e+01
-6.739581751915849850e+01
-6.897467151915850536e+01
-8.476321151915850294e+01
-8.002664951915851077e+01
-9.423633551915850148e+01
-8.634206551915852401e+01
-9.423633551915850148e+01
-8.634206551915849559e+01
-8.160550351915850342e+01
-8.476321151915850294e+01
-7.529008751915849018e+01
-8.002664951915851077e+01
-6.581696351915850585e+01
-8.476321151915851715e+01
-7.844779551915848970e+01
-7.055352551915851222e+01
-6.739581751915852692e+01
-9.265748151915852304e+01
-8.002664951915849656e+01
-7.844779551915851812e+01
-8.002664951915849656e+01
-9.423633551915850148e+01
-7.844779551915851812e+01
-5.792269351915852127e+01
-1.021306055191585074e+02
-8.476321151915851715e+01
-8.318435751915851029e+01
-7.844779551915851812e+01
-8.476321151915851715e+01
-6.265925551915849923e+01
-7.844779551915848970e+01
-8.476321151915851715e+01
-9.897289751915850786e+01
-9.423633551915850148e+01
-7.844779551915851812e+01
-9.739404351915850100e+01
-7.844779551915848970e+01
-7.844779551915848970e+01
-7.686894151915851126e+01
-8.160550351915850342e+01
-8.318435751915851029e+01
-7.213237951915851909e+01
-7.371123351915851174e+01
-7.844779551915851812e+01
-8.318435751915849607e+01
-6.897467151915850536e+01
-8.160550351915850342e+01
-8.792091951915850245e+01
-8.160550351915850342e+01
-9.107862751915851618e+01
-8.002664951915851077e+01
-7.844779551915851812e+01
-6.265925551915849923e+01
-8.476321151915850294e+01
-7.686894151915851126e+01
-7.213237951915851909e+01
-8.476321151915850294e+01
-5.950154751915850682e+01
-8.318435751915851029e+01
-7.371123351915851174e+01
-7.055352551915852644e+01
-9.581518951915849414e+01
-7.844779551915848970e+01
-8.949977351915850932e+01
-8.318435751915849607e+01
-7.686894151915851126e+01
-7.844779551915851812e+01
-7.844779551915851812e+01
-7.529008751915853281e+01
-7.371123351915849753e+01
-8.949977351915849511e+01
-8.634206551915849559e+01
-8.792091951915851666e+01
-7.371123351915849753e+01
-1.084460215191585064e+02
-5.950154751915852103e+01
-8.476321151915848873e+01
-8.949977351915850932e+01
-6.423810951915851319e+01
-9.739404351915851521e+01
-8.634206551915849559e+01
-8.476321151915851715e+01
-7.529008751915853281e+01
-1.021306055191584932e+02
-7.371123351915849753e+01
-9.739404351915851521e+01
-7.844779551915850391e+01
-7.371123351915849753e+01
-8.318435751915849607e+01
-8.318435751915851029e+01
-8.792091951915850245e+01
-7.686894151915851126e+01
-8.318435751915851029e+01
-8.160550351915850342e+01
-8.949977351915849511e+01
-8.634206551915850980e+01
-7.055352551915852644e+01
-9.265748151915852304e+01
-7.213237951915850488e+01
-9.423633551915850148e+01
-7.529008751915850439e+01
-8.792091951915851666e+01
-7.529008751915850439e+01
-8.634206551915849559e+01
-8.792091951915851666e+01
-8.476321151915850294e+01
-9.265748151915849462e+01
-6.897467151915850536e+01
-9.265748151915849462e+01
-8.160550351915850342e+01
-8.792091951915848824e+01
-7.529008751915851860e+01
-8.792091951915850245e+01
-9.265748151915849462e+01
-7.213237951915849067e+01
-5.792269351915852127e+01
-8.792091951915850245e+01
-8.949977351915849511e+01
-8.318435751915849607e+01
-7.213237951915851909e+01
-1.021306055191584932e+02
-8.476321151915848873e+01
-8.160550351915851763e+01
-9.107862751915848776e+01
-8.002664951915849656e+01
-8.949977351915850932e+01
-7.844779551915851812e+01
-8.002664951915849656e+01
-8.634206551915849559e+01
-8.949977351915850932e+01
-8.318435751915851029e+01
-7.844779551915851812e+01
-7.529008751915850439e+01
-8.792091951915850245e+01
-8.634206551915849559e+01
-7.686894151915849704e+01
-7.371123351915852595e+01
-7.686894151915851126e+01
-6.897467151915850536e+01
-6.108040151915849947e+01
-8.002664951915852498e+01
-8.318435751915851029e+01
-6.897467151915850536e+01
-7.844779551915848970e+01
-9.423633551915848727e+01
-7.213237951915851909e+01
-6.739581751915851271e+01
-9.265748151915850883e+01
-8.792091951915851666e+01
-6.739581751915849850e+01
-6.581696351915850585e+01
-8.792091951915848824e+01
-7.844779551915851812e+01
-8.160550351915850342e+01
-7.529008751915853281e+01
-7.529008751915849018e+01
-9.107862751915848776e+01
-8.476321151915850294e+01
-8.160550351915850342e+01
-7.371123351915849753e+01
-8.160550351915850342e+01
-6.739581751915849850e+01
-7.213237951915850488e+01
-5.634383951915849309e+01
-8.476321151915848873e+01
-7.371123351915849753e+01
-5.002842351915849406e+01
-7.371123351915849753e+01
-7.686894151915849704e+01
-7.213237951915851909e+01
-7.686894151915851126e+01
-7.529008751915850439e+01
-9.423633551915850148e+01
-8.160550351915850342e+01
-7.529008751915850439e+01
-8.002664951915851077e+01
-7.371123351915849753e+01
-8.002664951915849656e+01
-7.844779551915851812e+01
-7.686894151915849704e+01
-8.634206551915850980e+01
-8.949977351915850932e+01
-1.005517515191585005e+02
-8.634206551915852401e+01
-8.949977351915849511e+01
-7.213237951915851909e+01
-8.634206551915849559e+01
-9.897289751915850786e+01
-8.949977351915850932e+01
-5.634383951915851441e+01
-7.529008751915851860e+01
-7.844779551915850391e+01
-7.686894151915851126e+01
-8.476321151915848873e+01
-8.949977351915850932e+01
-8.634206551915849559e+01
-7.844779551915851812e+01
-8.002664951915851077e+01
-6.581696351915850585e+01
-7.844779551915851812e+01
-7.529008751915849018e+01
-8.476321151915851715e+01
-8.318435751915848186e+01
-7.686894151915851126e+01
-8.160550351915850342e+01
-8.002664951915849656e+01
-8.002664951915849656e+01
-9.265748151915849462e+01
-8.949977351915850932e+01
-8.476321151915848873e+01
-7.371123351915851174e+01
-8.949977351915849511e+01
-6.581696351915852006e+01
-8.634206551915852401e+01
-7.686894151915851126e+01
-8.634206551915850980e+01
-7.213237951915850488e+01
-7.371123351915852595e+01
-6.897467151915850536e+01
-6.739581751915852692e+01
-8.792091951915850245e+01
-8.318435751915849607e+01
-8.949977351915850932e+01
-7.055352551915849801e+01
-9.107862751915851618e+01
-7.844779551915851812e+01
-6.739581751915849850e+01
-8.792091951915850245e+01
-7.686894151915849704e+01
-8.634206551915852401e+01
-7.844779551915850391e+01
-7.686894151915851126e+01
-1.068671675191584995e+02
-7.371123351915849753e+01
-7.686894151915851126e+01
-8.476321151915848873e+01
-7.686894151915849704e+01
-7.371123351915849753e+01
-9.265748151915849462e+01
-7.844779551915850391e+01
-7.844779551915850391e+01
-8.160550351915851763e+01
-8.476321151915850294e+01
-7.371123351915852595e+01
-8.634206551915849559e+01
-8.634206551915849559e+01
-8.476321151915851715e+01
-8.476321151915850294e+01
-8.160550351915850342e+01
-8.476321151915848873e+01
-9.265748151915849462e+01
-9.107862751915850197e+01
-9.107862751915851618e+01
-8.002664951915849656e+01
-7.371123351915849753e+01
-9.739404351915851521e+01
-7.371123351915849753e+01
-6.897467151915850536e+01
-8.792091951915851666e+01
-9.107862751915851618e+01
-6.897467151915851957e+01
-6.265925551915849923e+01
-6.581696351915852006e+01
-8.792091951915851666e+01
-6.108040151915849947e+01
-8.002664951915849656e+01
-6.581696351915852006e+01
-7.371123351915852595e+01
-8.318435751915851029e+01
-8.949977351915848089e+01
-7.686894151915849704e+01
-8.318435751915851029e+01
-6.739581751915849850e+01
-8.160550351915850342e+01
-8.318435751915851029e+01
-8.949977351915849511e+01
-7.213237951915851909e+01
-1.005517515191585005e+02
-8.792091951915850245e+01
-8.476321151915848873e+01
-7.844779551915848970e+01
-8.476321151915850294e+01
-7.844779551915851812e+01
-9.581518951915850835e+01
-9.265748151915850883e+01
-8.634206551915850980e+01
-7.213237951915851909e+01
-7.686894151915851126e+01
-7.055352551915851222e+01
-8.634206551915850980e+01
-9.581518951915850835e+01
-8.160550351915851763e+01
-8.792091951915850245e+01
-7.371123351915849753e+01
-8.949977351915849511e+01
-6.739581751915851271e+01
-8.002664951915849656e+01
-9.107862751915848776e+01
-9.423633551915850148e+01
-9.739404351915851521e+01
-8.160550351915850342e+01
-9.581518951915849414e+01
-8.160550351915851763e+01
-8.002664951915849656e+01
-9.265748151915852304e+01
-8.476321151915850294e+01
-8.476321151915848873e+01
-8.634206551915852401e+01
-1.005517515191585005e+02
-6.265925551915851344e+01
-7.055352551915851222e+01
-8.476321151915850294e+01
-7.686894151915849704e+01
-7.213237951915850488e+01
-7.529008751915851860e+01
-1.005517515191585005e+02
-7.844779551915851812e+01
-7.213237951915851909e+01
-9.739404351915850100e+01
-9.897289751915849365e+01
-8.634206551915850980e+01
-7.844779551915851812e+01
-6.581696351915852006e+01
-7.529008751915851860e+01
-7.686894151915849704e+01
-7.529008751915850439e+01
-7.844779551915848970e+01
-7.055352551915851222e+01
-9.107862751915848776e+01
-7.213237951915851909e+01
-6.423810951915851319e+01
-8.160550351915850342e+01
-8.318435751915851029e+01
-8.160550351915850342e+01
-8.160550351915851763e+01
-7.686894151915849704e+01
-7.055352551915851222e+01
-8.160550351915851763e+01
-8.634206551915849559e+01
-8.318435751915849607e+01
-8.476321151915851715e+01
-7.686894151915851126e+01
-7.055352551915849801e+01
-6.897467151915850536e+01
-9.581518951915850835e+01
-7.529008751915850439e+01
-7.055352551915851222e+01
-7.371123351915851174e+01
-9.265748151915849462e+01
-7.055352551915851222e+01
-7.371123351915851174e+01
-7.529008751915850439e+01
-6.265925551915852054e+01
-8.160550351915850342e+01
-9.739404351915851521e+01
-8.476321151915851715e+01
-6.423810951915851319e+01
-8.949977351915850932e+01
-8.792091951915851666e+01
-8.476321151915848873e+01
-9.107862751915851618e+01
-7.371123351915852595e+01
-8.792091951915850245e+01
-6.265925551915850633e+01
-8.634206551915849559e+01
-7.055352551915852644e+01
-7.844779551915851812e+01
-8.634206551915849559e+01
-8.318435751915851029e+01
-8.160550351915851763e+01
-9.107862751915851618e+01
-8.476321151915850294e+01
-8.949977351915850932e+01
-7.213237951915851909e+01
-8.318435751915848186e+01
-8.634206551915849559e+01
-8.160550351915851763e+01
-8.792091951915848824e+01
-7.371123351915849753e+01
-6.897467151915853378e+01
-8.318435751915851029e+01
-7.844779551915850391e+01
-8.002664951915849656e+01
-7.055352551915851222e+01
-8.002664951915851077e+01
-9.107862751915851618e+01
-9.265748151915849462e+01
-6.581696351915852006e+01
-7.371123351915849753e+01
-7.844779551915848970e+01
-8.318435751915849607e+01
-9.423633551915850148e+01
-7.686894151915851126e+01
-7.371123351915851174e+01
-7.213237951915851909e+01
-8.318435751915851029e+01
-8.002664951915852498e+01
-9.423633551915850148e+01
-7.371123351915849753e+01
-8.318435751915851029e+01
-9.107862751915848776e+01
-8.002664951915852498e+01
-9.739404351915850100e+01
-5.476498551915850044e+01
-8.002664951915852498e+01
-8.476321151915850294e+01
-9.265748151915850883e+01
-7.371123351915852595e+01
-8.792091951915850245e+01
-7.844779551915848970e+01
-5.950154751915852103e+01
-9.107862751915851618e+01
-8.160550351915850342e+01
-8.476321151915850294e+01
-7.686894151915851126e+01
-9.423633551915850148e+01
-8.318435751915849607e+01
-8.002664951915851077e+01
-9.265748151915850883e+01
-9.265748151915850883e+01
-8.476321151915848873e+01
-8.160550351915850342e+01
-5.950154751915849971e+01
-8.792091951915850245e+01
-7.529008751915850439e+01
-9.739404351915850100e+01
-6.265925551915851344e+01
-8.476321151915850294e+01
-7.529008751915850439e+01
-8.792091951915850245e+01
-9.581518951915849414e+01
-9.265748151915849462e+01
-6.897467151915850536e+01
-8.002664951915849656e+01
-5.476498551915852175e+01
-6.897467151915849115e+01
-8.634206551915849559e+01
-7.213237951915850488e+01
-8.792091951915850245e+01
-6.739581751915849850e+01
-8.160550351915850342e+01
-6.108040151915850657e+01
-8.949977351915849511e+01
-6.897467151915850536e+01
-8.634206551915849559e+01
-8.476321151915850294e+01
-7.371123351915851174e+01
-6.423810951915849898e+01
-8.160550351915850342e+01
-8.792091951915850245e+01
-8.318435751915851029e+01
-8.318435751915851029e+01
-7.213237951915851909e+01
-8.002664951915852498e+01
-9.107862751915850197e+01
-7.213237951915851909e+01
-9.265748151915850883e+01
-8.634206551915852401e+01
-9.265748151915849462e+01
-7.686894151915851126e+01
-9.897289751915849365e+01
-6.423810951915851319e+01
-8.476321151915851715e+01
-9.739404351915850100e+01
-8.160550351915851763e+01
-9.581518951915850835e+01
-9.423633551915848727e+01
-6.897467151915849115e+01
-6.897467151915850536e+01
-8.476321151915850294e+01
-8.476321151915851715e+01
-9.265748151915850883e+01
-7.213237951915849067e+01
-7.844779551915848970e+01
-7.213237951915851909e+01
-8.318435751915851029e+01
-6.739581751915849850e+01
-7.371123351915849753e+01
-8.160550351915851763e+01
-8.476321151915848873e+01
-7.371123351915851174e+01
-8.160550351915851763e+01
-6.897467151915850536e+01
-6.581696351915850585e+01
-5.950154751915852103e+01
-9.739404351915851521e+01
-7.213237951915851909e+01
-7.213237951915850488e+01
-8.318435751915851029e+01
-7.844779551915851812e+01
-8.634206551915849559e+01
-7.529008751915850439e+01
-8.634206551915849559e+01
-7.686894151915851126e+01
-8.476321151915848873e+01
-8.634206551915852401e+01
-8.476321151915851715e+01
-1.021306055191585074e+02
-7.529008751915851860e+01
-8.792091951915851666e+01
-8.792091951915851666e+01
-8.792091951915851666e+01
-7.529008751915849018e+01
-7.529008751915850439e+01
-7.844779551915848970e+01
-6.265925551915852054e+01
-8.318435751915851029e+01
-7.529008751915851860e+01
-6.423810951915848477e+01
-8.634206551915850980e+01
-7.529008751915851860e+01
-8.792091951915850245e+01
-7.844779551915850391e+01
-7.371123351915851174e+01
-8.476321151915851715e+01
-8.792091951915850245e+01
-8.949977351915850932e+01
-7.213237951915851909e+01
-6.897467151915850536e+01
-8.002664951915852498e+01
-7.213237951915851909e+01
-7.371123351915852595e+01
-8.949977351915850932e+01
-7.371123351915851174e+01
-1.021306055191585074e+02
-6.581696351915849164e+01
-8.476321151915851715e+01
-1.037094595191585000e+02
-9.107862751915850197e+01
-7.844779551915850391e+01
-8.002664951915849656e+01
-7.686894151915848283e+01
-7.529008751915853281e+01
-9.581518951915850835e+01
-8.476321151915850294e+01
-7.686894151915851126e+01
-7.686894151915851126e+01
-8.160550351915850342e+01
-8.634206551915849559e+01
-8.476321151915848873e+01
-7.844779551915848970e+01
-7.055352551915851222e+01
-8.002664951915849656e+01
-9.581518951915849414e+01
-9.107862751915851618e+01
-8.318435751915851029e+01
-8.002664951915851077e+01
-9.107862751915850197e+01
-7.371123351915849753e+01
-7.213237951915849067e+01
-7.844779551915851812e+01
-7.686894151915851126e+01
-1.005517515191585005e+02
-1.084460215191584922e+02
-9.581518951915850835e+01
-8.792091951915850245e+01
-8.792091951915851666e+01
-8.160550351915850342e+01
-6.265925551915850633e+01
-8.949977351915850932e+01
-6.739581751915849850e+01
-8.318435751915849607e+01
-9.897289751915850786e+01
-8.792091951915850245e+01
-6.739581751915849850e+01
-9.423633551915850148e+01
-7.371123351915849753e+01
-9.423633551915851569e+01
-7.686894151915848283e+01
-9.265748151915849462e+01
-8.160550351915848921e+01
-1.084460215191584922e+02
-8.792091951915850245e+01
-7.371123351915849753e+01
-7.686894151915851126e+01
-1.100248755191585133e+02
-8.318435751915848186e+01
-7.844779551915851812e+01
-7.055352551915849801e+01
-9.423633551915850148e+01
-9.107862751915850197e+01
-6.897467151915850536e+01
-8.634206551915850980e+01
-7.686894151915851126e+01
-7.529008751915850439e+01
-7.371123351915852595e+01
-8.318435751915851029e+01
-7.686894151915851126e+01
-7.529008751915849018e+01
-7.213237951915851909e+01
-9.581518951915850835e+01
-7.371123351915849753e+01
-8.949977351915850932e+01
-9.107862751915848776e+01
-7.529008751915850439e+01
-8.476321151915851715e+01
-1.037094595191585142e+02
-7.529008751915851860e+01
-7.529008751915850439e+01
-7.055352551915849801e+01
-8.792091951915850245e+01
-9.107862751915851618e+01
-8.949977351915849511e+01
-8.002664951915849656e+01
-7.844779551915851812e+01
-8.634206551915849559e+01
-8.002664951915849656e+01
-6.897467151915850536e+01
-7.213237951915850488e+01
-8.002664951915851077e+01
-6.897467151915850536e+01
-8.949977351915850932e+01
-6.423810951915849898e+01
-8.318435751915851029e+01
-8.160550351915850342e+01
-6.897467151915850536e+01
-7.686894151915851126e+01
-8.002664951915849656e+01
-8.318435751915851029e+01
-8.476321151915848873e+01
-8.949977351915849511e+01
-7.686894151915852547e+01
-9.739404351915851521e+01
-7.686894151915848283e+01
-8.949977351915850932e+01
-7.055352551915852644e+01
-8.634206551915852401e+01
-8.949977351915850932e+01
-9.739404351915850100e+01
-7.529008751915850439e+01
-7.371123351915852595e+01
-9.107862751915850197e+01
-7.686894151915848283e+01
-7.844779551915848970e+01
-7.529008751915850439e+01
-8.476321151915850294e+01
-7.055352551915851222e+01
-8.792091951915850245e+01
-1.021306055191585074e+02
-7.529008751915850439e+01
-7.055352551915851222e+01
-7.844779551915850391e+01
-8.002664951915852498e+01
-9.265748151915849462e+01
-8.792091951915850245e+01
-7.213237951915851909e+01
-6.897467151915850536e+01
-8.160550351915850342e+01
-8.634206551915849559e+01
-1.037094595191585142e+02
-7.371123351915849753e+01
-8.949977351915850932e+01
-8.634206551915852401e+01
-8.949977351915850932e+01
-8.318435751915851029e+01
-7.213237951915851909e+01
-7.529008751915851860e+01
-8.002664951915849656e+01
-7.844779551915848970e+01
-8.476321151915848873e+01
-7.686894151915851126e+01
-1.052883135191584927e+02
-8.318435751915849607e+01
-9.739404351915850100e+01
-5.950154751915852103e+01
-8.634206551915850980e+01
-7.529008751915851860e+01
-7.686894151915851126e+01
-9.265748151915852304e+01
-8.160550351915850342e+01
-7.371123351915852595e+01
-7.213237951915850488e+01
-9.739404351915848679e+01
-9.423633551915851569e+01
-7.529008751915850439e+01
-1.005517515191585005e+02
-6.265925551915852054e+01
-8.792091951915851666e+01
-8.476321151915851715e+01
-8.634206551915849559e+01
-8.792091951915850245e+01
-1.005517515191585005e+02
-8.476321151915851715e+01
-8.634206551915849559e+01
-8.476321151915851715e+01
-9.739404351915848679e+01
-8.318435751915851029e+01
-9.265748151915850883e+01
-7.371123351915849753e+01
-9.265748151915850883e+01
-7.686894151915848283e+01
-7.529008751915850439e+01
-7.686894151915851126e+01
-8.634206551915850980e+01
-9.265748151915852304e+01
-6.739581751915852692e+01
-8.634206551915849559e+01
-6.581696351915850585e+01
-8.792091951915853087e+01
-8.792091951915851666e+01
-7.055352551915851222e+01
-7.055352551915848380e+01
-8.634206551915849559e+01
-7.686894151915848283e+01
-7.686894151915849704e+01
-8.792091951915848824e+01
-8.949977351915850932e+01
-9.897289751915849365e+01
-9.423633551915850148e+01
-7.529008751915851860e+01
-7.213237951915851909e+01
-9.265748151915850883e+01
-8.476321151915851715e+01
-8.476321151915850294e+01
-8.634206551915850980e+01
-7.529008751915849018e+01
-8.634206551915849559e+01
-1.052883135191585069e+02
-7.844779551915850391e+01
-8.476321151915851715e+01
-8.318435751915851029e+01
-9.265748151915850883e+01
-8.792091951915851666e+01
-6.423810951915851319e+01
-8.002664951915849656e+01
-6.739581751915849850e+01
-6.423810951915851319e+01
-8.318435751915851029e+01
-8.318435751915851029e+01
-7.844779551915851812e+01
-6.739581751915852692e+01
-8.792091951915850245e+01
-1.037094595191585000e+02
-8.318435751915851029e+01
-4.529186151915850189e+01
-6.265925551915849923e+01
-9.107862751915851618e+01
-7.371123351915849753e+01
-8.476321151915848873e+01
-9.265748151915849462e+01
-8.318435751915849607e+01
-8.792091951915850245e+01
-7.213237951915849067e+01
-6.108040151915851368e+01
-7.529008751915850439e+01
-8.160550351915850342e+01
-6.739581751915852692e+01
-8.476321151915848873e+01
-6.265925551915851344e+01
-7.529008751915850439e+01
-9.265748151915850883e+01
-7.529008751915850439e+01
-7.844779551915850391e+01
-8.160550351915850342e+01
-7.529008751915851860e+01
-8.792091951915848824e+01
-7.371123351915849753e+01
-7.844779551915850391e+01
-4.844956951915849430e+01
-6.265925551915852054e+01
-8.476321151915850294e+01
-8.476321151915851715e+01
-8.318435751915851029e+01
-8.002664951915849656e+01
-8.318435751915851029e+01
-7.213237951915849067e+01
-7.686894151915851126e+01
-8.476321151915848873e+01
-8.634206551915852401e+01
-7.371123351915849753e+01
-7.213237951915851909e+01
-9.739404351915850100e+01
-7.844779551915848970e+01
-9.107862751915850197e+01
-7.686894151915848283e+01
-9.265748151915849462e+01
-7.371123351915849753e+01
-7.213237951915849067e+01
-8.949977351915849511e+01
-9.423633551915850148e+01
-6.423810951915849898e+01
-8.002664951915849656e+01
-7.529008751915850439e+01
-7.686894151915851126e+01
-9.265748151915850883e+01
-8.792091951915851666e+01
-8.476321151915850294e+01
-8.160550351915850342e+01
-8.476321151915850294e+01
-8.318435751915851029e+01
-7.055352551915848380e+01
-7.686894151915849704e+01
-6.265925551915851344e+01
-8.476321151915850294e+01
-7.844779551915851812e+01
-7.213237951915849067e+01
-7.529008751915851860e+01
-7.055352551915851222e+01
-6.897467151915850536e+01
-7.529008751915850439e+01
-1.005517515191585147e+02
-7.371123351915852595e+01
-9.897289751915850786e+01
-8.634206551915852401e+01
-9.107862751915850197e+01
-8.002664951915851077e+01
-8.792091951915850245e+01
-7.371123351915849753e+01
-7.371123351915849753e+01
-6.108040151915849947e+01
-7.055352551915851222e+01
-7.686894151915851126e+01
-7.686894151915851126e+01
-9.107862751915848776e+01
-8.318435751915849607e+01
-7.213237951915850488e+01
-8.476321151915848873e+01
-6.897467151915850536e+01
-7.213237951915849067e+01
-6.581696351915849164e+01
-1.052883135191585069e+02
-8.634206551915850980e+01
-7.213237951915850488e+01
-6.897467151915850536e+01
-6.108040151915851368e+01
-1.116037295191585343e+02
-8.949977351915850932e+01
-9.265748151915852304e+01
-8.476321151915850294e+01
-8.318435751915851029e+01
-9.265748151915849462e+01
-8.634206551915849559e+01
-7.686894151915851126e+01
-9.107862751915850197e+01
-7.686894151915851126e+01
-8.949977351915849511e+01
-7.055352551915848380e+01
-1.021306055191584932e+02
-1.037094595191585000e+02
-8.160550351915850342e+01
-8.476321151915850294e+01
-7.213237951915850488e+01
-6.897467151915850536e+01
-7.686894151915851126e+01
-8.792091951915850245e+01
-7.055352551915851222e+01
-8.318435751915849607e+01
-8.949977351915850932e+01
-8.318435751915851029e+01
-7.213237951915850488e+01
-8.318435751915851029e+01
-6.265925551915850633e+01
-7.844779551915850391e+01
-8.160550351915850342e+01
-8.002664951915849656e+01
-8.160550351915851763e+01
-8.002664951915852498e+01
-9.265748151915850883e+01
-7.213237951915849067e+01
-7.371123351915849753e+01
-7.213237951915851909e+01
-8.318435751915849607e+01
-8.160550351915850342e+01
-9.107862751915848776e+01
-8.160550351915850342e+01
-6.897467151915850536e+01
-8.160550351915851763e+01
-9.107862751915850197e+01
-7.371123351915849753e+01
-8.160550351915850342e+01
-1.052883135191585069e+02
-7.844779551915851812e+01
-8.002664951915851077e+01
-9.107862751915848776e+01
-9.581518951915850835e+01
-6.265925551915850633e+01
-7.055352551915849801e+01
-8.476321151915848873e+01
-7.371123351915851174e+01
-9.107862751915850197e+01
-7.529008751915851860e+01
-8.002664951915849656e+01
-8.792091951915850245e+01
-7.213237951915850488e+01
-8.634206551915849559e+01
-8.476321151915850294e+01
-8.002664951915851077e+01
-6.897467151915850536e+01
-7.529008751915851860e+01
-7.213237951915850488e+01
-1.021306055191584932e+02
-7.371123351915852595e+01
-6.897467151915849115e+01
-8.160550351915850342e+01
-8.318435751915851029e+01
-7.844779551915848970e+01
-9.739404351915848679e+01
-7.686894151915851126e+01
-9.581518951915850835e+01
-9.897289751915850786e+01
-7.529008751915849018e+01
-9.423633551915850148e+01
-9.423633551915850148e+01
-9.265748151915849462e+01
-8.949977351915850932e+01
-7.529008751915853281e+01
-7.213237951915849067e+01
-7.686894151915851126e+01
-7.371123351915849753e+01
-8.318435751915851029e+01
-6.581696351915850585e+01
-1.021306055191585074e+02
-7.686894151915851126e+01
-6.897467151915850536e+01
-8.949977351915850932e+01
-6.581696351915852006e+01
-7.686894151915848283e+01
-8.002664951915849656e+01
-8.160550351915850342e+01
-8.476321151915851715e+01
-8.160550351915850342e+01
-7.371123351915851174e+01
-9.265748151915849462e+01
-8.160550351915851763e+01
-9.265748151915849462e+01
-7.055352551915851222e+01
-1.005517515191585005e+02
-7.844779551915850391e+01
-8.002664951915851077e+01
-5.318613151915851489e+01
-7.213237951915851909e+01
-7.529008751915850439e+01
-8.949977351915850932e+01
-8.318435751915851029e+01
-7.686894151915851126e+01
-8.634206551915852401e+01
-6.423810951915851319e+01
-9.581518951915849414e+01
-8.476321151915851715e+01
-7.844779551915850391e+01
-7.213237951915849067e+01
-7.844779551915850391e+01
-9.107862751915850197e+01
-9.265748151915850883e+01
-8.634206551915849559e+01
-7.055352551915852644e+01
-9.897289751915849365e+01
-8.949977351915850932e+01
-7.371123351915851174e+01
-6.423810951915851319e+01
-8.160550351915850342e+01
-8.476321151915851715e+01
-8.160550351915850342e+01
-8.160550351915850342e+01
-9.739404351915848679e+01
-6.897467151915851957e+01
-9.581518951915849414e+01
-8.160550351915848921e+01
-9.423633551915850148e+01
-8.318435751915851029e+01
-1.005517515191585005e+02
-7.371123351915851174e+01
-7.529008751915850439e+01
-8.318435751915851029e+01
-8.002664951915852498e+01
-9.107862751915851618e+01
-8.002664951915849656e+01
-8.002664951915852498e+01
-7.686894151915851126e+01
-7.371123351915849753e+01
-8.792091951915850245e+01
-6.423810951915851319e+01
-8.002664951915849656e+01
-8.318435751915851029e+01
-8.318435751915851029e+01
-8.476321151915851715e+01
-8.634206551915849559e+01
-8.634206551915850980e+01
-7.686894151915848283e+01
-8.318435751915849607e+01
-7.686894151915851126e+01
-9.423633551915850148e+01
-8.634206551915849559e+01
-8.318435751915851029e+01
-8.634206551915849559e+01
-7.055352551915848380e+01
-8.792091951915851666e+01
-7.529008751915850439e+01
-6.423810951915851319e+01
-8.792091951915850245e+01
-6.581696351915849164e+01
-8.160550351915850342e+01
-6.897467151915853378e+01
-9.265748151915849462e+01
-6.739581751915851271e+01
-7.529008751915850439e+01
-6.581696351915850585e+01
-8.318435751915851029e+01
-8.318435751915851029e+01
-7.844779551915850391e+01
-1.052883135191585211e+02
-8.476321151915850294e+01
-1.052883135191585211e+02
-8.949977351915850932e+01
-9.265748151915849462e+01
-7.055352551915848380e+01
-8.792091951915848824e+01
-7.686894151915851126e+01
-7.371123351915849753e+01
-1.005517515191585005e+02
-8.160550351915851763e+01
-8.160550351915850342e+01
-8.634206551915850980e+01
-9.107862751915848776e+01
-8.634206551915850980e+01
-7.213237951915850488e+01
-8.318435751915849607e+01
-9.739404351915851521e+01
-8.476321151915850294e+01
-8.634206551915850980e+01
-9.265748151915852304e+01
-8.792091951915853087e+01
-5.318613151915851489e+01
-8.634206551915850980e+01
-9.265748151915852304e+01
-7.055352551915851222e+01
-7.371123351915852595e+01
-8.634206551915849559e+01
-8.634206551915849559e+01
-9.739404351915851521e+01
-7.844779551915850391e+01
-7.529008751915850439e+01
-7.529008751915850439e+01
-9.897289751915850786e+01
-7.844779551915851812e+01
-8.949977351915849511e+01
-6.739581751915851271e+01
-8.792091951915851666e+01
-1.005517515191585005e+02
-7.686894151915851126e+01
-7.055352551915849801e+01
-7.371123351915851174e+01
-1.068671675191584995e+02
-8.634206551915850980e+01
-6.739581751915849850e+01
-6.897467151915849115e+01
-6.897467151915851957e+01
-9.265748151915849462e+01
-9.107862751915848776e+01
-9.107862751915851618e+01
-7.529008751915850439e+01
-8.002664951915852498e+01
-7.213237951915850488e+01
-8.634206551915849559e+01
-7.371123351915849753e+01
-7.686894151915849704e+01
-7.844779551915848970e+01
-7.213237951915849067e+01
-8.160550351915851763e+01
-7.844779551915851812e+01
-9.897289751915849365e+01
-7.686894151915848283e+01
-8.949977351915849511e+01
-9.107862751915848776e+01
-8.002664951915849656e+01
-9.897289751915850786e+01
-8.318435751915851029e+01
-9.107862751915850197e+01
-8.792091951915851666e+01
-6.897467151915850536e+01
-8.634206551915849559e+01
-8.634206551915850980e+01
-8.002664951915852498e+01
-8.634206551915849559e+01
-7.844779551915850391e+01
-9.581518951915850835e+01
-8.949977351915850932e+01
-1.021306055191585074e+02
-9.107862751915851618e+01
-7.529008751915850439e+01
-6.739581751915849850e+01
-9.107862751915850197e+01
-9.897289751915849365e+01
-7.686894151915851126e+01
-8.949977351915850932e+01
-7.529008751915850439e+01
-7.529008751915850439e+01
-7.686894151915851126e+01
-8.634206551915850980e+01
-6.265925551915850633e+01
-7.686894151915851126e+01
-8.949977351915850932e+01
-7.529008751915850439e+01
-9.739404351915850100e+01
-7.686894151915848283e+01
-7.371123351915849753e+01
-8.002664951915852498e+01
-7.371123351915849753e+01
-8.949977351915850932e+01
-7.055352551915851222e+01
-7.844779551915850391e+01
-7.529008751915850439e+01
-9.107862751915851618e+01
-8.160550351915850342e+01
-9.423633551915850148e+01
-7.686894151915851126e+01
-8.476321151915851715e+01
-1.021306055191585074e+02
-7.844779551915848970e+01
-7.529008751915850439e+01
-9.423633551915850148e+01
-6.581696351915849164e+01
-9.107862751915851618e+01
-7.844779551915851812e+01
-8.634206551915852401e+01
-9.423633551915850148e+01
-9.423633551915848727e+01
-7.844779551915850391e+01
-7.844779551915851812e+01
-9.265748151915849462e+01
-7.055352551915851222e+01
-6.265925551915849923e+01
-8.002664951915852498e+01
-8.318435751915851029e+01
-7.213237951915851909e+01
-6.897467151915850536e+01
-8.476321151915851715e+01
-7.371123351915851174e+01
-8.949977351915849511e+01
-9.897289751915850786e+01
-9.107862751915851618e+01
-8.318435751915851029e+01
-8.318435751915848186e+01
-6.265925551915849923e+01
-8.634206551915849559e+01
-1.037094595191585142e+02
-1.052883135191584927e+02
-9.265748151915849462e+01
-8.949977351915850932e+01
-9.265748151915850883e+01
-9.265748151915850883e+01
-8.476321151915851715e+01
-8.318435751915851029e+01
-7.055352551915848380e+01
-6.897467151915849115e+01
-8.160550351915850342e+01
-8.792091951915850245e+01
-8.634206551915850980e+01
-8.476321151915848873e+01
-9.265748151915849462e+01
-9.107862751915848776e+01
-1.005517515191585147e+02
-8.949977351915850932e+01
-8.634206551915850980e+01
-9.107862751915851618e+01
-8.476321151915851715e+01
-9.423633551915850148e+01
-9.897289751915849365e+01
-1.005517515191585005e+02
-7.371123351915851174e+01
-7.213237951915850488e+01
-8.949977351915850932e+01
-7.371123351915852595e+01
-8.160550351915850342e+01
-6.108040151915852078e+01
-9.581518951915850835e+01
-9.897289751915849365e+01
-8.002664951915851077e+01
-8.002664951915849656e+01
-8.634206551915849559e+01
-8.002664951915849656e+01
-9.265748151915849462e+01
-9.423633551915850148e+01
-9.581518951915849414e+01
-8.318435751915849607e+01
-9.107862751915848776e+01
-9.739404351915850100e+01
-7.529008751915851860e+01
-8.002664951915851077e+01
-8.476321151915848873e+01
-6.897467151915850536e+01
-6.265925551915851344e+01
-9.581518951915850835e+01
-1.100248755191584991e+02
-8.634206551915850980e+01
-8.949977351915850932e+01
-7.529008751915850439e+01
-8.949977351915849511e+01
-7.055352551915851222e+01
-1.037094595191585000e+02
-9.265748151915850883e+01
-7.844779551915851812e+01
-7.529008751915850439e+01
-8.634206551915850980e+01
-8.949977351915850932e+01
-9.739404351915850100e+01
-6.897467151915850536e+01
-8.476321151915851715e+01
-6.581696351915852006e+01
-8.634206551915850980e+01
-9.897289751915849365e+01
-6.739581751915849850e+01
-9.897289751915849365e+01
-8.792091951915850245e+01
-9.265748151915852304e+01
-9.897289751915852207e+01
-9.897289751915849365e+01
-9.107862751915851618e+01
-7.055352551915851222e+01
-7.529008751915849018e+01
-7.686894151915851126e+01
-8.634206551915849559e+01
-9.265748151915852304e+01
-7.213237951915851909e+01
-8.634206551915850980e+01
-8.476321151915851715e+01
-8.160550351915850342e+01
-8.792091951915850245e+01
-1.052883135191584927e+02
-7.529008751915850439e+01
-9.265748151915849462e+01
-7.686894151915852547e+01
-1.005517515191585147e+02
-9.107862751915851618e+01
-6.423810951915849898e+01
-8.634206551915849559e+01
-9.107862751915850197e+01
-8.002664951915849656e+01
-8.634206551915849559e+01
-6.739581751915851271e+01
-6.897467151915850536e+01
-7.371123351915851174e+01
-7.371123351915851174e+01
-7.213237951915849067e+01
-8.792091951915850245e+01
-7.213237951915850488e+01
-8.634206551915850980e+01
-8.160550351915850342e+01
-8.160550351915850342e+01
-8.002664951915849656e+01
-7.686894151915848283e+01
-6.739581751915849850e+01
-8.002664951915851077e+01
-8.318435751915851029e+01
-1.005517515191585005e+02
-6.739581751915851271e+01
-9.897289751915849365e+01
-9.423633551915850148e+01
-1.021306055191585216e+02
-8.160550351915851763e+01
-8.318435751915851029e+01
-9.265748151915850883e+01
-6.739581751915851271e+01
-9.739404351915851521e+01
-8.002664951915851077e+01
-6.897467151915850536e+01
-8.476321151915850294e+01
-7.529008751915850439e+01
-8.634206551915849559e+01
-9.265748151915849462e+01
-7.529008751915850439e+01
-9.423633551915848727e+01
-1.021306055191584932e+02
-8.476321151915850294e+01
-8.002664951915849656e+01
-8.476321151915848873e+01
-7.055352551915848380e+01
-7.844779551915850391e+01
-9.423633551915850148e+01
-7.213237951915851909e+01
-6.897467151915850536e+01
-7.055352551915851222e+01
-9.423633551915851569e+01
-8.318435751915851029e+01
-8.160550351915851763e+01
-7.055352551915848380e+01
-9.423633551915850148e+01
-8.002664951915852498e+01
-7.686894151915851126e+01
-9.581518951915850835e+01
-9.107862751915851618e+01
-8.476321151915851715e+01
-8.476321151915851715e+01
-8.476321151915851715e+01
-8.160550351915850342e+01
-8.160550351915851763e+01
-6.108040151915852078e+01
-9.423633551915850148e+01
-9.581518951915850835e+01
-8.792091951915851666e+01
-9.107862751915850197e+01
-5.634383951915852151e+01
-7.371123351915852595e+01
-8.160550351915850342e+01
-6.897467151915850536e+01
-1.131825835191585128e+02
-9.739404351915851521e+01
-6.897467151915853378e+01
-6.897467151915850536e+01
-6.739581751915851271e+01
-7.213237951915851909e+01
-5.950154751915850682e+01
-9.423633551915850148e+01
-9.107862751915848776e+01
-8.476321151915848873e+01
-8.634206551915850980e+01
-5.476498551915852175e+01
-7.529008751915850439e+01
-9.265748151915850883e+01
-8.792091951915850245e+01
-9.265748151915850883e+01
-9.265748151915852304e+01
-9.265748151915852304e+01
-8.634206551915852401e+01
-7.844779551915851812e+01
-6.897467151915849115e+01
-8.476321151915850294e+01
-8.002664951915852498e+01
-9.897289751915849365e+01
-1.084460215191584922e+02
-8.318435751915851029e+01
-9.107862751915851618e+01
-8.634206551915850980e+01
-7.844779551915848970e+01
-6.897467151915851957e+01
-6.108040151915849236e+01
-9.265748151915850883e+01
-8.002664951915849656e+01
-6.897467151915850536e+01
-8.002664951915851077e+01
-7.844779551915851812e+01
-7.213237951915851909e+01
-8.634206551915849559e+01
-8.160550351915851763e+01
-8.002664951915849656e+01
-9.265748151915849462e+01
-9.265748151915849462e+01
-8.002664951915852498e+01
-8.002664951915852498e+01
-1.005517515191585005e+02
-7.686894151915851126e+01
-5.950154751915851392e+01
-6.581696351915849164e+01
-1.021306055191584932e+02
-9.107862751915851618e+01
-9.265748151915849462e+01
-9.739404351915851521e+01
-7.371123351915849753e+01
-8.792091951915850245e+01
-9.739404351915850100e+01
-7.844779551915848970e+01
-6.897467151915850536e+01
-6.265925551915851344e+01
-8.160550351915851763e+01
-8.002664951915849656e+01
-8.792091951915851666e+01
-8.792091951915851666e+01
-9.897289751915849365e+01
-1.005517515191585005e+02
-8.476321151915851715e+01
-8.160550351915850342e+01
-7.686894151915851126e+01
-8.476321151915848873e+01
-8.002664951915849656e+01
-8.476321151915851715e+01
-1.052883135191584927e+02
-7.686894151915851126e+01
-8.318435751915851029e+01
-8.476321151915851715e+01
-8.476321151915848873e+01
-7.213237951915851909e+01
-9.265748151915850883e+01
-9.107862751915851618e+01
-9.423633551915850148e+01
-7.844779551915848970e+01
-6.581696351915849164e+01
-8.949977351915849511e+01
-8.792091951915850245e+01
-8.160550351915850342e+01
-8.792091951915848824e+01
-8.160550351915851763e+01
-8.318435751915849607e+01
-8.318435751915849607e+01
-9.581518951915850835e+01
-8.949977351915850932e+01
-8.792091951915851666e+01
-6.581696351915850585e+01
-7.371123351915849753e+01
-7.686894151915851126e+01
-8.160550351915850342e+01
-8.634206551915850980e+01
-9.265748151915850883e+01
-8.476321151915850294e+01
-6.423810951915851319e+01
-5.950154751915850682e+01
-8.949977351915850932e+01
-7.686894151915851126e+01
-8.160550351915851763e+01
-7.213237951915851909e+01
-7.055352551915848380e+01
-8.792091951915850245e+01
-5.634383951915851441e+01
-7.844779551915848970e+01
-8.160550351915851763e+01
-9.107862751915848776e+01
-8.160550351915850342e+01
-8.476321151915848873e+01
-7.844779551915851812e+01
-7.529008751915850439e+01
-7.529008751915853281e+01
-8.792091951915850245e+01
-7.844779551915850391e+01
-7.686894151915851126e+01
-7.686894151915851126e+01
-7.686894151915851126e+01
-9.265748151915852304e+01
-8.476321151915850294e+01
-9.423633551915850148e+01
-7.371123351915849753e+01
-8.160550351915850342e+01
-8.002664951915849656e+01
-8.160550351915851763e+01
-9.107862751915851618e+01
-8.634206551915849559e+01
-7.055352551915851222e+01
-8.634206551915852401e+01
-8.949977351915850932e+01
-7.529008751915849018e+01
-8.476321151915848873e+01
-8.318435751915849607e+01
-7.213237951915849067e+01
-8.476321151915851715e+01
-9.581518951915849414e+01
-9.581518951915850835e+01
-6.423810951915851319e+01
-6.897467151915850536e+01
-7.844779551915850391e+01
-8.160550351915850342e+01
-8.318435751915851029e+01
-8.792091951915850245e+01
-8.634206551915849559e+01
-8.160550351915851763e+01
-6.739581751915851271e+01
-8.634206551915849559e+01
-8.792091951915850245e+01
-7.529008751915853281e+01
-7.371123351915849753e+01
-7.213237951915849067e+01
-9.423633551915850148e+01
-7.371123351915849753e+01
-9.423633551915850148e+01
-9.265748151915850883e+01
-8.634206551915849559e+01
-8.318435751915848186e+01
-7.686894151915851126e+01
-7.529008751915850439e+01
-9.581518951915849414e+01
-8.634206551915849559e+01
-6.739581751915851271e+01
-6.108040151915852078e+01
-8.949977351915850932e+01
-7.686894151915851126e+01
-6.581696351915849164e+01
-9.107862751915850197e+01
-9.265748151915852304e+01
-8.792091951915851666e+01
-6.897467151915850536e+01
-7.213237951915851909e+01
-8.634206551915849559e+01
-9.107862751915848776e+01
-7.686894151915849704e+01
-8.792091951915850245e+01
-6.108040151915850657e+01
-5.950154751915852103e+01
-6.108040151915849947e+01
-9.423633551915850148e+01
-6.897467151915850536e+01
-9.265748151915849462e+01
-8.318435751915851029e+01
-8.476321151915851715e+01
-8.949977351915850932e+01
-7.686894151915851126e+01
-8.160550351915850342e+01
-8.949977351915849511e+01
-6.265925551915850633e+01
-7.844779551915848970e+01
-7.844779551915851812e+01
-7.844779551915851812e+01
-8.792091951915850245e+01
-8.160550351915851763e+01
-8.634206551915850980e+01
-6.739581751915851271e+01
-8.318435751915848186e+01
-9.265748151915849462e+01
-7.213237951915849067e+01
-7.844779551915848970e+01
-7.844779551915850391e+01
-8.476321151915850294e+01
-9.107862751915851618e+01
-7.844779551915851812e+01
-8.476321151915850294e+01
-9.107862751915850197e+01
-9.739404351915851521e+01
-7.371123351915852595e+01
-8.318435751915851029e+01
-7.844779551915850391e+01
-8.476321151915851715e+01
-7.055352551915851222e+01
-7.213237951915849067e+01
-6.897467151915850536e+01
-7.844779551915850391e+01
-8.949977351915849511e+01
-8.476321151915850294e+01
-9.107862751915851618e+01
-1.194979995191584976e+02
-6.739581751915849850e+01
-6.423810951915851319e+01
-9.739404351915848679e+01
-6.739581751915852692e+01
-9.107862751915851618e+01
-9.739404351915851521e+01
-7.213237951915849067e+01
-5.634383951915850020e+01
-7.686894151915849704e+01
-9.107862751915851618e+01
-7.055352551915851222e+01
-8.476321151915848873e+01
-7.844779551915851812e+01
-6.581696351915852006e+01
-8.476321151915851715e+01
-8.002664951915849656e+01
-8.318435751915851029e+01
-8.002664951915852498e+01
-6.423810951915848477e+01
-8.476321151915850294e+01
-8.792091951915850245e+01
-6.897467151915850536e+01
-8.476321151915851715e+01
-6.897467151915850536e+01
-8.634206551915849559e+01
-7.844779551915851812e+01
-9.581518951915850835e+01
-9.107862751915850197e+01
-7.686894151915851126e+01
-8.318435751915849607e+01
-7.213237951915851909e+01
-7.529008751915851860e+01
-7.213237951915850488e+01
-8.476321151915848873e+01
-8.318435751915851029e+01
-1.021306055191585074e+02
-7.371123351915851174e+01
-9.581518951915849414e+01
-7.371123351915849753e+01
-8.318435751915849607e+01
-1.005517515191585005e+02
-7.529008751915850439e+01
-8.160550351915850342e+01
-8.476321151915848873e+01
-8.792091951915850245e+01
-7.055352551915851222e+01
-9.423633551915851569e+01
-9.423633551915850148e+01
-8.476321151915848873e+01
-8.476321151915850294e+01
-7.686894151915851126e+01
-8.634206551915852401e+01
-9.423633551915850148e+01
-9.739404351915850100e+01
-8.002664951915849656e+01
-7.686894151915851126e+01
-8.634206551915850980e+01
-9.107862751915851618e+01
-1.005517515191585005e+02
-9.265748151915850883e+01
-7.686894151915849704e+01
-8.634206551915850980e+01
-9.107862751915848776e+01
-9.897289751915849365e+01
-9.897289751915849365e+01
-8.634206551915849559e+01
-8.476321151915850294e+01
-8.792091951915850245e+01
-8.792091951915850245e+01
-9.107862751915850197e+01
-7.371123351915852595e+01
-9.897289751915850786e+01
-7.371123351915849753e+01
-8.318435751915851029e+01
-6.897467151915850536e+01
-8.634206551915849559e+01
-7.371123351915852595e+01
-9.581518951915849414e+01
-9.897289751915849365e+01
-9.581518951915850835e+01
-8.476321151915850294e+01
-8.160550351915850342e+01
-7.371123351915849753e+01
-6.897467151915853378e+01
-7.213237951915849067e+01
-8.160550351915850342e+01
-7.844779551915851812e+01
-8.160550351915850342e+01
-9.265748151915849462e+01
-7.686894151915851126e+01
-7.529008751915850439e+01
-9.265748151915849462e+01
-8.002664951915849656e+01
-8.476321151915848873e+01
-8.002664951915851077e+01
-7.055352551915851222e+01
-9.581518951915849414e+01
-8.476321151915850294e+01
-7.844779551915848970e+01
-8.792091951915850245e+01
-7.055352551915851222e+01
-1.021306055191584932e+02
-8.949977351915850932e+01
-8.160550351915850342e+01
-6.423810951915851319e+01
-9.739404351915850100e+01
-7.529008751915850439e+01
-8.476321151915851715e+01
-9.107862751915851618e+01
-8.792091951915850245e+01
-9.581518951915850835e+01
-8.949977351915849511e+01
-6.739581751915849850e+01
-1.068671675191584995e+02
-8.634206551915849559e+01
-6.897467151915850536e+01
-6.739581751915852692e+01
-8.949977351915848089e+01
-8.476321151915851715e+01
-1.021306055191584932e+02
-5.634383951915849309e+01
-1.116037295191585201e+02
-9.423633551915850148e+01
-1.052883135191584927e+02
-8.160550351915851763e+01
-8.634206551915850980e+01
-8.318435751915851029e+01
-9.265748151915849462e+01
-7.055352551915848380e+01
-8.792091951915851666e+01
-9.107862751915850197e+01
-1.084460215191585064e+02
-1.052883135191584927e+02
-8.002664951915849656e+01
-8.318435751915851029e+01
-9.107862751915850197e+01
-9.265748151915850883e+01
-9.739404351915851521e+01
-9.107862751915848776e+01
-7.686894151915849704e+01
-1.037094595191585000e+02
-8.476321151915848873e+01
-7.844779551915850391e+01
-9.739404351915848679e+01
-8.949977351915850932e+01
-9.581518951915850835e+01
-8.002664951915849656e+01
-9.581518951915850835e+01
-9.581518951915850835e+01
-9.107862751915848776e+01
-9.265748151915849462e+01
-8.002664951915852498e+01
-7.055352551915851222e+01
-9.107862751915848776e+01
-8.792091951915851666e+01
-8.002664951915849656e+01
-9.265748151915852304e+01
-8.160550351915850342e+01
-8.160550351915850342e+01
-1.037094595191584858e+02
-8.160550351915850342e+01
-8.634206551915849559e+01
-8.002664951915852498e+01
-8.318435751915851029e+01
-1.147614375191585054e+02
-8.949977351915849511e+01
-9.897289751915849365e+01
-8.476321151915848873e+01
-9.423633551915850148e+01
-8.949977351915850932e+01
-1.037094595191585000e+02
-7.844779551915851812e+01
-1.084460215191585064e+02
-8.634206551915850980e+01
-8.002664951915851077e+01
-8.634206551915849559e+01
-7.055352551915851222e+01
-8.476321151915848873e+01
-8.634206551915849559e+01
-6.581696351915852006e+01
-9.739404351915851521e+01
-7.529008751915850439e+01
-7.055352551915848380e+01
-7.844779551915848970e+01
-1.131825835191585270e+02
-1.005517515191585005e+02
-1.037094595191585142e+02
-7.213237951915849067e+01
-1.021306055191585074e+02
-8.949977351915849511e+01
-8.002664951915849656e+01
-7.529008751915850439e+01
-9.581518951915850835e+01
-6.897467151915850536e+01
-9.265748151915849462e+01
-8.949977351915850932e+01
-9.897289751915852207e+01
-7.844779551915850391e+01
-8.318435751915849607e+01
-8.476321151915848873e+01
-9.265748151915849462e+01
-6.897467151915850536e+01
-1.068671675191584995e+02
-9.581518951915850835e+01
-8.318435751915851029e+01
-9.107862751915851618e+01
-7.529008751915850439e+01
-8.476321151915851715e+01
-8.318435751915851029e+01
-7.371123351915852595e+01
-1.100248755191584991e+02
-8.476321151915848873e+01
-8.634206551915850980e+01
-1.037094595191585142e+02
-8.476321151915848873e+01
-7.844779551915850391e+01
-9.107862751915851618e+01
-9.265748151915849462e+01
-9.107862751915848776e+01
-8.318435751915849607e+01
-9.423633551915850148e+01
-8.318435751915851029e+01
-8.792091951915850245e+01
-8.792091951915850245e+01
-8.476321151915851715e+01
-8.792091951915850245e+01
-8.634206551915852401e+01
-9.581518951915850835e+01
-8.949977351915850932e+01
-1.052883135191584927e+02
-6.739581751915849850e+01
-8.949977351915849511e+01
-7.055352551915851222e+01
-9.739404351915850100e+01
-7.213237951915849067e+01
-8.792091951915850245e+01
-8.792091951915848824e+01
-8.160550351915850342e+01
-6.265925551915850633e+01
-8.318435751915849607e+01
-9.265748151915849462e+01
-8.318435751915851029e+01
-8.476321151915848873e+01
-7.686894151915851126e+01
-8.634206551915849559e+01
-7.844779551915848970e+01
-7.686894151915851126e+01
-8.318435751915852450e+01
-7.686894151915851126e+01
-8.792091951915850245e+01
-8.792091951915850245e+01
-7.213237951915851909e+01
-8.002664951915852498e+01
-9.581518951915850835e+01
-7.686894151915851126e+01
-9.265748151915850883e+01
-7.529008751915851860e+01
-9.423633551915850148e+01
-8.634206551915852401e+01
-8.318435751915851029e+01
-8.949977351915850932e+01
-1.068671675191584995e+02
-9.265748151915849462e+01
-8.949977351915848089e+01
-8.318435751915851029e+01
-9.265748151915852304e+01
-8.318435751915851029e+01
-8.318435751915851029e+01
-1.005517515191585147e+02
-8.002664951915849656e+01
-6.581696351915849164e+01
-8.318435751915851029e+01
-1.021306055191584932e+02
-9.581518951915850835e+01
-8.318435751915851029e+01
-9.897289751915850786e+01
-9.581518951915849414e+01
-8.634206551915850980e+01
-8.160550351915850342e+01
-8.318435751915851029e+01
-1.052883135191585211e+02
-6.897467151915850536e+01
-9.423633551915851569e+01
-7.844779551915850391e+01
-9.581518951915850835e+01
-8.949977351915850932e+01
-8.634206551915850980e+01
-5.950154751915852103e+01
-5.634383951915850730e+01
-1.037094595191584858e+02
-9.739404351915851521e+01
-7.371123351915849753e+01
-7.844779551915848970e+01
-1.005517515191585005e+02
-9.423633551915851569e+01
-8.949977351915850932e+01
-6.108040151915850657e+01
-8.002664951915849656e+01
-8.792091951915851666e+01
-8.634206551915852401e+01
-9.423633551915851569e+01
-9.423633551915850148e+01
-7.844779551915851812e+01
-6.897467151915850536e+01
-8.160550351915850342e+01
-7.844779551915851812e+01
-7.686894151915852547e+01
-8.792091951915850245e+01
-8.634206551915850980e+01
-1.037094595191585000e+02
-9.107862751915851618e+01
-6.581696351915852006e+01
-6.423810951915851319e+01
-8.476321151915848873e+01
-8.634206551915849559e+01
-8.792091951915851666e+01
-7.371123351915849753e+01
-8.160550351915850342e+01
-8.634206551915850980e+01
-8.792091951915850245e+01
-6.897467151915850536e+01
-7.844779551915851812e+01
-7.844779551915848970e+01
-8.318435751915849607e+01
-8.634206551915850980e+01
-8.002664951915849656e+01
-9.107862751915848776e+01
-7.213237951915851909e+01
-8.002664951915849656e+01
-9.107862751915848776e+01
-9.423633551915850148e+01
-8.949977351915850932e+01
-9.265748151915849462e+01
-6.581696351915849164e+01
-8.002664951915849656e+01
-9.265748151915849462e+01
-8.002664951915851077e+01
-7.529008751915851860e+01
-9.265748151915849462e+01
-8.476321151915851715e+01
-7.055352551915848380e+01
-8.949977351915850932e+01
-6.108040151915849947e+01
-9.423633551915850148e+01
-6.897467151915853378e+01
-7.213237951915849067e+01
-8.476321151915848873e+01
-7.686894151915849704e+01
-8.634206551915849559e+01
-8.318435751915849607e+01
-7.371123351915849753e+01
-8.476321151915850294e+01
-9.423633551915851569e+01
-5.950154751915852103e+01
-7.055352551915851222e+01
-8.634206551915849559e+01
-8.634206551915849559e+01
-7.055352551915849801e+01
-7.213237951915849067e+01
-7.371123351915849753e+01
-7.686894151915851126e+01
-7.844779551915848970e+01
-5.950154751915851392e+01
-9.107862751915851618e+01
-8.160550351915850342e+01
-8.318435751915851029e+01
-7.529008751915850439e+01
-6.581696351915849164e+01
-7.844779551915850391e+01
-8.476321151915850294e+01
-7.213237951915851909e+01
-6.739581751915849850e+01
-7.844779551915850391e+01
-7.055352551915851222e+01
-7.686894151915849704e+01
-8.634206551915850980e+01
-9.265748151915850883e+01
-8.476321151915848873e+01
-8.002664951915851077e+01
-8.949977351915850932e+01
-7.371123351915849753e+01
-7.213237951915849067e+01
-8.318435751915852450e+01
-6.897467151915850536e+01
-9.107862751915851618e+01
-9.265748151915852304e+01
-8.792091951915851666e+01
-8.318435751915851029e+01
-9.739404351915850100e+01
-8.949977351915850932e+01
-8.949977351915850932e+01
-7.686894151915851126e+01
-8.318435751915851029e+01
-9.265748151915849462e+01
-8.634206551915849559e+01
-7.529008751915850439e+01
-1.068671675191585138e+02
-8.318435751915851029e+01
-7.844779551915848970e+01
-8.634206551915850980e+01
-7.213237951915851909e+01
-8.318435751915849607e+01
-7.371123351915849753e+01
-1.005517515191585005e+02
-5.792269351915851416e+01
-9.739404351915850100e+01
-5.476498551915852175e+01
-9.423633551915850148e+01
-1.005517515191585005e+02
-8.634206551915850980e+01
-7.529008751915850439e+01
-7.529008751915850439e+01
-8.002664951915849656e+01
-8.949977351915850932e+01
-9.581518951915850835e+01
-8.634206551915850980e+01
-6.897467151915850536e+01
-7.371123351915849753e+01
-9.423633551915850148e+01
-8.002664951915849656e+01
-8.318435751915851029e+01
-8.792091951915850245e+01
-5.476498551915851465e+01
-9.897289751915849365e+01
-7.055352551915849801e+01
-7.055352551915851222e+01
-9.423633551915850148e+01
-9.265748151915849462e+01
-7.686894151915851126e+01
-1.005517515191585147e+02
-8.792091951915850245e+01
-6.739581751915849850e+01
-6.897467151915850536e+01
-9.107862751915850197e+01
-6.581696351915849164e+01
-9.107862751915850197e+01
-8.160550351915850342e+01
-7.213237951915851909e+01
-8.792091951915850245e+01
-7.686894151915849704e+01
-9.897289751915850786e+01
-8.949977351915850932e+01
-8.792091951915851666e+01
-1.021306055191584932e+02
-1.052883135191585069e+02
-7.686894151915851126e+01
-8.002664951915851077e+01
-7.529008751915850439e+01
-8.949977351915850932e+01
-8.792091951915850245e+01
-8.160550351915851763e+01
-7.213237951915850488e+01
-9.265748151915849462e+01
-9.107862751915851618e+01
-8.949977351915850932e+01
-6.423810951915848477e+01
-7.686894151915851126e+01
-9.739404351915851521e+01
-7.213237951915850488e+01
-9.897289751915849365e+01
-7.213237951915849067e+01
-9.739404351915851521e+01
-8.160550351915850342e+01
-8.476321151915850294e+01
-6.265925551915851344e+01
-6.581696351915849164e+01
-8.949977351915850932e+01
-7.844779551915851812e+01
-8.634206551915852401e+01
-5.792269351915849285e+01
-9.739404351915850100e+01
-8.949977351915850932e+01
-6.739581751915849850e+01
-8.792091951915850245e+01
-7.686894151915849704e+01
-7.055352551915851222e+01
-7.844779551915850391e+01
-9.265748151915850883e+01
-7.529008751915850439e+01
-8.002664951915849656e+01
-6.265925551915849923e+01
-7.844779551915851812e+01
-7.371123351915849753e+01
-9.107862751915851618e+01
-8.792091951915850245e+01
-8.318435751915851029e+01
-8.002664951915849656e+01
-7.529008751915850439e+01
-7.844779551915848970e+01
-7.213237951915850488e+01
-7.055352551915852644e+01
-6.581696351915849164e+01
-8.002664951915849656e+01
-8.002664951915849656e+01
-7.844779551915851812e+01
-8.792091951915850245e+01
-8.160550351915851763e+01
-9.265748151915849462e+01
-7.686894151915851126e+01
-9.107862751915851618e+01
-8.318435751915851029e+01
-8.634206551915849559e+01
-8.634206551915852401e+01
-7.371123351915851174e+01
-8.318435751915851029e+01
-8.949977351915849511e+01
-7.844779551915850391e+01
-6.739581751915849850e+01
-8.476321151915851715e+01
-6.265925551915852054e+01
-7.529008751915850439e+01
-1.021306055191585074e+02
-6.265925551915849923e+01
-7.844779551915851812e+01
-8.160550351915851763e+01
-1.084460215191584922e+02
-9.423633551915850148e+01
-8.792091951915850245e+01
-8.318435751915851029e+01
-7.055352551915851222e+01
-9.423633551915850148e+01
-8.160550351915850342e+01
-6.739581751915851271e+01
-8.634206551915850980e+01
-7.529008751915850439e+01
-9.581518951915850835e+01
-8.318435751915851029e+01
-1.116037295191584917e+02
-6.581696351915852006e+01
-7.844779551915851812e+01
-8.318435751915849607e+01
-1.021306055191584932e+02
-9.107862751915851618e+01
-9.739404351915850100e+01
-7.686894151915851126e+01
-9.739404351915850100e+01
-1.052883135191585211e+02
-8.949977351915850932e+01
-7.844779551915851812e+01
-8.160550351915851763e+01
-6.108040151915851368e+01
-8.634206551915850980e+01
-8.792091951915850245e+01
-8.160550351915850342e+01
-6.739581751915849850e+01
-8.002664951915849656e+01
-9.107862751915851618e+01
-7.844779551915850391e+01
-6.265925551915850633e+01
-8.476321151915851715e+01
-8.002664951915849656e+01
-8.002664951915849656e+01
-7.844779551915851812e+01
-8.160550351915851763e+01
-8.476321151915851715e+01
-5.002842351915850116e+01
-8.949977351915850932e+01
-7.844779551915848970e+01
-9.897289751915849365e+01
-8.949977351915850932e+01
-8.792091951915850245e+01
-6.739581751915849850e+01
-7.213237951915851909e+01
-7.371123351915852595e+01
-8.792091951915848824e+01
-7.055352551915851222e+01
-5.634383951915849309e+01
-7.844779551915851812e+01
-8.792091951915848824e+01
-7.055352551915848380e+01
-7.686894151915851126e+01
-8.792091951915850245e+01
-7.213237951915851909e+01
-6.897467151915850536e+01
-8.949977351915849511e+01
-7.055352551915851222e+01
-6.739581751915849850e+01
-9.897289751915849365e+01
-7.213237951915851909e+01
-7.686894151915851126e+01
-8.949977351915849511e+01
-8.476321151915850294e+01
-9.423633551915848727e+01
-8.949977351915850932e+01
-8.318435751915851029e+01
-9.107862751915850197e+01
-8.002664951915852498e+01
-7.844779551915850391e+01
-9.265748151915852304e+01
-8.160550351915850342e+01
-8.160550351915850342e+01
-8.634206551915850980e+01
-8.476321151915851715e+01
-1.037094595191585142e+02
-7.844779551915851812e+01
-7.844779551915851812e+01
-6.581696351915852006e+01
-9.423633551915850148e+01
-6.423810951915849898e+01
-9.739404351915851521e+01
-7.844779551915850391e+01
-7.529008751915850439e+01
-7.844779551915850391e+01
-8.949977351915850932e+01
-8.002664951915849656e+01
-6.739581751915852692e+01
-8.792091951915850245e+01
-9.265748151915850883e+01
-8.002664951915851077e+01
-1.021306055191584932e+02
-8.160550351915850342e+01
-8.318435751915848186e+01
-8.476321151915851715e+01
-6.739581751915851271e+01
-7.213237951915851909e+01
-7.686894151915848283e+01
-8.318435751915851029e+01
-8.318435751915851029e+01
-9.265748151915852304e+01
-6.581696351915852006e+01
-9.107862751915851618e+01
-1.052883135191584927e+02
-7.371123351915852595e+01
-7.055352551915851222e+01
-8.318435751915851029e+01
-8.634206551915852401e+01
-9.581518951915850835e+01
-8.476321151915851715e+01
-6.265925551915851344e+01
-8.476321151915850294e+01
-7.844779551915848970e+01
-9.423633551915850148e+01
-5.950154751915850682e+01
-9.107862751915850197e+01
-9.265748151915850883e+01
-7.213237951915851909e+01
-8.318435751915851029e+01
-7.213237951915851909e+01
-7.213237951915851909e+01
-8.634206551915849559e+01
-7.055352551915851222e+01
-8.318435751915849607e+01
-6.581696351915849164e+01
-7.686894151915851126e+01
-7.055352551915849801e+01
-8.949977351915850932e+01
-9.107862751915850197e+01
-9.107862751915851618e+01
-8.792091951915850245e+01
-8.634206551915852401e+01
-8.318435751915851029e+01
-7.844779551915850391e+01
-8.792091951915850245e+01
-7.686894151915848283e+01
-7.055352551915849801e+01
-7.686894151915851126e+01
-8.318435751915851029e+01
-8.792091951915851666e+01
-8.476321151915850294e+01
-8.792091951915851666e+01
-7.844779551915851812e+01
-8.792091951915850245e+01
-7.371123351915849753e+01
-8.634206551915852401e+01
-8.160550351915851763e+01
-8.476321151915848873e+01
-8.792091951915851666e+01
-7.529008751915850439e+01
-9.107862751915850197e+01
-1.052883135191585069e+02
-7.844779551915850391e+01
-7.055352551915852644e+01
-9.265748151915849462e+01
-7.844779551915851812e+01
-7.529008751915850439e+01
-6.897467151915853378e+01
-8.792091951915850245e+01
-8.792091951915850245e+01
-7.371123351915849753e+01
-8.949977351915850932e+01
-8.002664951915852498e+01
-6.581696351915852006e+01
-7.055352551915849801e+01
-9.581518951915849414e+01
-9.739404351915851521e+01
-1.005517515191585005e+02
-9.581518951915850835e+01
-8.792091951915851666e+01
-8.318435751915851029e+01
-7.686894151915851126e+01
-8.792091951915851666e+01
-8.476321151915850294e+01
-8.792091951915851666e+01
-7.213237951915851909e+01
-8.160550351915850342e+01
-8.318435751915851029e+01
-8.634206551915850980e+01
-8.634206551915852401e+01
-7.055352551915851222e+01
-1.021306055191585074e+02
-7.529008751915850439e+01
-8.318435751915851029e+01
-8.318435751915851029e+01
-7.844779551915848970e+01
-8.634206551915852401e+01
-8.476321151915848873e+01
-1.068671675191584995e+02
-7.213237951915851909e+01
-7.844779551915848970e+01
-8.160550351915850342e+01
-7.686894151915849704e+01
-8.002664951915849656e+01
-8.792091951915850245e+01
-6.897467151915850536e+01
-8.476321151915850294e+01
-7.055352551915852644e+01
-8.318435751915851029e+01
-9.107862751915851618e+01
-9.107862751915850197e+01
-8.949977351915850932e+01
-8.949977351915850932e+01
-8.792091951915850245e+01
-8.949977351915850932e+01
-8.476321151915851715e+01
-9.739404351915848679e+01
-9.739404351915850100e+01
-6.108040151915850657e+01
-6.265925551915850633e+01
-7.529008751915850439e+01
-7.844779551915851812e+01
-8.160550351915851763e+01
-9.897289751915849365e+01
-9.423633551915850148e+01
-8.160550351915850342e+01
-6.581696351915852006e+01
-7.213237951915850488e+01
-9.107862751915851618e+01
-8.160550351915850342e+01
-8.634206551915850980e+01
-7.371123351915851174e+01
-1.021306055191585216e+02
-6.739581751915849850e+01
-9.423633551915850148e+01
-7.213237951915851909e+01
-8.949977351915850932e+01
-8.792091951915851666e+01
-9.265748151915852304e+01
-1.052883135191585211e+02
-7.213237951915851909e+01
-8.476321151915851715e+01
-6.739581751915849850e+01
-9.265748151915852304e+01
-8.160550351915850342e+01
-9.581518951915850835e+01
-6.581696351915852006e+01
-9.265748151915849462e+01
-7.371123351915849753e+01
-7.686894151915849704e+01
-7.055352551915849801e+01
-1.005517515191585005e+02
-7.371123351915849753e+01
-9.423633551915851569e+01
-9.581518951915849414e+01
-7.529008751915850439e+01
-7.686894151915851126e+01
-7.686894151915851126e+01
-7.686894151915851126e+01
-8.002664951915849656e+01
-6.739581751915851271e+01
-1.021306055191584932e+02
-9.265748151915850883e+01
-7.686894151915851126e+01
-9.739404351915850100e+01
-6.108040151915849947e+01
-9.107862751915851618e+01
-6.897467151915853378e+01
-5.792269351915851416e+01
-6.739581751915849850e+01
-8.634206551915849559e+01
-8.002664951915849656e+01
-9.107862751915850197e+01
-7.055352551915851222e+01
-1.021306055191585074e+02
-7.371123351915849753e+01
-9.265748151915849462e+01
-8.634206551915849559e+01
-7.529008751915851860e+01
-7.844779551915851812e+01
-9.265748151915850883e+01
-8.318435751915851029e+01
-8.792091951915850245e+01
-9.581518951915849414e+01
-7.371123351915849753e+01
-7.055352551915851222e+01
-9.423633551915850148e+01
-8.792091951915850245e+01
-5.476498551915850754e+01
-7.055352551915851222e+01
-8.318435751915849607e+01
-8.318435751915851029e+01
-8.318435751915849607e+01
-8.002664951915849656e+01
-6.423810951915849898e+01
-8.634206551915849559e+01
-6.581696351915852006e+01
-6.739581751915849850e+01
-7.844779551915850391e+01
-8.002664951915849656e+01
-7.371123351915852595e+01
-7.529008751915851860e+01
-7.529008751915850439e+01
-8.949977351915850932e+01
-7.686894151915849704e+01
-9.423633551915850148e+01
-8.949977351915850932e+01
-8.002664951915849656e+01
-6.423810951915851319e+01
-8.160550351915850342e+01
-8.160550351915850342e+01
-8.476321151915851715e+01
-7.371123351915851174e+01
-6.581696351915852006e+01
-7.529008751915851860e+01
-7.686894151915851126e+01
-8.476321151915851715e+01
-9.265748151915849462e+01
-8.634206551915849559e+01
-7.055352551915851222e+01
-8.792091951915850245e+01
-7.213237951915851909e+01
-7.844779551915851812e+01
-8.792091951915851666e+01
-9.897289751915850786e+01
-8.002664951915852498e+01
-8.949977351915850932e+01
-7.055352551915852644e+01
-8.476321151915850294e+01
-8.318435751915851029e+01
-1.021306055191585074e+02
-7.055352551915851222e+01
-7.529008751915850439e+01
-8.318435751915851029e+01
-8.792091951915850245e+01
-7.844779551915851812e+01
-9.423633551915850148e+01
-9.107862751915850197e+01
-8.949977351915850932e+01
-9.265748151915849462e+01
-9.423633551915850148e+01
-7.213237951915851909e+01
-8.476321151915851715e+01
-6.581696351915852006e+01
-7.529008751915850439e+01
-7.844779551915848970e+01
-8.949977351915850932e+01
-8.949977351915850932e+01
-8.002664951915852498e+01
-8.160550351915850342e+01
-7.213237951915851909e+01
-8.160550351915851763e+01
-8.318435751915851029e+01
-1.005517515191585005e+02
-7.529008751915849018e+01
-1.068671675191585138e+02
-7.686894151915851126e+01
-7.213237951915850488e+01
-9.265748151915849462e+01
-8.002664951915849656e+01
-8.792091951915850245e+01
-9.897289751915849365e+01
-8.949977351915850932e+01
-6.108040151915852078e+01
-7.055352551915851222e+01
-9.739404351915850100e+01
-9.581518951915850835e+01
-1.052883135191584927e+02
-8.476321151915850294e+01
-7.686894151915849704e+01
-8.634206551915852401e+01
-6.581696351915850585e+01
-7.213237951915849067e+01
-9.581518951915850835e+01
-8.476321151915848873e+01
-7.844779551915851812e+01
-7.371123351915849753e+01
-8.634206551915849559e+01
-6.108040151915850657e+01
-9.107862751915851618e+01
-8.792091951915850245e+01
-8.318435751915851029e+01
-7.055352551915851222e+01
-8.002664951915852498e+01
-7.213237951915851909e+01
-8.160550351915850342e+01
-7.371123351915849753e+01
-8.002664951915851077e+01
-9.581518951915849414e+01
-8.318435751915851029e+01
-8.949977351915850932e+01
-8.002664951915849656e+01
-7.371123351915851174e+01
-8.634206551915849559e+01
-8.002664951915849656e+01
-7.529008751915851860e+01
-1.100248755191585133e+02
-7.844779551915848970e+01
-8.949977351915850932e+01
-7.844779551915850391e+01
-7.529008751915851860e+01
-7.371123351915849753e+01
-9.423633551915851569e+01
-8.318435751915849607e+01
-7.686894151915848283e+01
-9.107862751915848776e+01
-7.844779551915851812e+01
-8.476321151915851715e+01
-8.634206551915849559e+01
-7.686894151915851126e+01
-9.265748151915849462e+01
-9.739404351915848679e+01
-8.002664951915852498e+01
-8.949977351915849511e+01
-8.949977351915850932e+01
-7.213237951915851909e+01
-7.529008751915850439e+01
-8.318435751915849607e+01
-8.634206551915850980e+01
-1.021306055191585074e+02
-9.581518951915850835e+01
-7.371123351915852595e+01
-9.581518951915849414e+01
-7.686894151915849704e+01
-8.949977351915850932e+01
-9.897289751915852207e+01
-7.213237951915850488e+01
-1.005517515191585005e+02
-8.634206551915849559e+01
-8.634206551915849559e+01
-8.634206551915849559e+01
-7.686894151915849704e+01
-8.634206551915849559e+01
-7.529008751915850439e+01
-7.055352551915851222e+01
-7.371123351915849753e+01
-8.160550351915850342e+01
-8.634206551915849559e+01
-8.318435751915851029e+01
-9.581518951915850835e+01
-7.844779551915851812e+01
-8.476321151915850294e+01
-8.002664951915849656e+01
-8.792091951915851666e+01
-8.949977351915850932e+01
-7.686894151915851126e+01
-7.055352551915851222e+01
-9.897289751915850786e+01
-7.371123351915849753e+01
-7.844779551915848970e+01
-7.529008751915850439e+01
-7.844779551915851812e+01
-9.107862751915848776e+01
-9.423633551915851569e+01
-8.002664951915849656e+01
-6.897467151915851957e+01
-7.213237951915849067e+01
-8.318435751915851029e+01
-7.686894151915848283e+01
-7.686894151915852547e+01
-9.897289751915852207e+01
-8.949977351915852353e+01
-8.318435751915851029e+01
-1.084460215191584922e+02
-1.021306055191585074e+02
-6.265925551915849923e+01
-7.213237951915850488e+01
-8.318435751915849607e+01
-9.581518951915850835e+01
-8.476321151915848873e+01
-5.160727751915850803e+01
-1.005517515191585005e+02
-6.897467151915849115e+01
-8.160550351915851763e+01
-7.371123351915849753e+01
-7.055352551915851222e+01
-8.949977351915850932e+01
-1.100248755191584991e+02
-8.949977351915850932e+01
-7.529008751915851860e+01
-7.686894151915851126e+01
-7.371123351915851174e+01
-8.002664951915851077e+01
-7.055352551915851222e+01
-6.423810951915851319e+01
-9.897289751915850786e+01
-8.792091951915851666e+01
-7.529008751915851860e+01
-8.476321151915851715e+01
-8.318435751915851029e+01
-7.529008751915850439e+01
-9.423633551915848727e+01
-7.844779551915851812e+01
-8.002664951915852498e+01
-8.476321151915851715e+01
-6.739581751915849850e+01
-7.844779551915848970e+01
-6.423810951915851319e+01
-9.897289751915849365e+01
-8.634206551915849559e+01
-8.002664951915849656e+01
-5.950154751915851392e+01
-7.844779551915848970e+01
-8.160550351915851763e+01
-8.318435751915849607e+01
-7.371123351915851174e+01
-6.739581751915849850e+01
-7.686894151915852547e+01
-8.634206551915849559e+01
-9.423633551915851569e+01
-7.686894151915851126e+01
-7.371123351915851174e+01
-8.002664951915849656e+01
-9.897289751915850786e+01
-8.160550351915850342e+01
-8.160550351915850342e+01
-8.002664951915851077e+01
-7.686894151915851126e+01
-7.529008751915850439e+01
-7.529008751915850439e+01
-7.686894151915849704e+01
-7.529008751915850439e+01
-6.108040151915850657e+01
-8.792091951915850245e+01
-6.739581751915849850e+01
-7.686894151915852547e+01
-9.739404351915851521e+01
-8.002664951915851077e+01
-8.792091951915851666e+01
-6.265925551915849923e+01
-1.052883135191585069e+02
-6.423810951915851319e+01
-6.897467151915853378e+01
-7.055352551915851222e+01
-8.792091951915850245e+01
-8.476321151915851715e+01
-7.686894151915851126e+01
-6.108040151915849947e+01
-9.897289751915850786e+01
-8.476321151915850294e+01
-5.792269351915849995e+01
-6.265925551915850633e+01
-6.581696351915852006e+01
-9.265748151915850883e+01
-9.107862751915851618e+01
-6.108040151915852078e+01
-9.265748151915849462e+01
-7.686894151915851126e+01
-8.792091951915850245e+01
-5.634383951915850020e+01
-1.084460215191585064e+02
-8.476321151915851715e+01
-8.160550351915850342e+01
-9.107862751915851618e+01
-7.213237951915850488e+01
-7.371123351915849753e+01
-5.792269351915849995e+01
-9.423633551915848727e+01
-5.160727751915850092e+01
-8.949977351915850932e+01
-5.160727751915850803e+01
-7.844779551915851812e+01
-7.529008751915850439e+01
-6.265925551915849923e+01
-9.107862751915850197e+01
-9.897289751915849365e+01
-7.055352551915851222e+01
-8.476321151915851715e+01
-6.739581751915852692e+01
-7.529008751915850439e+01
-6.739581751915849850e+01
-7.686894151915851126e+01
-8.634206551915850980e+01
-7.371123351915852595e+01
-8.792091951915853087e+01
-5.950154751915852103e+01
-8.476321151915848873e+01
-6.108040151915849947e+01
-8.634206551915852401e+01
-9.739404351915850100e+01
-9.423633551915850148e+01
-7.844779551915851812e+01
-5.950154751915851392e+01
-6.897467151915850536e+01
-7.213237951915851909e+01
-6.897467151915851957e+01
-7.844779551915850391e+01
-6.897467151915850536e+01
-5.950154751915850682e+01
-7.529008751915850439e+01
-6.897467151915850536e+01
-6.897467151915850536e+01
-8.318435751915849607e+01
-9.107862751915848776e+01
-6.581696351915849164e+01
-8.634206551915852401e+01
-6.897467151915850536e+01
-8.792091951915850245e+01
-8.318435751915849607e+01
-9.739404351915851521e+01
-8.318435751915849607e+01
-9.107862751915850197e+01
-8.634206551915849559e+01
-6.739581751915852692e+01
-7.686894151915848283e+01
-9.739404351915851521e+01
-9.265748151915850883e+01
-8.160550351915850342e+01
-8.949977351915849511e+01
-8.634206551915852401e+01
-8.160550351915851763e+01
-7.055352551915851222e+01
-8.949977351915849511e+01
-8.476321151915851715e+01
-8.002664951915849656e+01
-9.423633551915850148e+01
-7.686894151915848283e+01
-1.021306055191584932e+02
-9.107862751915851618e+01
-7.529008751915850439e+01
-7.844779551915851812e+01
-8.002664951915849656e+01
-1.005517515191585005e+02
-5.634383951915851441e+01
-8.476321151915851715e+01
-8.634206551915850980e+01
-1.005517515191585147e+02
-7.055352551915851222e+01
-8.318435751915851029e+01
-6.897467151915850536e+01
-7.371123351915849753e+01
-9.265748151915850883e+01
-8.634206551915850980e+01
-8.318435751915851029e+01
-7.371123351915849753e+01
-7.371123351915849753e+01
-7.371123351915849753e+01
-6.897467151915850536e+01
-9.423633551915848727e+01
-8.160550351915850342e+01
-8.002664951915852498e+01
-5.634383951915850730e+01
-9.265748151915849462e+01
-9.107862751915851618e+01
-9.739404351915848679e+01
-7.844779551915850391e+01
-8.634206551915849559e+01
-9.265748151915849462e+01
-6.423810951915851319e+01
-7.686894151915851126e+01
-8.002664951915852498e+01
-8.476321151915850294e+01
-8.476321151915851715e+01
-6.897467151915850536e+01
-8.634206551915849559e+01
-7.529008751915853281e+01
-8.002664951915849656e+01
-8.002664951915852498e+01
-8.160550351915850342e+01
-7.371123351915851174e+01
-8.160550351915851763e+01
-8.160550351915850342e+01
-7.844779551915850391e+01
-6.739581751915849850e+01
-8.318435751915851029e+01
-8.002664951915852498e+01
-8.792091951915851666e+01
-9.265748151915850883e+01
-6.739581751915849850e+01
-8.318435751915851029e+01
-7.844779551915851812e+01
-9.423633551915851569e+01
-7.213237951915849067e+01
-7.686894151915851126e+01
-9.423633551915850148e+01
-7.055352551915852644e+01
-8.318435751915851029e+01
-8.476321151915850294e+01
-7.844779551915850391e+01
-7.213237951915849067e+01
-5.950154751915849971e+01
-8.160550351915850342e+01
-7.686894151915851126e+01
-1.005517515191585005e+02
-7.213237951915849067e+01
-8.160550351915851763e+01
-8.634206551915849559e+01
-8.318435751915851029e+01
-7.055352551915851222e+01
-7.055352551915851222e+01
-7.529008751915850439e+01
-8.160550351915851763e+01
-1.021306055191584932e+02
-8.314639132643129926e+01
1.899953506735687085e+02
-9.893493132643132526e+01
-1.320908653264313273e+02
-9.104066132643131937e+01
-3.735962532643132761e+01
-5.472701932643131784e+01
-2.630764732643132220e+01
-2.630764732643131509e+01
-4.683274932643131194e+01
-6.577899732643130903e+01
-5.156931132643131832e+01
-3.578077132643131364e+01
-3.262306332643132123e+01
-4.209618732643131267e+01
-3.420191732643131388e+01
-3.262306332643132123e+01
-2.472879332643132244e+01
-4.367504132643131953e+01
-4.683274932643131194e+01
-4.051733332643131291e+01
-3.104420932643132147e+01
-4.051733332643132712e+01
-4.683274932643131905e+01
-4.841160332643131881e+01
-4.683274932643131194e+01
-2.946535532643131816e+01
-3.578077132643132074e+01
-3.104420932643132147e+01
-3.578077132643131364e+01
-5.156931132643131122e+01
-3.262306332643131412e+01
-5.156931132643131832e+01
-5.156931132643131122e+01
-5.946358132643131000e+01
-4.051733332643132002e+01
-3.104420932643131437e+01
-4.209618732643131267e+01
-4.367504132643131953e+01
-3.578077132643131364e+01
-6.420014332643131638e+01
-4.683274932643132615e+01
-3.104420932643132147e+01
-4.051733332643131291e+01
-3.104420932643131437e+01
-3.420191732643132099e+01
-3.893847932643132026e+01
-4.525389532643131929e+01
-5.156931132643131832e+01
-2.946535532643132171e+01
-4.841160332643131881e+01
-4.209618732643131978e+01
-4.683274932643131194e+01
-2.946535532643132527e+01
-3.735962532643132050e+01
-5.630587332643131049e+01
-4.999045732643132567e+01
-4.367504132643132664e+01
-4.841160332643131881e+01
-4.999045732643131856e+01
-4.367504132643131243e+01
-3.735962532643132050e+01
-4.999045732643131146e+01
-6.577899732643130903e+01
-4.367504132643131243e+01
-3.104420932643132502e+01
-2.157108532643131582e+01
-3.735962532643131340e+01
-4.525389532643131218e+01
-4.051733332643132002e+01
-3.893847932643131315e+01
-2.472879332643132244e+01
-4.209618732643131978e+01
-1.999223132643132317e+01
-5.314816532643131097e+01
-5.314816532643131097e+01
-5.156931132643131832e+01
-5.314816532643131097e+01
-3.893847932643131315e+01
-4.841160332643131170e+01
-5.946358132643132421e+01
-5.946358132643131000e+01
-4.051733332643131291e+01
-3.420191732643132809e+01
-3.893847932643132026e+01
-4.367504132643132664e+01
-5.156931132643131832e+01
-4.525389532643131929e+01
-3.578077132643132074e+01
-3.735962532643131340e+01
-5.314816532643132518e+01
-3.420191732643131388e+01
-6.420014332643131638e+01
-5.314816532643131097e+01
-2.946535532643132171e+01
-5.314816532643131808e+01
-3.420191732643131388e+01
-3.578077132643132074e+01
-2.472879332643132244e+01
-4.999045732643131146e+01
-5.314816532643131097e+01
-2.157108532643132293e+01
-3.104420932643132147e+01
-5.630587332643131049e+01
-4.051733332643131291e+01
-2.472879332643131534e+01
-2.946535532643132527e+01
-3.578077132643132074e+01
-3.578077132643132074e+01
-6.577899732643130903e+01
-3.735962532643132050e+01
-5.472701932643131784e+01
-4.841160332643131881e+01
-4.051733332643131291e+01
-6.420014332643131638e+01
-3.420191732643131388e+01
-5.946358132643131000e+01
-4.999045732643132567e+01
-4.841160332643131881e+01
-4.683274932643131194e+01
-5.630587332643132470e+01
-4.525389532643131929e+01
-4.683274932643131194e+01
-3.735962532643132050e+01
-2.630764732643132220e+01
-4.051733332643131291e+01
-4.051733332643131291e+01
-6.104243532643132397e+01
-4.209618732643131978e+01
-2.788650132643131485e+01
-4.841160332643131881e+01
-4.209618732643131978e+01
-4.999045732643132567e+01
-4.683274932643131194e+01
-3.893847932643132026e+01
-5.472701932643131784e+01
-2.788650132643131485e+01
-5.630587332643132470e+01
-3.262306332643132123e+01
-6.735785132643131590e+01
-3.735962532643131340e+01
-6.893670532643130855e+01
-3.735962532643132050e+01
-3.893847932643131315e+01
-4.367504132643131243e+01
-7.051555932643131541e+01
-3.578077132643131364e+01
-5.788472732643131735e+01
-5.314816532643132518e+01
-2.946535532643132171e+01
-5.472701932643131073e+01
-4.683274932643132615e+01
-2.788650132643131485e+01
-3.893847932643132026e+01
-5.472701932643131784e+01
-3.893847932643132026e+01
-2.946535532643132171e+01
-4.367504132643131953e+01
-2.472879332643132244e+01
-5.314816532643132518e+01
-4.209618732643131978e+01
-3.262306332643131412e+01
-2.472879332643131534e+01
-5.472701932643131784e+01
-4.367504132643131243e+01
-3.420191732643132099e+01
-5.314816532643132518e+01
-3.262306332643132123e+01
-3.893847932643132026e+01
-4.051733332643131291e+01
-5.156931132643131832e+01
-3.578077132643131364e+01
-4.051733332643132712e+01
-4.209618732643131978e+01
-7.367326732643132914e+01
-4.525389532643131929e+01
-4.051733332643132002e+01
-4.683274932643131194e+01
-3.262306332643131412e+01
-3.578077132643131364e+01
-5.946358132643132421e+01
-3.893847932643132026e+01
-5.472701932643131784e+01
-4.525389532643131929e+01
-4.841160332643131881e+01
-4.999045732643132567e+01
-4.367504132643132664e+01
-4.367504132643131243e+01
-4.051733332643132002e+01
-3.893847932643131315e+01
-2.788650132643132196e+01
-4.525389532643131929e+01
-6.577899732643132324e+01
-5.630587332643132470e+01
-3.578077132643132074e+01
-4.683274932643132615e+01
-5.788472732643131025e+01
-5.630587332643132470e+01
-3.735962532643132761e+01
-2.630764732643132220e+01
-5.472701932643131784e+01
-4.999045732643131146e+01
-5.630587332643131049e+01
-2.788650132643132196e+01
-3.893847932643131315e+01
-5.314816532643131097e+01
-3.262306332643131412e+01
-6.893670532643132276e+01
-6.104243532643131687e+01
-5.156931132643131832e+01
-4.051733332643131291e+01
-5.472701932643131784e+01
-4.525389532643131929e+01
-5.156931132643131832e+01
-6.577899732643132324e+01
-2.788650132643131840e+01
-4.999045732643131856e+01
-4.525389532643131218e+01
-4.683274932643131194e+01
-3.735962532643131340e+01
-5.314816532643131097e+01
-4.209618732643131978e+01
-2.788650132643132196e+01
-7.051555932643131541e+01
-6.104243532643131687e+01
-3.893847932643132026e+01
-3.735962532643131340e+01
-3.735962532643132050e+01
-2.157108532643131582e+01
-4.209618732643131978e+01
-3.262306332643132123e+01
-4.841160332643131881e+01
-4.051733332643131291e+01
-4.209618732643131978e+01
-5.946358132643132421e+01
-4.683274932643131194e+01
-4.841160332643131881e+01
-5.472701932643131784e+01
-5.788472732643131735e+01
-5.314816532643132518e+01
-4.051733332643131291e+01
-5.314816532643132518e+01
-3.893847932643132026e+01
-4.525389532643131929e+01
-6.262128932643130952e+01
-3.735962532643131340e+01
-4.367504132643132664e+01
-4.367504132643132664e+01
-4.841160332643131881e+01
-4.683274932643131194e+01
-7.051555932643131541e+01
-3.893847932643132026e+01
-4.683274932643132615e+01
-5.314816532643132518e+01
-3.735962532643131340e+01
-5.156931132643131832e+01
-4.525389532643131929e+01
-4.841160332643131170e+01
-4.525389532643131929e+01
-6.262128932643132373e+01
-4.999045732643131856e+01
-6.104243532643131687e+01
-6.104243532643131687e+01
-3.420191732643132099e+01
-5.630587332643131049e+01
-4.683274932643132615e+01
-4.683274932643132615e+01
-4.367504132643131953e+01
-4.841160332643131170e+01
-4.367504132643132664e+01
-4.999045732643131856e+01
-5.156931132643131832e+01
-3.578077132643132074e+01
-5.946358132643131000e+01
-4.209618732643131978e+01
-7.840982932643132131e+01
-5.472701932643131784e+01
-4.525389532643131929e+01
-3.262306332643131412e+01
-5.788472732643131735e+01
-4.999045732643132567e+01
-5.156931132643131832e+01
-4.841160332643131881e+01
-3.104420932643132147e+01
-5.472701932643131784e+01
-4.841160332643131170e+01
-6.420014332643131638e+01
-5.788472732643131735e+01
-4.051733332643131291e+01
-4.209618732643131978e+01
-3.893847932643132026e+01
-4.999045732643131146e+01
-3.262306332643131412e+01
-5.156931132643131832e+01
-3.893847932643132026e+01
-5.156931132643131832e+01
-5.156931132643131832e+01
-3.893847932643132026e+01
-4.209618732643131267e+01
-2.157108532643132293e+01
-3.262306332643131412e+01
-2.630764732643132575e+01
-5.630587332643132470e+01
-4.209618732643131978e+01
-7.367326732643131493e+01
-4.051733332643132712e+01
-2.788650132643132551e+01
-5.946358132643131000e+01
-5.314816532643132518e+01
-4.051733332643131291e+01
-5.630587332643131049e+01
-3.735962532643131340e+01
-4.525389532643131929e+01
-2.946535532643131461e+01
-4.051733332643131291e+01
-4.525389532643131218e+01
-4.841160332643131881e+01
-5.630587332643131759e+01
-4.841160332643131881e+01
-6.104243532643131687e+01
-4.999045732643131146e+01
-4.209618732643131978e+01
-5.156931132643131832e+01
-4.683274932643131194e+01
-2.946535532643132171e+01
-3.420191732643132099e+01
-5.946358132643132421e+01
-3.104420932643132147e+01
-4.367504132643132664e+01
-4.999045732643131146e+01
-5.630587332643131049e+01
-3.262306332643132123e+01
-4.051733332643132002e+01
-5.156931132643131122e+01
-3.262306332643131412e+01
-3.262306332643132123e+01
-4.525389532643131929e+01
-3.735962532643132761e+01
-2.630764732643132220e+01
-4.841160332643131170e+01
-2.630764732643131509e+01
-5.946358132643131711e+01
-3.735962532643132050e+01
-4.051733332643131291e+01
-4.683274932643131194e+01
-2.946535532643132171e+01
-6.420014332643131638e+01
-4.367504132643131243e+01
-4.525389532643131929e+01
-3.578077132643131364e+01
-6.893670532643132276e+01
-3.735962532643132050e+01
-4.367504132643132664e+01
-4.051733332643132002e+01
-4.051733332643131291e+01
-3.893847932643132026e+01
-2.788650132643132196e+01
-5.472701932643131784e+01
-4.367504132643131243e+01
-3.578077132643132074e+01
-4.525389532643131929e+01
-2.472879332643132244e+01
-2.630764732643132220e+01
-3.104420932643131437e+01
-3.578077132643132074e+01
-4.051733332643131291e+01
-4.051733332643131291e+01
-4.525389532643131929e+01
-4.051733332643132712e+01
-4.367504132643131243e+01
-5.630587332643132470e+01
-2.314993932643132268e+01
-3.893847932643131315e+01
-3.104420932643132502e+01
-4.683274932643131194e+01
-3.420191732643132099e+01
-4.683274932643132615e+01
-5.630587332643132470e+01
-5.314816532643131097e+01
-4.051733332643132002e+01
-4.525389532643131929e+01
-5.472701932643131784e+01
-4.841160332643131170e+01
-4.525389532643131929e+01
-4.683274932643131194e+01
-4.209618732643131978e+01
-3.735962532643131340e+01
-5.630587332643132470e+01
-4.367504132643131953e+01
-5.314816532643132518e+01
-7.209441332643133649e+01
-2.630764732643132220e+01
-1.999223132643132317e+01
-4.999045732643131146e+01
-5.788472732643131735e+01
-4.841160332643131881e+01
-4.367504132643131243e+01
-3.893847932643132026e+01
-5.314816532643131808e+01
-4.999045732643131856e+01
-5.314816532643131097e+01
-5.630587332643132470e+01
-4.209618732643131267e+01
-5.472701932643131784e+01
-3.578077132643132074e+01
-5.156931132643131832e+01
-4.683274932643131905e+01
-3.735962532643132050e+01
-5.788472732643131735e+01
-4.367504132643131243e+01
-5.630587332643132470e+01
-2.788650132643131485e+01
-5.630587332643132470e+01
-3.262306332643132123e+01
-4.051733332643131291e+01
-4.367504132643131953e+01
-4.367504132643131953e+01
-4.051733332643132002e+01
-4.367504132643131243e+01
-4.367504132643131243e+01
-4.841160332643131881e+01
-5.156931132643131832e+01
-4.051733332643132712e+01
-4.209618732643131978e+01
-4.999045732643131856e+01
-3.578077132643132074e+01
-4.367504132643131243e+01
-3.735962532643132050e+01
-3.262306332643132123e+01
-5.946358132643131000e+01
-4.525389532643131929e+01
-4.525389532643131929e+01
-3.420191732643132099e+01
-5.156931132643131832e+01
-4.367504132643131243e+01
-4.999045732643131146e+01
-2.788650132643131485e+01
-4.367504132643131243e+01
-3.420191732643132809e+01
-6.420014332643131638e+01
-5.788472732643131735e+01
-2.630764732643132220e+01
-3.893847932643131315e+01
-3.735962532643132050e+01
-5.472701932643131784e+01
-4.051733332643131291e+01
-5.946358132643131000e+01
-4.683274932643131194e+01
-3.735962532643131340e+01
-4.683274932643131194e+01
-5.156931132643131832e+01
-4.367504132643131953e+01
-5.156931132643131832e+01
-4.841160332643131881e+01
-5.472701932643131784e+01
-2.946535532643131816e+01
-6.420014332643131638e+01
-5.156931132643131832e+01
-4.209618732643131978e+01
-2.630764732643132220e+01
-4.209618732643131978e+01
-3.104420932643131792e+01
-4.209618732643131978e+01
-5.630587332643132470e+01
-2.788650132643131485e+01
-4.683274932643131194e+01
-5.788472732643131735e+01
-4.841160332643131881e+01
-2.472879332643132244e+01
-3.735962532643131340e+01
-3.420191732643132099e+01
-4.841160332643131881e+01
-5.630587332643131049e+01
-4.367504132643131953e+01
-4.367504132643131243e+01
-2.946535532643132171e+01
-5.788472732643131735e+01
-3.262306332643131412e+01
-5.788472732643131735e+01
-5.314816532643131097e+01
-4.841160332643131881e+01
-3.735962532643131340e+01
-3.104420932643131437e+01
-4.051733332643132712e+01
-4.209618732643131978e+01
-4.525389532643131929e+01
-4.999045732643132567e+01
-3.104420932643131437e+01
-3.735962532643132050e+01
-3.262306332643132123e+01
-4.683274932643131194e+01
-4.051733332643131291e+01
-4.841160332643131881e+01
-3.262306332643131412e+01
-5.156931132643131832e+01
-5.314816532643131097e+01
-4.209618732643131267e+01
-3.420191732643132099e+01
-4.841160332643131881e+01
-6.104243532643131687e+01
-5.788472732643131735e+01
-4.525389532643131929e+01
-5.472701932643131784e+01
-4.683274932643132615e+01
-2.472879332643132599e+01
-3.578077132643131364e+01
-3.262306332643132123e+01
-3.893847932643131315e+01
-5.472701932643131784e+01
-4.525389532643131929e+01
-5.472701932643131784e+01
-3.578077132643132074e+01
-4.683274932643132615e+01
-4.683274932643132615e+01
-3.262306332643132123e+01
-4.209618732643131978e+01
-3.735962532643132050e+01
-3.893847932643132026e+01
-3.893847932643132026e+01
-4.999045732643132567e+01
-4.683274932643131194e+01
-4.367504132643132664e+01
-5.314816532643132518e+01
-3.262306332643132123e+01
-4.051733332643131291e+01
-4.525389532643131929e+01
-3.893847932643132026e+01
-5.630587332643131049e+01
-2.157108532643131582e+01
-3.420191732643131388e+01
-3.578077132643132074e+01
-2.157108532643132293e+01
-5.630587332643131049e+01
-5.630587332643131049e+01
-6.104243532643131687e+01
-3.578077132643132074e+01
-4.999045732643131146e+01
-1.683452332643131655e+01
-5.156931132643131832e+01
-4.367504132643132664e+01
-4.525389532643131929e+01
-3.893847932643132026e+01
-4.999045732643131856e+01
-4.683274932643131194e+01
-2.472879332643132244e+01
-3.420191732643132099e+01
-4.051733332643132002e+01
-3.262306332643131412e+01
-5.630587332643131759e+01
-4.209618732643131978e+01
-4.999045732643132567e+01
-5.314816532643132518e+01
-4.999045732643132567e+01
-3.262306332643132123e+01
-2.946535532643132171e+01
-3.420191732643131388e+01
-5.156931132643131832e+01
-2.472879332643132244e+01
-4.683274932643132615e+01
-2.946535532643132171e+01
-2.946535532643132171e+01
-3.578077132643132074e+01
-2.946535532643132171e+01
-3.420191732643132099e+01
-4.999045732643131146e+01
-4.367504132643131243e+01
-2.946535532643132171e+01
-4.209618732643131978e+01
-5.946358132643131000e+01
-3.735962532643132050e+01
-4.683274932643131905e+01
-2.788650132643132196e+01
-2.630764732643131509e+01
-5.946358132643131000e+01
-2.946535532643132171e+01
-4.841160332643131170e+01
-4.367504132643132664e+01
-4.999045732643132567e+01
-3.735962532643132050e+01
-3.893847932643132026e+01
-2.472879332643132599e+01
-4.841160332643131881e+01
-5.314816532643131097e+01
-5.946358132643131000e+01
-3.262306332643132123e+01
-4.051733332643131291e+01
-5.788472732643131735e+01
-3.578077132643132074e+01
-3.735962532643131340e+01
-3.262306332643132123e+01
-3.735962532643131340e+01
-2.788650132643131840e+01
-4.841160332643131881e+01
-3.420191732643132099e+01
-4.841160332643131881e+01
-4.683274932643131194e+01
-3.735962532643131340e+01
-4.841160332643131881e+01
-2.788650132643132196e+01
-3.578077132643132074e+01
-4.841160332643131881e+01
-2.157108532643131582e+01
-3.735962532643132761e+01
-4.525389532643131929e+01
-4.367504132643131243e+01
-2.157108532643131937e+01
-7.051555932643131541e+01
-5.314816532643131097e+01
-5.314816532643132518e+01
-5.156931132643131832e+01
-4.209618732643131978e+01
-5.788472732643131735e+01
-3.420191732643131388e+01
-5.946358132643131000e+01
-2.157108532643132293e+01
-4.841160332643131881e+01
-5.946358132643132421e+01
-5.788472732643131735e+01
-5.472701932643131784e+01
-4.683274932643131905e+01
-5.630587332643131049e+01
-3.104420932643131437e+01
-4.525389532643131929e+01
-3.893847932643132026e+01
-3.104420932643131437e+01
-4.051733332643132002e+01
-3.262306332643132123e+01
-4.999045732643131146e+01
-3.104420932643131792e+01
-4.051733332643132712e+01
-3.893847932643131315e+01
-4.367504132643132664e+01
-5.946358132643131711e+01
-6.104243532643131687e+01
-4.999045732643131146e+01
-4.683274932643131194e+01
-4.683274932643131905e+01
-4.525389532643131929e+01
-6.577899732643130903e+01
-5.788472732643131735e+01
-4.999045732643132567e+01
-3.893847932643132026e+01
-3.262306332643131412e+01
-5.788472732643131735e+01
-5.314816532643132518e+01
-4.209618732643131978e+01
-3.420191732643131388e+01
-5.314816532643131808e+01
-4.367504132643131953e+01
-3.893847932643132026e+01
-5.788472732643131735e+01
-4.209618732643131978e+01
-3.578077132643132074e+01
-5.788472732643131735e+01
-4.367504132643132664e+01
-4.051733332643131291e+01
-4.999045732643131146e+01
-4.999045732643131146e+01
-4.841160332643131170e+01
-4.051733332643132002e+01
-2.472879332643131534e+01
-4.841160332643131881e+01
-2.472879332643131534e+01
-5.630587332643132470e+01
-5.630587332643131049e+01
-3.262306332643131412e+01
-5.156931132643131832e+01
-4.841160332643131881e+01
-3.735962532643131340e+01
-3.735962532643131340e+01
-4.209618732643131978e+01
-3.578077132643131364e+01
-5.630587332643132470e+01
-4.367504132643131243e+01
-4.209618732643131978e+01
-5.156931132643131832e+01
-4.841160332643131881e+01
-4.841160332643131881e+01
-1.525566932643132212e+01
-4.525389532643131929e+01
-4.051733332643132002e+01
-3.893847932643132026e+01
-3.104420932643131437e+01
-5.630587332643132470e+01
-4.683274932643131905e+01
-6.104243532643131687e+01
-4.367504132643131243e+01
-2.788650132643132196e+01
-4.999045732643131146e+01
-5.472701932643131784e+01
-2.472879332643131534e+01
-4.683274932643131194e+01
-4.367504132643131243e+01
-4.209618732643131978e+01
-3.893847932643131315e+01
-4.683274932643132615e+01
-4.525389532643131929e+01
-3.893847932643132026e+01
-5.156931132643131832e+01
-4.209618732643131978e+01
-4.367504132643131243e+01
-4.999045732643131146e+01
-3.578077132643132074e+01
-5.472701932643131784e+01
-4.841160332643131881e+01
-4.209618732643131978e+01
-3.578077132643132074e+01
-4.525389532643131218e+01
-4.367504132643131243e+01
-5.314816532643132518e+01
-2.946535532643132171e+01
-5.156931132643133253e+01
-3.578077132643132074e+01
-5.788472732643132446e+01
-4.051733332643132002e+01
-5.314816532643132518e+01
-3.893847932643132026e+01
-4.367504132643132664e+01
-4.209618732643131267e+01
-3.578077132643132074e+01
-4.525389532643131929e+01
-5.472701932643131784e+01
-3.735962532643131340e+01
-4.367504132643131243e+01
-3.104420932643131792e+01
-6.735785132643131590e+01
-2.788650132643132551e+01
-5.630587332643131049e+01
-3.578077132643132074e+01
-3.735962532643132050e+01
-2.788650132643132196e+01
-3.735962532643131340e+01
-5.946358132643131000e+01
-2.788650132643132551e+01
-5.156931132643131832e+01
-1.841337732643132341e+01
-3.735962532643131340e+01
-3.578077132643132074e+01
-5.472701932643131784e+01
-4.051733332643131291e+01
-2.946535532643132171e+01
-4.367504132643131953e+01
-5.788472732643131735e+01
-6.262128932643132373e+01
-1.683452332643132365e+01
-6.104243532643131687e+01
-6.420014332643131638e+01
-4.051733332643131291e+01
-5.156931132643131832e+01
-2.314993932643132624e+01
-5.788472732643131735e+01
-3.893847932643132026e+01
-4.525389532643131218e+01
-5.156931132643131832e+01
-3.420191732643131388e+01
-5.630587332643131049e+01
-3.578077132643132074e+01
-5.788472732643131735e+01
-1.367681532643132414e+01
-4.841160332643131881e+01
-4.051733332643131291e+01
-5.156931132643131832e+01
-5.630587332643132470e+01
-5.630587332643132470e+01
-4.683274932643132615e+01
-4.209618732643131978e+01
-4.525389532643131929e+01
-3.578077132643132074e+01
-5.788472732643131735e+01
-4.051733332643132712e+01
-3.893847932643132026e+01
-4.525389532643131929e+01
-4.525389532643131929e+01
-4.841160332643131881e+01
-2.472879332643131534e+01
-5.472701932643131784e+01
-4.683274932643131194e+01
-4.999045732643131146e+01
-4.209618732643131978e+01
-3.893847932643132026e+01
-4.367504132643131243e+01
-2.788650132643132551e+01
-5.630587332643131049e+01
-7.361399326431321555e+00
-6.104243532643132397e+01
-4.525389532643131929e+01
-3.420191732643132099e+01
-5.314816532643132518e+01
-3.262306332643131412e+01
-5.472701932643131784e+01
-6.104243532643131687e+01
-4.999045732643131146e+01
-4.841160332643131881e+01
-3.578077132643132074e+01
-4.367504132643131953e+01
-2.788650132643132551e+01
-6.104243532643131687e+01
-3.420191732643132099e+01
-5.314816532643131097e+01
-3.578077132643132074e+01
-2.788650132643132196e+01
-4.367504132643131953e+01
-2.157108532643132293e+01
-4.525389532643131929e+01
-4.525389532643131218e+01
-4.841160332643131881e+01
-4.367504132643131243e+01
-4.683274932643131194e+01
-4.367504132643132664e+01
-2.946535532643131461e+01
-3.735962532643131340e+01
-4.367504132643131243e+01
-4.209618732643131978e+01
-2.314993932643132268e+01
-2.630764732643131509e+01
-4.683274932643132615e+01
-5.156931132643131832e+01
-4.999045732643131146e+01
-4.841160332643131170e+01
-6.893670532643132276e+01
-5.156931132643131832e+01
-1.841337732643131631e+01
-4.683274932643131194e+01
-4.999045732643131146e+01
-2.946535532643132527e+01
-4.683274932643132615e+01
-5.156931132643131832e+01
-2.314993932643132268e+01
-3.893847932643132026e+01
-3.262306332643132123e+01
-5.946358132643132421e+01
-4.051733332643132002e+01
-3.420191732643131388e+01
-5.156931132643131832e+01
-2.157108532643132293e+01
-3.262306332643131412e+01
-5.788472732643131735e+01
-6.420014332643131638e+01
-4.525389532643131929e+01
-4.683274932643131194e+01
-4.683274932643131194e+01
-5.314816532643131097e+01
-4.367504132643131243e+01
-5.946358132643132421e+01
-3.893847932643132026e+01
-4.841160332643131881e+01
-6.104243532643131687e+01
-4.051733332643131291e+01
-3.578077132643132074e+01
-4.525389532643131929e+01
-4.683274932643131905e+01
-3.893847932643131315e+01
-4.209618732643131267e+01
-5.630587332643132470e+01
-2.472879332643132244e+01
-4.841160332643131881e+01
-5.630587332643131049e+01
-3.893847932643131315e+01
-5.472701932643131784e+01
-4.209618732643131978e+01
-4.367504132643131953e+01
-4.683274932643132615e+01
-3.420191732643132099e+01
-4.525389532643131929e+01
-5.472701932643131784e+01
-3.735962532643132761e+01
-4.841160332643131881e+01
-6.735785132643131590e+01
-3.578077132643131364e+01
-5.788472732643131735e+01
-5.314816532643131097e+01
-5.472701932643131784e+01
-5.314816532643131097e+01
-4.841160332643131881e+01
-6.420014332643131638e+01
-3.420191732643132099e+01
-6.893670532643130855e+01
-4.525389532643131929e+01
-5.946358132643131000e+01
-3.420191732643132099e+01
-5.314816532643131808e+01
-3.104420932643132147e+01
-4.367504132643132664e+01
-3.893847932643131315e+01
-4.999045732643131146e+01
-5.314816532643131097e+01
-4.841160332643131881e+01
-4.841160332643131881e+01
-3.735962532643131340e+01
-6.420014332643131638e+01
-3.420191732643131388e+01
-4.525389532643131929e+01
-6.104243532643131687e+01
-4.525389532643131929e+01
-6.104243532643131687e+01
-3.578077132643131364e+01
-2.630764732643131509e+01
-2.788650132643132196e+01
-3.104420932643132147e+01
-4.841160332643131881e+01
-5.472701932643131784e+01
-5.630587332643131049e+01
-4.841160332643131881e+01
-4.841160332643131881e+01
-3.262306332643132123e+01
-4.841160332643131881e+01
-3.104420932643132502e+01
-3.735962532643132761e+01
-5.946358132643132421e+01
-3.735962532643131340e+01
-4.841160332643131170e+01
-2.946535532643132171e+01
-5.946358132643131000e+01
-4.525389532643131929e+01
-3.578077132643132074e+01
-4.525389532643131929e+01
-6.262128932643130952e+01
-3.735962532643131340e+01
-3.420191732643131388e+01
-5.472701932643131784e+01
-1.525566932643132390e+01
-5.156931132643131832e+01
-3.104420932643132147e+01
-4.051733332643132002e+01
-3.735962532643132761e+01
-4.209618732643131978e+01
-3.893847932643132026e+01
-3.104420932643132502e+01
-4.367504132643132664e+01
-3.104420932643131437e+01
-6.420014332643131638e+01
-3.735962532643131340e+01
-2.630764732643131865e+01
-5.156931132643131832e+01
-3.104420932643132147e+01
-6.262128932643132373e+01
-4.683274932643131194e+01
-5.314816532643132518e+01
-4.209618732643131978e+01
-3.578077132643132074e+01
-2.472879332643131534e+01
-4.367504132643132664e+01
-5.472701932643131784e+01
-4.999045732643132567e+01
-6.420014332643133059e+01
-1.525566932643132390e+01
-5.472701932643131784e+01
-3.420191732643131388e+01
-2.788650132643131840e+01
-4.525389532643131218e+01
-3.735962532643131340e+01
-6.420014332643131638e+01
-4.525389532643131218e+01
-3.893847932643132026e+01
-3.893847932643132026e+01
-4.209618732643131978e+01
-4.209618732643131978e+01
-3.420191732643131388e+01
-3.735962532643131340e+01
-2.788650132643131485e+01
-3.893847932643132026e+01
-4.367504132643131243e+01
-4.051733332643132002e+01
-4.683274932643132615e+01
-2.788650132643131485e+01
-4.999045732643131856e+01
-2.946535532643131461e+01
-5.788472732643131735e+01
-4.841160332643131170e+01
-3.893847932643132026e+01
-4.051733332643131291e+01
-4.999045732643131856e+01
-5.472701932643131784e+01
-4.367504132643131243e+01
-5.946358132643131000e+01
-3.578077132643132074e+01
-4.209618732643131267e+01
-4.525389532643131929e+01
-6.262128932643130952e+01
-4.051733332643132712e+01
-3.104420932643131792e+01
-4.051733332643131291e+01
-4.367504132643131243e+01
-3.578077132643132074e+01
-5.630587332643131049e+01
-4.525389532643131929e+01
-3.104420932643131792e+01
-4.367504132643131953e+01
-4.683274932643132615e+01
-3.262306332643132123e+01
-6.420014332643133059e+01
-2.946535532643132527e+01
-6.104243532643131687e+01
-3.420191732643131388e+01
-4.841160332643131170e+01
-4.209618732643131978e+01
-2.946535532643131461e+01
-4.683274932643132615e+01
-4.051733332643131291e+01
-4.683274932643131194e+01
-2.946535532643131816e+01
-6.420014332643131638e+01
-4.841160332643131881e+01
-5.788472732643131735e+01
-4.367504132643131243e+01
-3.578077132643132074e+01
-5.472701932643131784e+01
-6.735785132643131590e+01
-4.999045732643131146e+01
-4.367504132643132664e+01
-4.367504132643131243e+01
-4.841160332643131881e+01
-3.262306332643131412e+01
-4.367504132643131243e+01
-3.735962532643131340e+01
-3.893847932643132026e+01
-4.051733332643132712e+01
-4.841160332643131881e+01
-4.841160332643131881e+01
-3.104420932643132147e+01
-5.314816532643131097e+01
-3.893847932643132026e+01
-4.683274932643132615e+01
-4.051733332643132002e+01
-5.156931132643131122e+01
-3.578077132643131364e+01
-3.262306332643131412e+01
-3.578077132643132074e+01
-5.472701932643131073e+01
-6.262128932643132373e+01
-4.367504132643131243e+01
-3.893847932643132026e+01
-3.578077132643132074e+01
-5.472701932643131073e+01
-5.156931132643133253e+01
-4.999045732643132567e+01
-1.683452332643132365e+01
-3.578077132643131364e+01
-4.683274932643132615e+01
-4.841160332643131881e+01
-3.262306332643132123e+01
-4.051733332643131291e+01
-4.841160332643131881e+01
-4.525389532643131929e+01
-4.051733332643131291e+01
-2.630764732643131509e+01
-3.893847932643132026e+01
-5.314816532643131097e+01
-4.367504132643131953e+01
-4.051733332643131291e+01
-3.420191732643132099e+01
-5.788472732643133156e+01
-4.367504132643131953e+01
-4.999045732643131146e+01
-2.157108532643132293e+01
-2.946535532643131461e+01
-5.156931132643131832e+01
-2.630764732643132220e+01
-4.683274932643132615e+01
-4.999045732643132567e+01
-5.788472732643131735e+01
-2.946535532643132171e+01
-3.578077132643132074e+01
-4.683274932643131194e+01
-2.946535532643132171e+01
-5.314816532643131097e+01
-2.946535532643131816e+01
-1.999223132643131606e+01
-4.367504132643131243e+01
-3.262306332643131412e+01
-4.367504132643132664e+01
-4.841160332643131881e+01
-5.314816532643131097e+01
-4.367504132643131243e+01
-5.314816532643131097e+01
-4.999045732643132567e+01
-3.893847932643131315e+01
-4.683274932643132615e+01
-2.472879332643132244e+01
-5.314816532643131097e+01
-2.472879332643132244e+01
-3.578077132643132074e+01
-3.262306332643132123e+01
-3.735962532643131340e+01
-5.788472732643131735e+01
-3.578077132643131364e+01
-3.735962532643132050e+01
-3.893847932643131315e+01
-4.525389532643131929e+01
-5.788472732643131735e+01
-4.051733332643132002e+01
-5.630587332643131049e+01
-2.788650132643131485e+01
-4.999045732643131146e+01
-3.578077132643132074e+01
-2.630764732643131865e+01
-4.841160332643131881e+01
-6.104243532643131687e+01
-4.525389532643131929e+01
-2.788650132643131485e+01
-3.893847932643132026e+01
-3.262306332643132123e+01
-5.156931132643131832e+01
-2.630764732643131509e+01
-6.420014332643131638e+01
-2.946535532643131816e+01
-3.578077132643131364e+01
-3.420191732643132809e+01
-4.841160332643131881e+01
-3.420191732643132099e+01
-4.209618732643131267e+01
-6.262128932643132373e+01
-4.525389532643131929e+01
-5.472701932643131784e+01
-3.420191732643132809e+01
-4.525389532643131929e+01
-5.788472732643131735e+01
-2.946535532643132171e+01
-4.367504132643131243e+01
-4.367504132643131243e+01
-5.630587332643131049e+01
-4.525389532643131929e+01
-3.420191732643132809e+01
-4.525389532643131929e+01
-5.630587332643132470e+01
-3.735962532643131340e+01
-4.683274932643131194e+01
-4.367504132643132664e+01
-3.578077132643131364e+01
-5.314816532643132518e+01
-4.051733332643132002e+01
-4.999045732643131146e+01
-3.578077132643131364e+01
-4.367504132643131953e+01
-5.946358132643131000e+01
-4.999045732643131146e+01
-6.262128932643130952e+01
-3.735962532643132050e+01
-3.893847932643132026e+01
-4.683274932643131194e+01
-3.104420932643131792e+01
-3.420191732643131388e+01
-3.735962532643132761e+01
-4.051733332643131291e+01
-4.209618732643131978e+01
-5.314816532643131097e+01
-2.630764732643131509e+01
-4.999045732643132567e+01
-3.420191732643131388e+01
-3.735962532643132050e+01
-3.578077132643132074e+01
-3.578077132643131364e+01
-5.314816532643131097e+01
-6.577899732643132324e+01
-4.999045732643131146e+01
-1.999223132643131962e+01
-4.209618732643131978e+01
-3.262306332643132123e+01
-3.420191732643132099e+01
-4.051733332643131291e+01
-3.104420932643132147e+01
-5.788472732643131735e+01
-3.578077132643132074e+01
-5.156931132643131832e+01
-4.367504132643131953e+01
-4.367504132643132664e+01
-4.683274932643132615e+01
-2.946535532643132171e+01
-4.209618732643131978e+01
-2.314993932643132268e+01
-6.262128932643130952e+01
-2.472879332643131534e+01
-3.104420932643131792e+01
-4.367504132643132664e+01
-2.788650132643131840e+01
-5.946358132643132421e+01
-4.683274932643132615e+01
-4.367504132643131243e+01
-4.999045732643131856e+01
-4.367504132643131953e+01
-3.420191732643131388e+01
-4.841160332643131881e+01
-3.578077132643132074e+01
-2.788650132643132196e+01
-5.156931132643131832e+01
-4.209618732643131978e+01
-4.841160332643131170e+01
-4.209618732643131978e+01
-2.946535532643131816e+01
-3.104420932643132147e+01
-1.841337732643132341e+01
-5.156931132643131832e+01
-3.578077132643132074e+01
-2.157108532643131582e+01
-3.735962532643132050e+01
-4.525389532643131929e+01
-3.735962532643131340e+01
-4.051733332643131291e+01
-4.525389532643131929e+01
-2.946535532643132171e+01
-4.999045732643132567e+01
-4.367504132643132664e+01
-4.999045732643131146e+01
-4.683274932643131194e+01
-4.683274932643131194e+01
-5.314816532643131097e+01
-4.367504132643131243e+01
-2.630764732643132220e+01
-3.735962532643131340e+01
-3.578077132643132074e+01
-3.735962532643132761e+01
-4.209618732643131978e+01
-3.578077132643131364e+01
-4.209618732643131978e+01
-5.946358132643131000e+01
-2.788650132643131485e+01
-3.735962532643131340e+01
-4.525389532643131929e+01
-2.157108532643132293e+01
-4.683274932643131194e+01
-2.946535532643132527e+01
-2.946535532643131461e+01
-4.841160332643131881e+01
-5.314816532643132518e+01
-5.946358132643132421e+01
-4.525389532643131929e+01
-5.472701932643131784e+01
-4.683274932643131905e+01
-3.104420932643132147e+01
-4.841160332643131881e+01
-4.525389532643131929e+01
-3.735962532643131340e+01
-3.893847932643131315e+01
-2.788650132643132196e+01
-3.735962532643131340e+01
-4.841160332643131881e+01
-4.841160332643131170e+01
-5.314816532643131097e+01
-4.209618732643131267e+01
-6.420014332643131638e+01
-3.262306332643131412e+01
-4.051733332643131291e+01
-3.578077132643132074e+01
-3.735962532643131340e+01
-4.367504132643131243e+01
-4.841160332643131881e+01
-4.999045732643131146e+01
-2.157108532643131582e+01
-5.314816532643132518e+01
-5.156931132643131832e+01
-3.578077132643132074e+01
-4.051733332643132002e+01
-4.999045732643132567e+01
-3.104420932643131437e+01
-4.367504132643131953e+01
-4.841160332643131881e+01
-2.788650132643132196e+01
-5.314816532643132518e+01
-4.051733332643131291e+01
-4.841160332643131881e+01
-3.104420932643131792e+01
-3.420191732643131388e+01
-4.841160332643131881e+01
-3.262306332643131412e+01
-3.420191732643132099e+01
-4.367504132643132664e+01
-4.841160332643131881e+01
-4.209618732643131978e+01
-4.209618732643131978e+01
-3.262306332643131412e+01
-3.420191732643132099e+01
-4.051733332643131291e+01
-3.420191732643132099e+01
-5.472701932643131784e+01
-3.420191732643132809e+01
-5.630587332643132470e+01
-3.893847932643132026e+01
-5.156931132643131832e+01
-5.156931132643131122e+01
-7.361399326431318002e+00
-4.051733332643132002e+01
-2.946535532643132171e+01
-5.946358132643133132e+01
-3.893847932643132026e+01
-3.893847932643132026e+01
-2.314993932643132268e+01
-3.104420932643131792e+01
-4.525389532643131929e+01
-5.946358132643131000e+01
-4.051733332643132712e+01
-4.209618732643131978e+01
-4.367504132643131243e+01
-3.420191732643131388e+01
-2.788650132643132196e+01
-5.630587332643132470e+01
-3.262306332643132123e+01
-7.051555932643131541e+01
-2.472879332643131534e+01
-2.946535532643131816e+01
-4.367504132643131243e+01
-4.051733332643131291e+01
-2.946535532643131816e+01
-3.262306332643132123e+01
-4.841160332643131881e+01
-4.525389532643131929e+01
-4.999045732643131146e+01
-4.525389532643131929e+01
-3.578077132643131364e+01
-4.051733332643131291e+01
-5.788472732643131735e+01
-4.525389532643131929e+01
-4.051733332643132002e+01
-6.735785132643131590e+01
-2.946535532643131816e+01
-4.525389532643131218e+01
-4.367504132643131243e+01
-2.630764732643132575e+01
-4.051733332643131291e+01
-5.314816532643132518e+01
-4.051733332643131291e+01
-4.841160332643131170e+01
-3.262306332643132123e+01
-3.104420932643131437e+01
-5.314816532643131097e+01
-1.841337732643132341e+01
-6.893670532643132276e+01
-3.893847932643132026e+01
-5.472701932643131784e+01
-2.946535532643132171e+01
-4.051733332643132002e+01
-6.262128932643130952e+01
-5.788472732643131735e+01
-5.314816532643131808e+01
-4.051733332643132002e+01
-5.788472732643131735e+01
-5.314816532643132518e+01
-2.788650132643132196e+01
-4.525389532643131218e+01
-3.578077132643132074e+01
-5.472701932643131784e+01
-3.104420932643132147e+01
-4.999045732643131146e+01
-3.104420932643132502e+01
-4.051733332643132712e+01
-3.893847932643132026e+01
-4.683274932643131194e+01
-3.735962532643131340e+01
-3.262306332643132123e+01
-4.525389532643131929e+01
-4.367504132643131953e+01
-5.946358132643131000e+01
-4.209618732643131267e+01
-3.420191732643132809e+01
-3.893847932643132026e+01
-4.051733332643131291e+01
-4.525389532643131929e+01
-4.209618732643131978e+01
-6.893670532643132276e+01
-2.630764732643131509e+01
-4.525389532643131929e+01
-3.420191732643131388e+01
-4.367504132643131243e+01
-4.999045732643132567e+01
-3.262306332643132123e+01
-5.946358132643131000e+01
-5.472701932643131784e+01
-5.156931132643131832e+01
-3.578077132643132074e+01
-2.788650132643132551e+01
-4.367504132643131243e+01
-3.893847932643131315e+01
-3.893847932643132026e+01
-5.630587332643131049e+01
-4.051733332643132002e+01
-7.051555932643131541e+01
-4.051733332643131291e+01
-4.367504132643131243e+01
-3.420191732643131388e+01
-4.683274932643132615e+01
-5.314816532643132518e+01
-3.735962532643132050e+01
-5.630587332643131049e+01
-3.578077132643131364e+01
-3.735962532643131340e+01
-4.999045732643131146e+01
-5.156931132643131832e+01
-2.946535532643131461e+01
-4.367504132643131953e+01
-4.525389532643131929e+01
-4.209618732643131978e+01
-4.525389532643131929e+01
-3.893847932643131315e+01
-4.209618732643131978e+01
-5.314816532643131808e+01
-4.051733332643132712e+01
-5.156931132643131832e+01
-4.525389532643131929e+01
-4.051733332643131291e+01
-4.999045732643132567e+01
-5.156931132643131832e+01
-4.209618732643131978e+01
-4.209618732643131978e+01
-5.472701932643131784e+01
-5.630587332643131049e+01
-4.209618732643131978e+01
-6.577899732643132324e+01
-3.578077132643131364e+01
-3.735962532643131340e+01
-3.104420932643131792e+01
-3.420191732643132099e+01
-5.946358132643131711e+01
-3.578077132643131364e+01
-4.051733332643132712e+01
-5.156931132643131832e+01
-2.946535532643132171e+01
-4.525389532643131929e+01
-2.788650132643132196e+01
-6.735785132643131590e+01
-4.525389532643131218e+01
-3.104420932643131792e+01
-4.999045732643132567e+01
-5.630587332643131049e+01
-1.999223132643132317e+01
-5.314816532643131097e+01
-4.525389532643131929e+01
-2.472879332643132244e+01
-4.367504132643132664e+01
-6.420014332643131638e+01
-4.999045732643132567e+01
-3.578077132643132074e+01
-4.999045732643131146e+01
-4.051733332643131291e+01
-4.683274932643131905e+01
-6.104243532643131687e+01
-4.525389532643131929e+01
-5.630587332643132470e+01
-4.051733332643131291e+01
-7.051555932643131541e+01
-5.314816532643132518e+01
-3.104420932643132147e+01
-5.156931132643131832e+01
-3.104420932643132147e+01
-2.630764732643131865e+01
-4.525389532643131929e+01
-4.841160332643131170e+01
-6.420014332643131638e+01
-3.735962532643131340e+01
-4.051733332643132712e+01
-3.420191732643131388e+01
-4.209618732643131267e+01
-4.367504132643131953e+01
-4.367504132643132664e+01
-3.735962532643132761e+01
-5.314816532643131097e+01
-3.893847932643132026e+01
-4.367504132643131953e+01
-3.262306332643131412e+01
-4.683274932643131194e+01
-3.735962532643132761e+01
-4.051733332643132002e+01
-5.314816532643132518e+01
-4.683274932643131194e+01
-3.420191732643132099e+01
-5.314816532643132518e+01
-4.051733332643132002e+01
-5.630587332643132470e+01
-1.999223132643132317e+01
-3.104420932643131437e+01
-3.262306332643131412e+01
-4.209618732643131978e+01
-3.262306332643132123e+01
-4.683274932643131194e+01
-4.209618732643131267e+01
-4.999045732643131856e+01
-3.735962532643132050e+01
-3.104420932643131792e+01
-3.578077132643131364e+01
-4.051733332643131291e+01
-5.314816532643131097e+01
-5.472701932643132494e+01
-3.104420932643131792e+01
-3.578077132643131364e+01
-2.946535532643131816e+01
-4.367504132643131953e+01
-1.051910732643131929e+01
-5.314816532643131097e+01
-5.156931132643131832e+01
-2.157108532643131582e+01
-4.683274932643131905e+01
-3.104420932643132147e+01
-6.420014332643131638e+01
-3.578077132643132074e+01
-3.735962532643131340e+01
-4.051733332643131291e+01
-5.156931132643131832e+01
-6.893670532643132276e+01
-4.525389532643131929e+01
-4.525389532643131929e+01
-3.735962532643131340e+01
-6.262128932643132373e+01
-4.367504132643131243e+01
-3.578077132643131364e+01
-3.104420932643132147e+01
-3.262306332643132123e+01
-4.209618732643131978e+01
-4.525389532643131929e+01
-5.472701932643131784e+01
-4.525389532643131929e+01
-4.209618732643131978e+01
-3.893847932643132026e+01
-4.999045732643131146e+01
-5.314816532643131097e+01
-4.683274932643131194e+01
-4.525389532643131929e+01
-3.420191732643132809e+01
-3.262306332643132123e+01
-5.156931132643131832e+01
-6.735785132643131590e+01
-2.946535532643132171e+01
-5.788472732643131735e+01
-4.525389532643131218e+01
-4.209618732643131978e+01
-4.209618732643131978e+01
-2.630764732643132220e+01
-5.788472732643131735e+01
-3.578077132643132074e+01
-1.999223132643132317e+01
-3.262306332643131412e+01
-5.314816532643131097e+01
-3.893847932643131315e+01
-3.262306332643132123e+01
-4.999045732643131856e+01
-5.156931132643131832e+01
-4.841160332643131881e+01
-4.051733332643132002e+01
-4.051733332643132002e+01
-4.841160332643131881e+01
-5.472701932643131784e+01
-6.735785132643131590e+01
-5.156931132643131832e+01
-4.525389532643131929e+01
-4.209618732643131978e+01
-5.630587332643131049e+01
-4.683274932643131194e+01
-2.157108532643132293e+01
-4.209618732643131978e+01
-4.841160332643131881e+01
-4.525389532643131929e+01
-4.525389532643131929e+01
-4.209618732643131978e+01
-3.578077132643131364e+01
-5.156931132643131832e+01
-2.946535532643132527e+01
-4.525389532643131929e+01
-5.156931132643131832e+01
-4.051733332643131291e+01
-3.578077132643132074e+01
-4.683274932643131194e+01
-4.209618732643131978e+01
-2.630764732643132220e+01
-5.156931132643131122e+01
-2.946535532643131461e+01
-3.735962532643132050e+01
-4.209618732643131978e+01
-5.788472732643131735e+01
-3.735962532643131340e+01
-4.683274932643131194e+01
-3.578077132643132074e+01
-4.367504132643131243e+01
-4.209618732643131267e+01
-3.104420932643132502e+01
-5.156931132643131832e+01
-4.841160332643131170e+01
-6.262128932643132373e+01
-3.578077132643132074e+01
-3.735962532643132050e+01
-4.367504132643132664e+01
-3.578077132643132074e+01
-4.841160332643131881e+01
-4.999045732643131146e+01
-5.630587332643131049e+01
-2.314993932643132268e+01
-2.946535532643132171e+01
-3.893847932643131315e+01
-3.578077132643132074e+01
-4.367504132643131243e+01
-5.156931132643131832e+01
-2.630764732643131865e+01
-3.578077132643132074e+01
-2.630764732643131865e+01
-4.683274932643131194e+01
-3.735962532643132761e+01
-2.472879332643132244e+01
-4.367504132643131243e+01
-4.999045732643131146e+01
-3.262306332643132123e+01
-4.367504132643131953e+01
-3.578077132643132074e+01
-5.314816532643132518e+01
-3.262306332643132123e+01
-4.367504132643132664e+01
-4.525389532643131929e+01
-4.841160332643131881e+01
-2.946535532643132171e+01
-4.999045732643132567e+01
-4.051733332643131291e+01
-4.683274932643131905e+01
-2.946535532643132527e+01
-3.735962532643132050e+01
-4.999045732643132567e+01
-3.420191732643132099e+01
-4.683274932643131194e+01
-4.999045732643131146e+01
-4.683274932643131905e+01
-5.156931132643131122e+01
-4.999045732643131856e+01
-5.472701932643131784e+01
-3.893847932643131315e+01
-4.841160332643131881e+01
-4.209618732643131978e+01
-3.735962532643131340e+01
-4.999045732643131146e+01
-4.367504132643131953e+01
-3.104420932643132147e+01
-3.578077132643131364e+01
-3.735962532643131340e+01
-3.578077132643131364e+01
-2.630764732643131865e+01
-5.156931132643131832e+01
-4.525389532643131929e+01
-2.157108532643132293e+01
-4.367504132643131243e+01
-3.735962532643131340e+01
-4.999045732643131856e+01
-4.683274932643131194e+01
-2.946535532643131816e+01
-4.209618732643131978e+01
-4.051733332643131291e+01
-4.525389532643131929e+01
-4.841160332643131881e+01
-4.841160332643131881e+01
-4.841160332643131881e+01
-3.893847932643132026e+01
-3.735962532643131340e+01
-5.314816532643131097e+01
-4.367504132643132664e+01
-4.367504132643132664e+01
-4.999045732643131146e+01
-4.525389532643131218e+01
-4.051733332643132712e+01
-6.262128932643130952e+01
-3.262306332643132123e+01
-4.367504132643131243e+01
-2.946535532643132171e+01
-4.683274932643131905e+01
-3.893847932643132026e+01
-4.209618732643131267e+01
-3.893847932643132026e+01
-3.578077132643132074e+01
-5.630587332643131049e+01
-4.209618732643131978e+01
-4.367504132643131243e+01
-2.314993932643131558e+01
-4.841160332643131881e+01
-5.314816532643131097e+01
-3.893847932643132026e+01
-3.104420932643131437e+01
-3.735962532643131340e+01
-4.209618732643131978e+01
-4.367504132643131243e+01
-4.209618732643131267e+01
-4.683274932643132615e+01
-4.841160332643131881e+01
-3.578077132643132074e+01
-4.841160332643131881e+01
-6.104243532643131687e+01
-3.735962532643131340e+01
-4.683274932643131905e+01
-4.209618732643131978e+01
-4.683274932643132615e+01
-3.893847932643132026e+01
-5.472701932643131784e+01
-3.578077132643131364e+01
-4.209618732643131267e+01
-4.051733332643131291e+01
-5.472701932643131784e+01
-3.735962532643132050e+01
-3.735962532643132050e+01
-5.314816532643132518e+01
-3.420191732643131388e+01
-4.841160332643131170e+01
-1.525566932643132390e+01
-3.578077132643131364e+01
-5.946358132643132421e+01
-5.788472732643131735e+01
-3.893847932643132026e+01
-3.578077132643132074e+01
-3.262306332643131412e+01
-3.420191732643132099e+01
-2.788650132643132196e+01
-4.683274932643131905e+01
-4.051733332643132712e+01
-3.893847932643131315e+01
-4.525389532643131929e+01
-2.314993932643131558e+01
-2.630764732643132220e+01
-5.156931132643131832e+01
-1.209796132643132083e+01
-4.367504132643132664e+01
-3.893847932643132026e+01
-1.683452332643132365e+01
-4.683274932643131905e+01
-4.367504132643131953e+01
-3.578077132643132074e+01
-3.420191732643132099e+01
-4.209618732643131267e+01
-3.893847932643132026e+01
-4.209618732643131978e+01
-4.841160332643131881e+01
-4.525389532643131929e+01
-4.525389532643131929e+01
-4.841160332643131881e+01
-4.525389532643131929e+01
-2.157108532643132293e+01
-3.420191732643132099e+01
-4.525389532643131929e+01
-5.314816532643132518e+01
-3.104420932643131437e+01
-1.683452332643132365e+01
-3.893847932643131315e+01
-5.946358132643131000e+01
-4.051733332643132712e+01
-5.788472732643131735e+01
-3.735962532643132050e+01
-2.472879332643131889e+01
-4.525389532643131929e+01
-4.051733332643132002e+01
-3.578077132643132074e+01
-4.999045732643131146e+01
-4.525389532643131929e+01
-4.367504132643131243e+01
-3.735962532643131340e+01
-4.525389532643131929e+01
-5.156931132643131832e+01
-4.525389532643131929e+01
-3.893847932643132026e+01
-5.314816532643131097e+01
-4.525389532643131929e+01
-4.841160332643131881e+01
-3.735962532643132050e+01
-4.367504132643131953e+01
-4.051733332643132002e+01
-3.578077132643132074e+01
-4.525389532643131929e+01
-4.525389532643131929e+01
-3.262306332643132123e+01
-4.525389532643131929e+01
-3.104420932643131792e+01
-3.262306332643131412e+01
-4.841160332643131881e+01
-4.051733332643132002e+01
-3.893847932643132026e+01
-3.420191732643131388e+01
-4.525389532643131929e+01
-2.472879332643132244e+01
-5.788472732643131735e+01
-4.525389532643131929e+01
-5.314816532643131097e+01
-1.999223132643132317e+01
-4.999045732643131146e+01
-4.051733332643131291e+01
-2.472879332643131534e+01
-4.999045732643131146e+01
-4.209618732643131978e+01
-3.104420932643132147e+01
-5.314816532643131097e+01
-2.630764732643131509e+01
-3.735962532643132050e+01
-3.578077132643131364e+01
-2.314993932643131558e+01
-5.314816532643131808e+01
-6.420014332643131638e+01
-4.525389532643131929e+01
-5.314816532643131097e+01
-5.472701932643131784e+01
-4.525389532643131929e+01
-2.788650132643131840e+01
-4.999045732643132567e+01
-3.735962532643131340e+01
-4.367504132643132664e+01
-4.367504132643132664e+01
-4.051733332643132712e+01
-2.946535532643132527e+01
-5.788472732643131735e+01
-4.999045732643131146e+01
-5.630587332643132470e+01
-4.051733332643131291e+01
-3.735962532643131340e+01
-3.578077132643132074e+01
-4.999045732643132567e+01
-1.999223132643132317e+01
-3.893847932643131315e+01
-2.157108532643132293e+01
-3.420191732643131388e+01
-2.946535532643131461e+01
-4.841160332643131881e+01
-3.578077132643132074e+01
-3.420191732643132809e+01
-6.104243532643131687e+01
-4.525389532643131929e+01
-3.893847932643132026e+01
-6.893670532643133697e+01
-4.683274932643132615e+01
-2.472879332643132244e+01
-4.051733332643132712e+01
-4.209618732643131978e+01
-4.051733332643132712e+01
-4.999045732643131146e+01
-4.367504132643132664e+01
-5.630587332643132470e+01
-3.262306332643131412e+01
-3.420191732643131388e+01
-5.946358132643131000e+01
-5.314816532643131097e+01
-4.999045732643132567e+01
-6.104243532643131687e+01
-4.999045732643132567e+01
-3.893847932643132026e+01
-5.946358132643132421e+01
-4.209618732643131978e+01
-3.735962532643132050e+01
-5.788472732643131735e+01
-3.893847932643131315e+01
-2.314993932643132624e+01
-3.893847932643131315e+01
-5.472701932643131784e+01
-3.893847932643131315e+01
-3.893847932643132026e+01
-4.999045732643132567e+01
-4.051733332643132712e+01
-3.893847932643132026e+01
-4.209618732643131978e+01
-4.525389532643131929e+01
-6.104243532643131687e+01
-3.578077132643132074e+01
-2.630764732643131509e+01
-4.209618732643131978e+01
-5.630587332643132470e+01
-4.209618732643131978e+01
-4.209618732643131978e+01
-4.525389532643131218e+01
-3.262306332643131412e+01
-4.051733332643132002e+01
-3.735962532643132050e+01
-4.999045732643131856e+01
-1.999223132643132317e+01
-4.999045732643132567e+01
-4.999045732643132567e+01
-3.104420932643131437e+01
-4.209618732643131267e+01
-3.893847932643132026e+01
-5.314816532643131097e+01
-1.367681532643132414e+01
-3.735962532643132761e+01
-3.578077132643132074e+01
-4.999045732643131146e+01
-2.788650132643132196e+01
-3.262306332643132123e+01
-4.841160332643131881e+01
-4.683274932643131194e+01
-5.314816532643132518e+01
-3.893847932643131315e+01
-5.314816532643131808e+01
-5.156931132643131122e+01
-3.893847932643132026e+01
-5.156931132643131832e+01
-4.841160332643131881e+01
-3.420191732643132099e+01
-5.472701932643131784e+01
-3.735962532643131340e+01
-3.735962532643132050e+01
-5.156931132643131832e+01
-4.367504132643131243e+01
-2.946535532643132527e+01
-5.946358132643131000e+01
-4.209618732643131267e+01
-6.262128932643130952e+01
-5.156931132643131832e+01
-4.367504132643131243e+01
-6.104243532643131687e+01
-3.893847932643131315e+01
-4.051733332643131291e+01
-3.104420932643132147e+01
-4.525389532643131929e+01
-2.472879332643132244e+01
-1.999223132643131606e+01
-6.262128932643130952e+01
-3.578077132643131364e+01
-2.946535532643132171e+01
-4.683274932643132615e+01
-4.367504132643131243e+01
-3.735962532643132761e+01
-4.841160332643131881e+01
-4.209618732643131978e+01
-4.841160332643131881e+01
-4.209618732643131267e+01
-4.525389532643131929e+01
-3.735962532643131340e+01
-4.051733332643132002e+01
-3.104420932643132147e+01
-3.104420932643131437e+01
-5.314816532643132518e+01
-4.525389532643131929e+01
-4.209618732643131267e+01
-2.630764732643132220e+01
-4.999045732643131146e+01
-4.683274932643132615e+01
-4.683274932643131194e+01
-3.893847932643132026e+01
-4.051733332643132002e+01
-1.525566932643132034e+01
-5.472701932643131784e+01
-4.999045732643131146e+01
-4.841160332643131881e+01
-3.104420932643131792e+01
-3.262306332643131412e+01
-4.841160332643131881e+01
-4.999045732643131146e+01
-4.999045732643132567e+01
-3.104420932643132147e+01
-4.683274932643132615e+01
-4.209618732643131978e+01
-3.104420932643132502e+01
-5.156931132643131832e+01
-4.209618732643131978e+01
-2.788650132643131485e+01
-5.946358132643132421e+01
-4.051733332643131291e+01
-4.051733332643131291e+01
-3.420191732643132099e+01
-3.420191732643132099e+01
-4.683274932643132615e+01
-3.893847932643132026e+01
-2.946535532643132171e+01
-3.578077132643132074e+01
-1.525566932643132390e+01
-4.209618732643131978e+01
-5.314816532643131097e+01
-4.999045732643131146e+01
-5.314816532643132518e+01
-2.788650132643131485e+01
-2.157108532643132293e+01
-4.209618732643131267e+01
-2.946535532643132527e+01
-4.367504132643131243e+01
-4.841160332643131881e+01
-5.314816532643131097e+01
-3.735962532643131340e+01
-3.262306332643132123e+01
-5.314816532643131097e+01
-4.209618732643131267e+01
-5.314816532643131097e+01
-4.683274932643131194e+01
-3.420191732643131388e+01
-4.367504132643131243e+01
-2.630764732643131509e+01
-2.946535532643131816e+01
-6.577899732643133746e+01
-2.946535532643132171e+01
-3.893847932643132026e+01
-4.999045732643132567e+01
-5.314816532643131097e+01
-5.156931132643131832e+01
-4.999045732643131146e+01
-2.788650132643132196e+01
-4.683274932643132615e+01
-3.735962532643131340e+01
-3.420191732643131388e+01
-4.683274932643131194e+01
-4.209618732643131978e+01
-5.314816532643132518e+01
-4.683274932643131194e+01
-5.156931132643131832e+01
-2.630764732643131509e+01
-5.946358132643131000e+01
-6.420014332643131638e+01
-5.314816532643131097e+01
-3.104420932643132502e+01
-4.841160332643131881e+01
-4.367504132643131243e+01
-4.367504132643131243e+01
-3.262306332643132123e+01
-4.367504132643131953e+01
-5.630587332643131049e+01
-4.367504132643131243e+01
-2.788650132643132196e+01
-4.209618732643131978e+01
-4.209618732643131978e+01
-5.314816532643131097e+01
-4.841160332643131170e+01
-5.314816532643132518e+01
-4.525389532643131929e+01
-5.946358132643131000e+01
-6.577899732643133746e+01
-4.525389532643131218e+01
-4.841160332643131881e+01
-3.578077132643132074e+01
-4.367504132643132664e+01
-3.104420932643132502e+01
-6.420014332643131638e+01
-3.420191732643131388e+01
-5.630587332643131049e+01
-4.841160332643131881e+01
-4.051733332643131291e+01
-3.420191732643132099e+01
-3.262306332643131412e+01
-3.735962532643132050e+01
-4.525389532643131929e+01
-5.472701932643131784e+01
-4.367504132643131953e+01
-3.578077132643131364e+01
-3.420191732643132099e+01
-3.420191732643132099e+01
-2.946535532643132171e+01
-5.630587332643132470e+01
-3.262306332643132123e+01
-5.630587332643131049e+01
-3.420191732643131388e+01
-4.209618732643131267e+01
-4.051733332643132002e+01
-4.999045732643131856e+01
-2.946535532643132171e+01
-3.735962532643132050e+01
-4.525389532643131929e+01
-5.156931132643131832e+01
-4.209618732643131978e+01
-3.420191732643131388e+01
-4.683274932643131194e+01
-4.999045732643131146e+01
-4.999045732643131146e+01
-3.893847932643131315e+01
-3.893847932643132026e+01
-4.367504132643132664e+01
-2.472879332643131534e+01
-6.420014332643131638e+01
-5.314816532643131097e+01
-3.735962532643132050e+01
-3.420191732643132099e+01
-4.051733332643131291e+01
-2.472879332643132599e+01
-2.314993932643131558e+01
-5.156931132643131832e+01
-5.156931132643131832e+01
-2.788650132643132196e+01
-5.472701932643131784e+01
-4.841160332643131881e+01
-3.262306332643132123e+01
-3.104420932643131437e+01
-3.893847932643132026e+01
-2.472879332643131889e+01
-4.051733332643131291e+01
-4.051733332643132002e+01
-4.367504132643131243e+01
-4.051733332643131291e+01
-2.630764732643131509e+01
-6.420014332643131638e+01
-2.157108532643132648e+01
-5.472701932643131784e+01
-4.841160332643131170e+01
-4.367504132643131243e+01
-4.367504132643131243e+01
-5.788472732643131735e+01
-2.157108532643132293e+01
-3.578077132643132074e+01
-3.893847932643132026e+01
-3.420191732643132099e+01
-4.051733332643132712e+01
-2.946535532643132171e+01
-4.841160332643131881e+01
-2.314993932643131558e+01
-3.893847932643132026e+01
-5.314816532643131097e+01
-4.683274932643132615e+01
-3.893847932643132026e+01
-4.683274932643132615e+01
-4.683274932643132615e+01
-3.104420932643132147e+01
-4.683274932643132615e+01
-5.156931132643131832e+01
-4.999045732643132567e+01
-5.314816532643131097e+01
-4.209618732643131978e+01
-3.578077132643132074e+01
-4.999045732643131856e+01
-4.525389532643131929e+01
-3.578077132643132074e+01
-3.735962532643131340e+01
-4.999045732643131146e+01
-4.683274932643131194e+01
-4.209618732643131267e+01
-3.104420932643132147e+01
-4.999045732643132567e+01
-2.630764732643132220e+01
-5.472701932643131784e+01
-2.472879332643132244e+01
-3.893847932643132026e+01
-3.735962532643131340e+01
-1.683452332643132365e+01
-3.420191732643131388e+01
-5.314816532643131097e+01
-4.525389532643131929e+01
-4.209618732643131267e+01
-5.946358132643131000e+01
-3.735962532643131340e+01
-4.999045732643131146e+01
-3.420191732643131388e+01
-3.262306332643132123e+01
-4.525389532643131218e+01
-2.788650132643131840e+01
-3.262306332643132123e+01
-4.683274932643132615e+01
-4.367504132643131243e+01
-2.946535532643131816e+01
-2.946535532643132171e+01
-4.209618732643131978e+01
-2.788650132643132196e+01
-5.472701932643131784e+01
-3.104420932643131437e+01
-3.735962532643131340e+01
-3.578077132643131364e+01
-3.735962532643131340e+01
-4.841160332643131881e+01
-4.683274932643131194e+01
-4.683274932643132615e+01
-2.314993932643131558e+01
-5.156931132643131832e+01
-4.525389532643131929e+01
-5.314816532643132518e+01
-3.893847932643132026e+01
-5.630587332643131049e+01
-4.683274932643131905e+01
-2.157108532643131582e+01
-3.420191732643131388e+01
-4.051733332643131291e+01
-4.683274932643131194e+01
-4.999045732643131146e+01
-3.735962532643131340e+01
-4.683274932643132615e+01
-3.735962532643132050e+01
-4.051733332643131291e+01
-5.314816532643131097e+01
-3.262306332643132123e+01
-3.578077132643132074e+01
-4.367504132643132664e+01
-5.314816532643132518e+01
-3.893847932643132026e+01
-4.999045732643131856e+01
-2.788650132643132196e+01
-4.367504132643131243e+01
-5.314816532643131097e+01
-3.262306332643132123e+01
-3.262306332643132123e+01
-4.367504132643132664e+01
-5.946358132643132421e+01
-4.209618732643131978e+01
-5.156931132643131122e+01
-4.525389532643131929e+01
-2.788650132643131485e+01
-3.578077132643131364e+01
-4.999045732643131146e+01
-4.367504132643131953e+01
-4.841160332643131881e+01
-4.683274932643131905e+01
-3.262306332643131412e+01
-5.314816532643131097e+01
-2.946535532643132171e+01
-4.999045732643131146e+01
-4.841160332643131170e+01
-4.209618732643131978e+01
-3.420191732643131388e+01
-2.157108532643132293e+01
-4.999045732643131146e+01
-2.472879332643131534e+01
-4.999045732643131146e+01
-5.630587332643131049e+01
-3.104420932643131437e+01
-4.051733332643131291e+01
-5.156931132643131122e+01
-5.472701932643132494e+01
-2.946535532643131816e+01
-5.156931132643131832e+01
-4.525389532643131929e+01
-3.262306332643131412e+01
-4.051733332643131291e+01
-4.051733332643131291e+01
-5.788472732643131735e+01
-3.893847932643132026e+01
-5.472701932643131784e+01
-3.104420932643132147e+01
-3.893847932643132026e+01
-3.104420932643132147e+01
-3.735962532643132050e+01
-4.209618732643131978e+01
-3.104420932643132502e+01
-3.735962532643131340e+01
-3.893847932643131315e+01
-4.999045732643132567e+01
-4.051733332643132002e+01
-5.156931132643131832e+01
-5.156931132643131832e+01
-2.314993932643132268e+01
-4.683274932643132615e+01
-2.630764732643132220e+01
-4.367504132643131953e+01
-3.735962532643132050e+01
-4.051733332643131291e+01
-2.314993932643132268e+01
-5.472701932643131784e+01
-5.472701932643131784e+01
-5.630587332643131049e+01
-4.999045732643132567e+01
-3.578077132643132074e+01
-4.051733332643131291e+01
-4.209618732643131978e+01
-6.420014332643131638e+01
-5.788472732643131735e+01
-4.683274932643132615e+01
-4.367504132643131243e+01
-4.367504132643131243e+01
-5.630587332643132470e+01
-3.893847932643131315e+01
-4.525389532643131929e+01
-3.735962532643131340e+01
-4.841160332643131881e+01
-7.051555932643131541e+01
-3.893847932643132026e+01
-3.262306332643132123e+01
-3.893847932643132026e+01
-5.314816532643131097e+01
-4.051733332643132002e+01
-4.051733332643131291e+01
-4.525389532643131218e+01
-1.209796132643132083e+01
-2.630764732643132575e+01
-4.525389532643131929e+01
-5.472701932643131784e+01
-2.630764732643132220e+01
-5.946358132643132421e+01
-3.104420932643131437e+01
-3.262306332643132123e+01
-3.420191732643132099e+01
-4.367504132643131953e+01
-4.209618732643131978e+01
-3.262306332643132123e+01
-3.420191732643131388e+01
-3.578077132643131364e+01
-5.156931132643131832e+01
-5.788472732643131735e+01
-3.262306332643132123e+01
-5.472701932643131784e+01
-2.630764732643132575e+01
-3.735962532643132761e+01
-3.893847932643132026e+01
-3.893847932643132026e+01
-3.420191732643132809e+01
-4.841160332643131170e+01
-5.946358132643131000e+01
-1.841337732643132341e+01
-5.314816532643131097e+01
-3.578077132643132074e+01
-3.735962532643131340e+01
-4.683274932643131905e+01
-4.051733332643132712e+01
-2.472879332643131534e+01
-5.156931132643131832e+01
-4.051733332643131291e+01
-3.893847932643132026e+01
-3.893847932643132026e+01
-3.893847932643131315e+01
-2.946535532643131816e+01
-5.156931132643131122e+01
-3.420191732643131388e+01
-4.367504132643131243e+01
-2.788650132643132196e+01
-6.577899732643132324e+01
-3.735962532643131340e+01
-3.735962532643132050e+01
-4.367504132643132664e+01
-3.735962532643131340e+01
-3.893847932643131315e+01
-3.262306332643132123e+01
-3.893847932643132026e+01
-4.841160332643131881e+01
-3.735962532643131340e+01
-4.367504132643131243e+01
-3.420191732643132809e+01
-5.472701932643131784e+01
-2.946535532643132171e+01
-3.104420932643132147e+01
-5.156931132643131832e+01
-3.104420932643132147e+01
-4.051733332643131291e+01
-3.578077132643131364e+01
-4.209618732643131978e+01
-3.893847932643131315e+01
-3.735962532643131340e+01
-2.472879332643131534e+01
-4.367504132643132664e+01
-3.578077132643132074e+01
-5.472701932643131784e+01
-3.735962532643131340e+01
-5.314816532643131097e+01
-4.683274932643132615e+01
-1.525566932643131679e+01
-4.367504132643132664e+01
-1.051910732643131752e+01
-4.999045732643131146e+01
-3.578077132643131364e+01
-2.788650132643131485e+01
-4.209618732643131978e+01
-4.683274932643132615e+01
-4.525389532643131929e+01
-3.578077132643132074e+01
-3.735962532643132050e+01
-3.893847932643132026e+01
-2.946535532643132527e+01
-4.525389532643131929e+01
-4.841160332643131881e+01
-2.946535532643131816e+01
-4.525389532643131929e+01
-4.209618732643131978e+01
-4.051733332643131291e+01
-5.788472732643131735e+01
-2.630764732643132575e+01
-2.946535532643132171e+01
-4.209618732643131267e+01
-1.999223132643132317e+01
-4.683274932643131194e+01
-4.209618732643131978e+01
-4.367504132643131953e+01
-2.157108532643132293e+01
-3.735962532643131340e+01
-2.157108532643132293e+01
-6.735785132643131590e+01
-4.367504132643132664e+01
-4.051733332643132712e+01
-4.051733332643131291e+01
-4.525389532643131929e+01
-3.735962532643132050e+01
-1.841337732643131631e+01
-4.051733332643132712e+01
-3.104420932643132147e+01
-3.735962532643132050e+01
-4.999045732643132567e+01
-3.578077132643131364e+01
-4.683274932643132615e+01
-5.156931132643131832e+01
-4.525389532643131929e+01
-2.157108532643132293e+01
-3.420191732643131388e+01
-3.104420932643131437e+01
-5.472701932643131784e+01
-5.630587332643132470e+01
-2.946535532643131461e+01
-4.209618732643131267e+01
-4.051733332643132002e+01
-6.420014332643131638e+01
-3.104420932643132502e+01
-4.367504132643131953e+01
-5.314816532643131097e+01
-3.104420932643132147e+01
-4.841160332643131881e+01
-5.156931132643131832e+01
-3.420191732643131388e+01
-5.630587332643131049e+01
-6.420014332643131638e+01
-4.209618732643131978e+01
-3.578077132643132074e+01
-4.683274932643131194e+01
-3.893847932643131315e+01
-4.525389532643131218e+01
-4.683274932643131905e+01
-4.525389532643131929e+01
-4.367504132643131953e+01
-2.946535532643131816e+01
-4.525389532643131218e+01
-2.630764732643131509e+01
-6.262128932643132373e+01
-3.893847932643131315e+01
-5.630587332643132470e+01
-3.262306332643132123e+01
-5.314816532643131097e+01
-3.735962532643131340e+01
-4.999045732643131146e+01
-4.209618732643131267e+01
-2.946535532643132171e+01
-3.893847932643132026e+01
-4.999045732643131856e+01
-3.104420932643132147e+01
-4.209618732643131978e+01
-5.156931132643131832e+01
-3.262306332643132123e+01
-4.841160332643131170e+01
-3.104420932643132502e+01
-2.788650132643132551e+01
-3.104420932643131437e+01
-3.735962532643131340e+01
-4.525389532643131218e+01
-3.578077132643132074e+01
-4.525389532643131929e+01
-3.104420932643131792e+01
-3.735962532643131340e+01
-4.051733332643132712e+01
-3.262306332643132123e+01
-5.472701932643131784e+01
-4.051733332643131291e+01
-3.735962532643132050e+01
-4.209618732643131978e+01
-3.578077132643131364e+01
-4.999045732643131146e+01
-4.999045732643131856e+01
-4.525389532643131929e+01
-2.157108532643131582e+01
-4.051733332643132002e+01
-3.893847932643132026e+01
-2.472879332643132599e+01
-3.735962532643131340e+01
-3.578077132643132074e+01
-3.104420932643132502e+01
-1.841337732643132341e+01
-4.841160332643131881e+01
-2.788650132643132196e+01
-5.630587332643132470e+01
-2.630764732643132220e+01
-4.999045732643131146e+01
-1.683452332643132365e+01
-3.262306332643131412e+01
-5.472701932643131784e+01
-3.104420932643131792e+01
-4.051733332643131291e+01
-5.630587332643132470e+01
-3.420191732643131388e+01
-3.420191732643132099e+01
-3.735962532643131340e+01
-3.735962532643132050e+01
-4.209618732643131978e+01
-5.630587332643131049e+01
-4.209618732643131978e+01
-4.683274932643131194e+01
-4.209618732643131978e+01
-4.999045732643131146e+01
-4.051733332643132002e+01
-2.788650132643132196e+01
-3.578077132643131364e+01
-3.262306332643132123e+01
-2.630764732643132220e+01
-3.262306332643131412e+01
-4.525389532643131929e+01
-4.841160332643131881e+01
-1.367681532643132059e+01
-5.788472732643131735e+01
-3.262306332643131412e+01
-3.893847932643131315e+01
-4.209618732643131978e+01
-2.157108532643131582e+01
-2.788650132643132196e+01
-1.841337732643132341e+01
-4.841160332643131881e+01
-4.525389532643131929e+01
-4.525389532643131929e+01
-2.788650132643132196e+01
-3.893847932643132026e+01
-3.893847932643131315e+01
-3.735962532643131340e+01
-3.104420932643131792e+01
-5.314816532643132518e+01
-3.578077132643131364e+01
-1.683452332643132365e+01
-4.841160332643131170e+01
-2.788650132643132196e+01
-4.051733332643131291e+01
-2.946535532643132171e+01
-4.209618732643131978e+01
-4.367504132643131243e+01
-4.683274932643132615e+01
-5.630587332643132470e+01
-1.841337732643132341e+01
-3.578077132643131364e+01
-3.262306332643131412e+01
-4.683274932643131194e+01
-5.156931132643131832e+01
-3.262306332643132123e+01
-3.893847932643132026e+01
-1.683452332643132365e+01
-4.209618732643131978e+01
-2.788650132643132196e+01
-6.262128932643132373e+01
-4.841160332643131881e+01
-3.420191732643132099e+01
-3.893847932643132026e+01
-5.237772142279492016e+01
-1.865803114227948925e+02
-2.395834942279492452e+01
-2.080064142279492501e+01
-4.448345142279491427e+01
-4.606230542279492113e+01
-7.606053142279492363e+01
-5.869313742279492629e+01
-5.237772142279492016e+01
-6.658740742279491087e+01
-5.553542942279491257e+01
-6.342969942279491846e+01
-7.921823942279490893e+01
-5.395657542279492702e+01
-3.974688942279492210e+01
-6.500855342279491822e+01
-7.290282342279490990e+01
-4.922001342279492064e+01
-5.869313742279492629e+01
-4.764115942279492089e+01
-6.027199142279492605e+01
-7.290282342279492411e+01
-8.395480142279491531e+01
-5.553542942279491967e+01
-7.921823942279490893e+01
-5.553542942279491967e+01
-5.395657542279492702e+01
-5.869313742279492629e+01
-6.816626142279493195e+01
-5.869313742279491208e+01
-6.974511542279492460e+01
-7.763938542279491628e+01
-9.342792542279491386e+01
-6.342969942279491136e+01
-6.027199142279491184e+01
-7.132396942279491725e+01
-3.974688942279492210e+01
-6.185084542279493292e+01
-4.922001342279492775e+01
-5.553542942279492678e+01
-8.079709342279491580e+01
-5.869313742279491919e+01
-7.606053142279490942e+01
-4.606230542279492113e+01
-5.711428342279491233e+01
-4.922001342279492064e+01
-5.237772142279492016e+01
-6.027199142279492605e+01
-5.553542942279491967e+01
-7.132396942279491725e+01
-5.869313742279492629e+01
-6.027199142279491895e+01
-7.921823942279490893e+01
-6.974511542279492460e+01
-5.869313742279491919e+01
-6.342969942279491846e+01
-5.711428342279491233e+01
-5.711428342279491943e+01
-6.185084542279491870e+01
-5.711428342279492654e+01
-6.342969942279491846e+01
-5.237772142279492016e+01
-5.711428342279492654e+01
-6.500855342279493243e+01
-6.185084542279492581e+01
-5.553542942279491967e+01
-3.974688942279492920e+01
-6.974511542279491039e+01
-6.185084542279493292e+01
-5.711428342279492654e+01
-5.711428342279492654e+01
-6.185084542279491160e+01
-7.290282342279490990e+01
-4.290459742279492161e+01
-6.342969942279491136e+01
-6.185084542279491870e+01
-5.711428342279492654e+01
-5.079886742279492040e+01
-6.500855342279491822e+01
-6.816626142279491773e+01
-5.395657542279491992e+01
-7.763938542279491628e+01
-5.553542942279491967e+01
-7.132396942279491725e+01
-6.500855342279491822e+01
-7.763938542279493049e+01
-6.185084542279491870e+01
-5.553542942279492678e+01
-4.922001342279493485e+01
-4.922001342279492064e+01
-7.290282342279490990e+01
-4.922001342279492064e+01
-6.658740742279492508e+01
-5.079886742279492040e+01
-5.553542942279491967e+01
-5.869313742279492629e+01
-6.342969942279491846e+01
-6.342969942279491846e+01
-6.185084542279492581e+01
-6.027199142279491184e+01
-5.553542942279493388e+01
-5.237772142279492726e+01
-6.342969942279491846e+01
-6.342969942279491136e+01
-7.448167742279493098e+01
-7.132396942279490304e+01
-6.974511542279492460e+01
-4.132574342279492896e+01
-5.395657542279491281e+01
-6.185084542279491870e+01
-5.869313742279491208e+01
-4.922001342279492064e+01
-6.185084542279491870e+01
-6.658740742279491087e+01
-6.027199142279492605e+01
-5.869313742279491919e+01
-6.342969942279492557e+01
-7.290282342279490990e+01
-5.711428342279491943e+01
-7.448167742279491677e+01
-5.395657542279492702e+01
-6.500855342279491822e+01
-6.185084542279493292e+01
-7.290282342279492411e+01
-7.606053142279492363e+01
-3.974688942279492210e+01
-5.711428342279492654e+01
-5.711428342279492654e+01
-7.132396942279490304e+01
-5.869313742279491919e+01
-6.342969942279491136e+01
-5.869313742279491919e+01
-6.027199142279491895e+01
-6.974511542279491039e+01
-5.237772142279492016e+01
-6.342969942279491136e+01
-5.711428342279492654e+01
-6.500855342279493243e+01
-8.237594742279489424e+01
-5.711428342279491943e+01
-6.185084542279491870e+01
-7.448167742279491677e+01
-7.448167742279491677e+01
-4.132574342279492186e+01
-4.764115942279492089e+01
-6.658740742279491087e+01
-5.553542942279491967e+01
-7.132396942279490304e+01
-7.763938542279491628e+01
-5.237772142279492726e+01
-6.342969942279491136e+01
-4.922001342279492064e+01
-5.869313742279491919e+01
-4.290459742279492872e+01
-6.974511542279491039e+01
-7.763938542279491628e+01
-4.922001342279493485e+01
-5.395657542279492702e+01
-7.132396942279491725e+01
-4.922001342279492064e+01
-5.237772142279492016e+01
-6.027199142279491895e+01
-7.290282342279490990e+01
-7.290282342279490990e+01
-4.922001342279492064e+01
-6.974511542279492460e+01
-7.132396942279491725e+01
-7.132396942279493146e+01
-7.606053142279490942e+01
-5.553542942279491967e+01
-5.553542942279492678e+01
-5.553542942279491967e+01
-6.185084542279491870e+01
-5.553542942279492678e+01
-7.921823942279490893e+01
-4.764115942279492799e+01
-5.079886742279491330e+01
-4.922001342279492064e+01
-6.027199142279492605e+01
-5.237772142279492016e+01
-6.816626142279491773e+01
-5.553542942279491967e+01
-5.237772142279493437e+01
-6.027199142279492605e+01
-5.395657542279492702e+01
-6.816626142279491773e+01
-5.553542942279491967e+01
-3.816803542279492234e+01
-4.290459742279492872e+01
-5.237772142279492016e+01
-6.185084542279492581e+01
-6.658740742279492508e+01
-6.342969942279492557e+01
-4.448345142279492848e+01
-6.500855342279491822e+01
-7.290282342279490990e+01
-7.290282342279492411e+01
-7.132396942279490304e+01
-5.869313742279493340e+01
-5.237772142279492016e+01
-5.079886742279492040e+01
-6.342969942279492557e+01
-6.816626142279491773e+01
-5.553542942279492678e+01
-4.290459742279493582e+01
-5.553542942279491967e+01
-6.974511542279491039e+01
-7.448167742279491677e+01
-5.869313742279492629e+01
-6.342969942279491136e+01
-6.500855342279493243e+01
-6.027199142279491184e+01
-5.395657542279491992e+01
-5.395657542279491992e+01
-3.658918142279492258e+01
-8.079709342279491580e+01
-6.027199142279492605e+01
-5.395657542279491992e+01
-5.079886742279492751e+01
-7.132396942279493146e+01
-6.974511542279492460e+01
-7.448167742279491677e+01
-6.816626142279491773e+01
-5.711428342279492654e+01
-6.816626142279491773e+01
-5.395657542279491992e+01
-5.079886742279492751e+01
-5.395657542279491992e+01
-5.869313742279491919e+01
-5.711428342279491943e+01
-5.869313742279492629e+01
-6.974511542279492460e+01
-5.395657542279491992e+01
-7.763938542279490207e+01
-4.922001342279492064e+01
-7.290282342279490990e+01
-4.606230542279492823e+01
-5.237772142279492726e+01
-5.711428342279492654e+01
-6.342969942279491846e+01
-6.185084542279491160e+01
-3.501032742279492993e+01
-7.132396942279491725e+01
-6.027199142279491895e+01
-7.606053142279492363e+01
-6.027199142279491895e+01
-6.027199142279492605e+01
-6.658740742279491087e+01
-7.132396942279491725e+01
-6.974511542279491039e+01
-6.342969942279491136e+01
-6.816626142279491773e+01
-6.500855342279493243e+01
-6.500855342279493243e+01
-7.606053142279492363e+01
-5.553542942279491967e+01
-6.342969942279491136e+01
-5.079886742279492751e+01
-4.606230542279492823e+01
-4.606230542279492113e+01
-6.342969942279491846e+01
-6.500855342279491822e+01
-6.974511542279491039e+01
-5.079886742279492040e+01
-4.290459742279492872e+01
-4.764115942279492799e+01
-5.869313742279491919e+01
-6.185084542279492581e+01
-6.658740742279492508e+01
-5.711428342279491943e+01
-7.606053142279492363e+01
-6.027199142279492605e+01
-7.290282342279490990e+01
-6.658740742279491087e+01
-7.290282342279492411e+01
-6.974511542279491039e+01
-7.132396942279491725e+01
-6.500855342279491822e+01
-5.711428342279492654e+01
-5.079886742279492751e+01
-4.922001342279492775e+01
-6.342969942279491846e+01
-7.763938542279491628e+01
-7.132396942279493146e+01
-4.922001342279492064e+01
-6.816626142279491773e+01
-7.132396942279490304e+01
-4.764115942279492799e+01
-7.290282342279490990e+01
-5.079886742279492751e+01
-6.342969942279492557e+01
-6.500855342279490401e+01
-5.237772142279492016e+01
-5.869313742279492629e+01
-5.395657542279492702e+01
-5.869313742279492629e+01
-4.764115942279492799e+01
-5.079886742279492751e+01
-5.237772142279492016e+01
-5.869313742279491919e+01
-6.027199142279491184e+01
-7.290282342279492411e+01
-7.290282342279492411e+01
-6.816626142279493195e+01
-6.974511542279491039e+01
-6.342969942279491846e+01
-6.027199142279492605e+01
-7.132396942279491725e+01
-6.816626142279493195e+01
-6.027199142279491895e+01
-6.974511542279492460e+01
-7.448167742279491677e+01
-6.342969942279492557e+01
-8.553365542279492217e+01
-6.658740742279491087e+01
-6.027199142279491184e+01
-6.342969942279491846e+01
-6.500855342279491822e+01
-6.816626142279491773e+01
-6.974511542279492460e+01
-9.027021742279492855e+01
-5.869313742279492629e+01
-5.553542942279492678e+01
-4.922001342279492064e+01
-6.658740742279491087e+01
-6.816626142279491773e+01
-5.395657542279492702e+01
-7.606053142279492363e+01
-5.079886742279492040e+01
-8.711250942279490062e+01
-7.448167742279491677e+01
-7.132396942279490304e+01
-4.922001342279492775e+01
-7.606053142279492363e+01
-4.132574342279492896e+01
-6.500855342279491822e+01
-6.974511542279492460e+01
-5.553542942279492678e+01
-6.816626142279491773e+01
-4.132574342279492896e+01
-6.500855342279491822e+01
-6.816626142279491773e+01
-7.132396942279491725e+01
-5.553542942279492678e+01
-5.079886742279492040e+01
-7.448167742279491677e+01
-6.185084542279491870e+01
-8.237594742279492266e+01
-6.027199142279491895e+01
-6.342969942279491846e+01
-5.237772142279493437e+01
-7.448167742279493098e+01
-6.342969942279491846e+01
-6.342969942279491846e+01
-5.711428342279491943e+01
-6.342969942279492557e+01
-6.027199142279491895e+01
-5.079886742279492751e+01
-6.027199142279491895e+01
-7.448167742279491677e+01
-5.237772142279493437e+01
-6.658740742279491087e+01
-4.448345142279492848e+01
-7.290282342279492411e+01
-6.658740742279492508e+01
-5.869313742279492629e+01
-7.448167742279491677e+01
-6.185084542279492581e+01
-6.342969942279491136e+01
-6.342969942279491846e+01
-7.763938542279491628e+01
-4.764115942279492799e+01
-7.606053142279490942e+01
-7.132396942279491725e+01
-5.079886742279492751e+01
-6.342969942279492557e+01
-6.185084542279491160e+01
-6.342969942279491846e+01
-7.763938542279491628e+01
-7.763938542279491628e+01
-5.553542942279491967e+01
-6.500855342279491822e+01
-6.974511542279492460e+01
-5.711428342279492654e+01
-8.237594742279492266e+01
-5.237772142279492016e+01
-6.974511542279491039e+01
-5.395657542279491992e+01
-6.816626142279493195e+01
-5.711428342279491943e+01
-6.500855342279491822e+01
-7.132396942279490304e+01
-5.711428342279492654e+01
-7.132396942279490304e+01
-7.132396942279491725e+01
-4.290459742279493582e+01
-4.448345142279492137e+01
-6.342969942279491136e+01
-7.448167742279491677e+01
-6.342969942279492557e+01
-6.500855342279490401e+01
-5.553542942279491967e+01
-6.658740742279491087e+01
-6.185084542279491870e+01
-6.816626142279493195e+01
-6.658740742279491087e+01
-7.921823942279490893e+01
-7.763938542279490207e+01
-5.711428342279492654e+01
-4.606230542279492113e+01
-6.185084542279491870e+01
-7.448167742279491677e+01
-6.342969942279491846e+01
-6.027199142279492605e+01
-6.185084542279491870e+01
-6.342969942279491846e+01
-4.606230542279492113e+01
-6.974511542279491039e+01
-6.027199142279491184e+01
-5.079886742279492040e+01
-6.974511542279491039e+01
-6.974511542279492460e+01
-5.395657542279491992e+01
-7.132396942279491725e+01
-6.974511542279492460e+01
-5.237772142279492726e+01
-4.764115942279492799e+01
-8.237594742279490845e+01
-6.974511542279491039e+01
-8.079709342279491580e+01
-7.132396942279491725e+01
-6.342969942279491846e+01
-4.448345142279492848e+01
-4.764115942279491378e+01
-7.132396942279490304e+01
-5.237772142279492726e+01
-6.974511542279491039e+01
-8.553365542279492217e+01
-5.395657542279491992e+01
-7.132396942279493146e+01
-2.869491142279490958e+01
-6.974511542279492460e+01
-6.658740742279491087e+01
-7.763938542279491628e+01
-2.869491142279492735e+01
-8.553365542279492217e+01
-6.658740742279492508e+01
-5.869313742279491919e+01
-6.974511542279491039e+01
-4.606230542279491402e+01
-6.658740742279491087e+01
-5.553542942279491967e+01
-7.921823942279490893e+01
-5.237772142279492016e+01
-7.448167742279493098e+01
-5.869313742279491919e+01
-6.658740742279492508e+01
-8.553365542279492217e+01
-6.027199142279492605e+01
-9.027021742279491434e+01
-4.448345142279492137e+01
-6.500855342279491822e+01
-5.711428342279491943e+01
-6.342969942279492557e+01
-7.132396942279493146e+01
-6.185084542279491870e+01
-7.606053142279490942e+01
-4.922001342279492775e+01
-4.448345142279492848e+01
-6.816626142279491773e+01
-7.921823942279492314e+01
-6.658740742279492508e+01
-5.079886742279492751e+01
-6.816626142279491773e+01
-5.711428342279492654e+01
-7.448167742279491677e+01
-4.922001342279492064e+01
-6.500855342279490401e+01
-6.342969942279491846e+01
-6.500855342279490401e+01
-6.342969942279492557e+01
-6.816626142279491773e+01
-7.448167742279491677e+01
-3.974688942279492210e+01
-7.132396942279491725e+01
-5.079886742279492751e+01
-4.922001342279492775e+01
-7.606053142279490942e+01
-5.869313742279491919e+01
-8.237594742279492266e+01
-4.606230542279492823e+01
-6.816626142279493195e+01
-4.448345142279492137e+01
-6.658740742279492508e+01
-4.922001342279492775e+01
-9.658563342279491337e+01
-6.185084542279491870e+01
-6.500855342279491822e+01
-5.869313742279491919e+01
-4.764115942279491378e+01
-6.027199142279491895e+01
-6.974511542279492460e+01
-5.869313742279493340e+01
-6.027199142279491895e+01
-5.237772142279492726e+01
-7.921823942279492314e+01
-5.553542942279491967e+01
-7.448167742279491677e+01
-4.290459742279492161e+01
-6.185084542279491870e+01
-5.869313742279491919e+01
-6.816626142279493195e+01
-6.342969942279492557e+01
-6.658740742279492508e+01
-7.606053142279492363e+01
-3.185261942279493397e+01
-6.658740742279492508e+01
-6.974511542279492460e+01
-5.869313742279491208e+01
-3.816803542279492234e+01
-5.869313742279492629e+01
-6.185084542279492581e+01
-7.921823942279492314e+01
-7.763938542279491628e+01
-5.079886742279492751e+01
-6.185084542279491870e+01
-6.816626142279491773e+01
-6.027199142279491184e+01
-6.500855342279491822e+01
-5.237772142279492016e+01
-6.185084542279491870e+01
-4.132574342279492896e+01
-5.395657542279492702e+01
-5.237772142279492726e+01
-6.816626142279491773e+01
-7.290282342279492411e+01
-6.027199142279492605e+01
-6.816626142279493195e+01
-4.922001342279492775e+01
-7.763938542279491628e+01
-5.553542942279491967e+01
-6.816626142279491773e+01
-6.816626142279491773e+01
-5.711428342279492654e+01
-8.237594742279490845e+01
-5.869313742279493340e+01
-5.869313742279491919e+01
-4.606230542279492113e+01
-7.132396942279491725e+01
-6.342969942279491846e+01
-6.027199142279492605e+01
-6.027199142279492605e+01
-5.237772142279492016e+01
-8.395480142279492952e+01
-3.974688942279493631e+01
-8.237594742279492266e+01
-6.658740742279492508e+01
-7.921823942279492314e+01
-6.342969942279491846e+01
-7.448167742279491677e+01
-6.974511542279492460e+01
-7.132396942279491725e+01
-7.921823942279492314e+01
-5.079886742279492040e+01
-5.711428342279491943e+01
-6.185084542279491870e+01
-7.132396942279491725e+01
-7.448167742279491677e+01
-5.711428342279492654e+01
-5.079886742279492040e+01
-6.342969942279491136e+01
-5.711428342279491943e+01
-6.816626142279493195e+01
-6.500855342279493243e+01
-7.132396942279493146e+01
-5.869313742279491919e+01
-5.869313742279493340e+01
-5.869313742279491919e+01
-6.974511542279492460e+01
-5.711428342279492654e+01
-6.500855342279491822e+01
-5.553542942279491967e+01
-5.869313742279492629e+01
-8.237594742279492266e+01
-3.501032742279492993e+01
-6.816626142279491773e+01
-6.185084542279491160e+01
-7.763938542279491628e+01
-6.185084542279491870e+01
-7.132396942279491725e+01
-6.185084542279491870e+01
-6.974511542279491039e+01
-4.764115942279492799e+01
-6.816626142279493195e+01
-5.711428342279491943e+01
-5.869313742279493340e+01
-7.132396942279491725e+01
-6.185084542279491160e+01
-7.290282342279492411e+01
-4.764115942279492799e+01
-6.027199142279491895e+01
-5.869313742279491919e+01
-5.553542942279491967e+01
-6.658740742279491087e+01
-6.500855342279490401e+01
-7.763938542279491628e+01
-6.658740742279492508e+01
-8.237594742279490845e+01
-5.711428342279491233e+01
-6.185084542279491870e+01
-7.606053142279492363e+01
-7.606053142279492363e+01
-6.342969942279491136e+01
-5.237772142279492016e+01
-7.763938542279491628e+01
-4.606230542279492113e+01
-6.974511542279491039e+01
-6.185084542279491870e+01
-3.974688942279492210e+01
-9.184907142279492120e+01
-6.500855342279491822e+01
-5.553542942279491257e+01
-6.658740742279492508e+01
-6.816626142279491773e+01
-6.658740742279491087e+01
-6.974511542279491039e+01
-6.342969942279491846e+01
-5.711428342279491943e+01
-7.132396942279491725e+01
-6.658740742279491087e+01
-7.763938542279491628e+01
-7.132396942279490304e+01
-6.342969942279491846e+01
-7.448167742279491677e+01
-5.079886742279492040e+01
-7.606053142279490942e+01
-7.448167742279493098e+01
-8.079709342279491580e+01
-5.395657542279491992e+01
-5.553542942279491967e+01
-6.974511542279491039e+01
-7.606053142279490942e+01
-5.395657542279492702e+01
-7.763938542279491628e+01
-6.185084542279491870e+01
-6.185084542279491870e+01
-7.132396942279491725e+01
-6.342969942279491846e+01
-6.027199142279491895e+01
-6.974511542279491039e+01
-6.342969942279492557e+01
-6.658740742279492508e+01
-5.711428342279491233e+01
-7.132396942279491725e+01
-8.395480142279491531e+01
-5.869313742279491919e+01
-6.500855342279493243e+01
-6.185084542279491870e+01
-6.974511542279491039e+01
-4.606230542279492113e+01
-8.711250942279491483e+01
-7.132396942279493146e+01
-7.132396942279491725e+01
-7.606053142279490942e+01
-7.921823942279492314e+01
-6.974511542279492460e+01
-7.290282342279490990e+01
-6.500855342279491822e+01
-5.237772142279492016e+01
-6.974511542279492460e+01
-6.342969942279491136e+01
-7.290282342279492411e+01
-8.553365542279490796e+01
-5.395657542279492702e+01
-7.448167742279491677e+01
-7.448167742279491677e+01
-6.185084542279492581e+01
-7.290282342279490990e+01
-8.079709342279491580e+01
-6.342969942279492557e+01
-6.027199142279491895e+01
-9.816448742279492023e+01
-5.079886742279492751e+01
-5.711428342279492654e+01
-6.816626142279491773e+01
-8.079709342279491580e+01
-6.658740742279491087e+01
-7.763938542279491628e+01
-7.606053142279490942e+01
-7.606053142279492363e+01
-7.606053142279492363e+01
-5.711428342279492654e+01
-8.395480142279491531e+01
-5.395657542279491992e+01
-7.290282342279490990e+01
-6.500855342279490401e+01
-6.185084542279493292e+01
-8.711250942279491483e+01
-5.869313742279491919e+01
-6.027199142279492605e+01
-6.658740742279491087e+01
-5.711428342279492654e+01
-6.816626142279491773e+01
-5.237772142279492016e+01
-6.658740742279492508e+01
-5.711428342279491233e+01
-6.500855342279493243e+01
-7.132396942279491725e+01
-5.553542942279491967e+01
-8.079709342279491580e+01
-8.237594742279490845e+01
-6.500855342279490401e+01
-7.448167742279491677e+01
-8.079709342279491580e+01
-5.711428342279491943e+01
-7.448167742279491677e+01
-5.711428342279491233e+01
-5.869313742279493340e+01
-3.816803542279492234e+01
-6.658740742279492508e+01
-5.237772142279492016e+01
-7.290282342279492411e+01
-7.606053142279492363e+01
-5.553542942279491967e+01
-7.606053142279490942e+01
-5.237772142279492016e+01
-5.079886742279492040e+01
-6.342969942279491846e+01
-6.027199142279492605e+01
-6.342969942279491846e+01
-6.342969942279491846e+01
-5.711428342279492654e+01
-6.027199142279492605e+01
-6.658740742279492508e+01
-8.711250942279491483e+01
-4.448345142279492848e+01
-8.079709342279491580e+01
-6.658740742279491087e+01
-7.606053142279490942e+01
-6.974511542279492460e+01
-7.132396942279493146e+01
-6.658740742279491087e+01
-7.448167742279493098e+01
-5.395657542279492702e+01
-7.763938542279491628e+01
-7.132396942279491725e+01
-6.185084542279493292e+01
-5.869313742279492629e+01
-6.658740742279491087e+01
-6.500855342279491822e+01
-5.079886742279492751e+01
-6.185084542279491870e+01
-7.448167742279491677e+01
-5.869313742279491919e+01
-7.606053142279492363e+01
-6.185084542279491870e+01
-6.816626142279491773e+01
-4.764115942279492799e+01
-7.448167742279491677e+01
-5.395657542279492702e+01
-6.185084542279491870e+01
-6.816626142279491773e+01
-6.974511542279492460e+01
-7.921823942279490893e+01
-7.448167742279491677e+01
-6.658740742279491087e+01
-7.763938542279491628e+01
-5.869313742279491208e+01
-5.553542942279492678e+01
-4.922001342279492064e+01
-6.658740742279492508e+01
-6.342969942279491136e+01
-6.500855342279490401e+01
-6.185084542279492581e+01
-6.500855342279491822e+01
-5.553542942279493388e+01
-6.342969942279491846e+01
-4.922001342279492064e+01
-7.448167742279491677e+01
-6.658740742279491087e+01
-6.342969942279491136e+01
-6.185084542279492581e+01
-5.869313742279492629e+01
-5.553542942279491257e+01
-6.342969942279492557e+01
-6.027199142279491184e+01
-7.290282342279492411e+01
-8.079709342279491580e+01
-5.395657542279492702e+01
-5.869313742279491919e+01
-6.658740742279491087e+01
-8.869136342279492169e+01
-9.816448742279490602e+01
-7.921823942279490893e+01
-6.500855342279490401e+01
-6.658740742279491087e+01
-6.027199142279492605e+01
-7.921823942279490893e+01
-7.132396942279491725e+01
-5.553542942279492678e+01
-5.553542942279492678e+01
-5.553542942279491257e+01
-6.974511542279491039e+01
-6.816626142279491773e+01
-7.606053142279492363e+01
-7.763938542279491628e+01
-6.816626142279491773e+01
-5.553542942279491967e+01
-7.921823942279490893e+01
-6.816626142279491773e+01
-5.237772142279492016e+01
-5.395657542279492702e+01
-7.606053142279490942e+01
-6.185084542279492581e+01
-6.342969942279491136e+01
-6.342969942279491136e+01
-5.079886742279492751e+01
-8.553365542279492217e+01
-6.185084542279491870e+01
-7.290282342279492411e+01
-6.816626142279491773e+01
-8.079709342279491580e+01
-6.342969942279491846e+01
-4.764115942279492089e+01
-6.974511542279492460e+01
-5.079886742279492751e+01
-6.974511542279492460e+01
-5.395657542279491992e+01
-6.816626142279491773e+01
-6.342969942279491846e+01
-4.922001342279492775e+01
-7.448167742279491677e+01
-6.185084542279491870e+01
-6.500855342279491822e+01
-6.185084542279491160e+01
-6.816626142279491773e+01
-7.606053142279492363e+01
-6.185084542279491870e+01
-5.079886742279492751e+01
-7.606053142279492363e+01
-7.606053142279492363e+01
-5.237772142279492726e+01
-4.290459742279492161e+01
-7.132396942279491725e+01
-6.816626142279491773e+01
-7.763938542279493049e+01
-5.711428342279492654e+01
-6.500855342279490401e+01
-8.079709342279491580e+01
-5.711428342279491233e+01
-4.764115942279492089e+01
-7.606053142279492363e+01
-7.290282342279492411e+01
-6.027199142279492605e+01
-6.816626142279491773e+01
-7.290282342279492411e+01
-6.342969942279491846e+01
-6.342969942279491136e+01
-5.553542942279492678e+01
-8.395480142279491531e+01
-6.342969942279491846e+01
-7.448167742279491677e+01
-6.185084542279491870e+01
-5.711428342279491943e+01
-5.553542942279491967e+01
-5.869313742279491208e+01
-6.500855342279491822e+01
-7.132396942279493146e+01
-5.553542942279492678e+01
-6.816626142279491773e+01
-6.185084542279491160e+01
-6.027199142279492605e+01
-6.658740742279491087e+01
-5.395657542279492702e+01
-7.290282342279490990e+01
-7.921823942279490893e+01
-5.395657542279491992e+01
-7.448167742279491677e+01
-6.185084542279491870e+01
-6.974511542279491039e+01
-7.132396942279493146e+01
-7.921823942279490893e+01
-6.974511542279492460e+01
-6.342969942279491136e+01
-7.132396942279491725e+01
-6.816626142279491773e+01
-6.027199142279491895e+01
-6.342969942279491846e+01
-4.922001342279492064e+01
-6.342969942279491846e+01
-7.763938542279490207e+01
-6.342969942279491846e+01
-5.711428342279491943e+01
-7.132396942279493146e+01
-4.606230542279492113e+01
-6.185084542279492581e+01
-6.500855342279493243e+01
-6.500855342279493243e+01
-5.395657542279491281e+01
-6.816626142279491773e+01
-6.974511542279492460e+01
-7.448167742279493098e+01
-8.395480142279491531e+01
-7.921823942279490893e+01
-4.922001342279493485e+01
-6.500855342279493243e+01
-6.500855342279490401e+01
-7.448167742279491677e+01
-6.974511542279491039e+01
-6.658740742279491087e+01
-7.921823942279490893e+01
-6.027199142279492605e+01
-6.185084542279491870e+01
-6.816626142279491773e+01
-5.711428342279491943e+01
-7.448167742279491677e+01
-6.500855342279491822e+01
-6.185084542279491870e+01
-4.290459742279492161e+01
-7.606053142279490942e+01
-6.658740742279491087e+01
-6.027199142279491895e+01
-6.500855342279491822e+01
-6.974511542279492460e+01
-6.658740742279491087e+01
-7.448167742279491677e+01
-5.237772142279492726e+01
-5.237772142279492726e+01
-6.658740742279491087e+01
-6.185084542279491870e+01
-6.658740742279492508e+01
-7.132396942279493146e+01
-8.237594742279492266e+01
-6.027199142279491184e+01
-8.553365542279490796e+01
-6.342969942279491846e+01
-5.711428342279492654e+01
-5.553542942279491967e+01
-7.290282342279490990e+01
-7.290282342279492411e+01
-8.553365542279492217e+01
-6.658740742279492508e+01
-6.974511542279491039e+01
-5.553542942279492678e+01
-7.448167742279491677e+01
-4.290459742279492161e+01
-6.816626142279491773e+01
-7.921823942279492314e+01
-6.342969942279491846e+01
-7.921823942279490893e+01
-7.448167742279491677e+01
-6.658740742279491087e+01
-6.185084542279491160e+01
-5.711428342279491943e+01
-8.079709342279491580e+01
-6.342969942279491846e+01
-7.606053142279492363e+01
-4.606230542279492823e+01
-4.922001342279492064e+01
-6.974511542279491039e+01
-6.027199142279491895e+01
-5.711428342279492654e+01
-4.764115942279492799e+01
-4.764115942279492799e+01
-7.448167742279491677e+01
-7.921823942279492314e+01
-6.816626142279491773e+01
-6.027199142279491184e+01
-5.869313742279491919e+01
-4.764115942279492799e+01
-6.974511542279491039e+01
-6.658740742279492508e+01
-8.237594742279490845e+01
-6.027199142279491895e+01
-7.290282342279492411e+01
-6.027199142279491184e+01
-7.290282342279492411e+01
-7.290282342279492411e+01
-8.711250942279491483e+01
-7.448167742279491677e+01
-7.290282342279492411e+01
-7.132396942279493146e+01
-7.606053142279492363e+01
-6.185084542279492581e+01
-5.869313742279491919e+01
-7.606053142279490942e+01
-5.237772142279492726e+01
-6.342969942279491136e+01
-6.974511542279491039e+01
-5.553542942279492678e+01
-7.763938542279491628e+01
-3.501032742279492993e+01
-8.553365542279492217e+01
-7.606053142279490942e+01
-6.027199142279492605e+01
-5.869313742279491208e+01
-7.921823942279492314e+01
-6.816626142279491773e+01
-6.500855342279491822e+01
-5.395657542279492702e+01
-7.921823942279492314e+01
-5.395657542279492702e+01
-7.606053142279492363e+01
-6.185084542279493292e+01
-7.448167742279491677e+01
-6.185084542279493292e+01
-6.342969942279492557e+01
-6.185084542279491870e+01
-7.132396942279493146e+01
-5.869313742279491919e+01
-5.395657542279491992e+01
-7.290282342279490990e+01
-5.237772142279493437e+01
-6.500855342279491822e+01
-6.185084542279491870e+01
-6.500855342279493243e+01
-6.342969942279491846e+01
-6.816626142279491773e+01
-5.711428342279491233e+01
-6.974511542279491039e+01
-6.500855342279491822e+01
-5.711428342279492654e+01
-7.606053142279492363e+01
-5.395657542279491992e+01
-8.079709342279491580e+01
-6.185084542279491160e+01
-5.711428342279492654e+01
-8.711250942279491483e+01
-5.237772142279492726e+01
-7.290282342279490990e+01
-4.606230542279492113e+01
-7.763938542279491628e+01
-6.342969942279491846e+01
-5.711428342279491943e+01
-7.448167742279491677e+01
-5.237772142279492016e+01
-8.237594742279492266e+01
-7.132396942279491725e+01
-7.606053142279492363e+01
-5.869313742279492629e+01
-6.500855342279491822e+01
-8.237594742279490845e+01
-6.342969942279491136e+01
-7.763938542279490207e+01
-6.974511542279492460e+01
-5.553542942279492678e+01
-6.342969942279491846e+01
-7.448167742279491677e+01
-4.606230542279493534e+01
-6.816626142279491773e+01
-8.079709342279491580e+01
-5.079886742279492751e+01
-6.342969942279492557e+01
-5.869313742279493340e+01
-5.237772142279492726e+01
-5.711428342279491233e+01
-6.185084542279492581e+01
-6.974511542279492460e+01
-6.342969942279491846e+01
-7.290282342279490990e+01
-6.342969942279491136e+01
-4.764115942279492799e+01
-4.922001342279492064e+01
-6.974511542279492460e+01
-4.922001342279493485e+01
-7.132396942279491725e+01
-6.816626142279491773e+01
-4.764115942279492799e+01
-6.185084542279493292e+01
-6.342969942279491846e+01
-5.711428342279492654e+01
-6.027199142279491184e+01
-5.395657542279492702e+01
-4.448345142279492848e+01
-6.342969942279492557e+01
-6.500855342279493243e+01
-3.658918142279493679e+01
-7.132396942279491725e+01
-6.185084542279491870e+01
-5.869313742279491208e+01
-6.500855342279491822e+01
-7.448167742279491677e+01
-7.448167742279491677e+01
-5.237772142279492726e+01
-7.132396942279490304e+01
-4.922001342279492775e+01
-7.290282342279492411e+01
-5.553542942279492678e+01
-4.290459742279492161e+01
-5.869313742279491919e+01
-6.816626142279491773e+01
-6.342969942279492557e+01
-6.027199142279491895e+01
-7.132396942279491725e+01
-6.185084542279492581e+01
-8.237594742279492266e+01
-3.816803542279492945e+01
-6.974511542279492460e+01
-4.922001342279493485e+01
-6.342969942279492557e+01
-6.816626142279493195e+01
-6.500855342279493243e+01
-5.553542942279491967e+01
-5.869313742279491919e+01
-5.237772142279492726e+01
-6.816626142279491773e+01
-6.500855342279493243e+01
-6.342969942279491846e+01
-8.237594742279490845e+01
-4.606230542279492823e+01
-6.816626142279491773e+01
-7.290282342279492411e+01
-6.185084542279492581e+01
-6.500855342279490401e+01
-5.711428342279491943e+01
-5.079886742279492040e+01
-7.132396942279493146e+01
-7.132396942279491725e+01
-6.500855342279493243e+01
-6.500855342279491822e+01
-7.606053142279490942e+01
-6.342969942279492557e+01
-6.185084542279491870e+01
-6.027199142279492605e+01
-5.869313742279492629e+01
-8.395480142279491531e+01
-5.553542942279492678e+01
-8.079709342279491580e+01
-4.132574342279492896e+01
-5.553542942279491967e+01
-6.816626142279493195e+01
-6.658740742279491087e+01
-5.395657542279492702e+01
-4.290459742279492161e+01
-8.237594742279492266e+01
-5.395657542279491281e+01
-6.185084542279491870e+01
-6.816626142279491773e+01
-5.869313742279492629e+01
-5.711428342279491943e+01
-6.500855342279491822e+01
-6.342969942279491846e+01
-6.974511542279492460e+01
-9.184907142279490699e+01
-4.606230542279492113e+01
-6.974511542279491039e+01
-6.974511542279492460e+01
-3.816803542279492945e+01
-5.711428342279491943e+01
-6.342969942279492557e+01
-6.658740742279491087e+01
-5.553542942279491967e+01
-6.658740742279492508e+01
-6.658740742279492508e+01
-6.500855342279491822e+01
-7.921823942279492314e+01
-4.606230542279492113e+01
-7.606053142279490942e+01
-6.500855342279491822e+01
-8.237594742279490845e+01
-7.132396942279493146e+01
-6.027199142279492605e+01
-6.816626142279493195e+01
-6.658740742279491087e+01
-5.395657542279492702e+01
-7.132396942279491725e+01
-3.974688942279493631e+01
-6.974511542279492460e+01
-6.342969942279491846e+01
-6.342969942279492557e+01
-6.500855342279493243e+01
-4.764115942279492799e+01
-6.658740742279491087e+01
-6.974511542279491039e+01
-3.816803542279492234e+01
-7.290282342279492411e+01
-7.606053142279490942e+01
-7.448167742279491677e+01
-6.658740742279492508e+01
-7.290282342279492411e+01
-6.185084542279491870e+01
-6.342969942279491136e+01
-6.974511542279491039e+01
-7.290282342279492411e+01
-6.974511542279492460e+01
-7.132396942279491725e+01
-6.500855342279491822e+01
-6.500855342279491822e+01
-6.342969942279491846e+01
-7.763938542279491628e+01
-7.290282342279490990e+01
-6.342969942279491846e+01
-6.816626142279491773e+01
-8.395480142279491531e+01
-7.448167742279491677e+01
-7.448167742279491677e+01
-6.185084542279492581e+01
-6.185084542279491870e+01
-6.658740742279491087e+01
-7.606053142279490942e+01
-5.237772142279492726e+01
-5.711428342279491943e+01
-6.027199142279491895e+01
-7.606053142279492363e+01
-6.185084542279491160e+01
-9.342792542279491386e+01
-5.553542942279491967e+01
-7.132396942279493146e+01
-6.658740742279492508e+01
-6.974511542279492460e+01
-6.974511542279491039e+01
-6.974511542279491039e+01
-6.185084542279492581e+01
-5.237772142279492016e+01
-7.132396942279493146e+01
-6.816626142279491773e+01
-7.132396942279490304e+01
-4.132574342279492896e+01
-8.237594742279492266e+01
-6.816626142279491773e+01
-6.027199142279491184e+01
-6.816626142279491773e+01
-6.185084542279491870e+01
-8.395480142279491531e+01
-5.711428342279492654e+01
-6.974511542279492460e+01
-5.079886742279492040e+01
-6.658740742279492508e+01
-6.974511542279492460e+01
-6.027199142279492605e+01
-5.711428342279492654e+01
-7.290282342279492411e+01
-7.606053142279490942e+01
-5.079886742279492751e+01
-7.763938542279491628e+01
-6.974511542279492460e+01
-5.237772142279492726e+01
-6.342969942279492557e+01
-4.132574342279492186e+01
-8.711250942279491483e+01
-6.974511542279492460e+01
-6.500855342279491822e+01
-5.869313742279492629e+01
-7.132396942279491725e+01
-6.974511542279492460e+01
-6.816626142279491773e+01
-6.500855342279490401e+01
-5.869313742279492629e+01
-6.185084542279491870e+01
-7.448167742279491677e+01
-7.290282342279490990e+01
-4.448345142279492137e+01
-8.553365542279492217e+01
-6.342969942279491136e+01
-6.974511542279491039e+01
-6.342969942279491136e+01
-6.816626142279491773e+01
-5.553542942279491967e+01
-5.869313742279492629e+01
-8.237594742279492266e+01
-6.816626142279491773e+01
-6.974511542279491039e+01
-6.185084542279492581e+01
-5.079886742279492751e+01
-6.342969942279492557e+01
-7.921823942279490893e+01
-9.816448742279490602e+01
-6.974511542279492460e+01
-6.027199142279492605e+01
-5.237772142279492726e+01
-7.132396942279491725e+01
-5.869313742279491919e+01
-5.553542942279493388e+01
-6.027199142279491184e+01
-3.974688942279492920e+01
-6.185084542279492581e+01
-6.816626142279491773e+01
-7.448167742279491677e+01
-6.658740742279492508e+01
-8.553365542279492217e+01
-6.658740742279492508e+01
-4.922001342279492775e+01
-7.448167742279491677e+01
-5.395657542279491992e+01
-6.658740742279491087e+01
-7.763938542279491628e+01
-7.448167742279491677e+01
-8.553365542279490796e+01
-6.658740742279492508e+01
-7.448167742279491677e+01
-5.553542942279491967e+01
-6.816626142279491773e+01
-6.658740742279491087e+01
-6.974511542279492460e+01
-7.132396942279491725e+01
-8.237594742279490845e+01
-3.816803542279492945e+01
-6.658740742279492508e+01
-4.764115942279492089e+01
-8.079709342279491580e+01
-5.711428342279492654e+01
-6.974511542279492460e+01
-7.290282342279490990e+01
-5.869313742279493340e+01
-8.079709342279491580e+01
-6.027199142279491184e+01
-9.027021742279491434e+01
-6.500855342279490401e+01
-6.974511542279492460e+01
-4.448345142279492848e+01
-7.290282342279492411e+01
-8.079709342279491580e+01
-7.132396942279491725e+01
-7.132396942279493146e+01
-6.500855342279491822e+01
-7.921823942279492314e+01
-4.764115942279492799e+01
-6.658740742279491087e+01
-6.027199142279491184e+01
-7.132396942279491725e+01
-8.553365542279490796e+01
-6.658740742279491087e+01
-7.606053142279492363e+01
-7.132396942279491725e+01
-7.606053142279490942e+01
-6.500855342279493243e+01
-6.500855342279491822e+01
-7.290282342279490990e+01
-4.290459742279492161e+01
-5.711428342279491943e+01
-6.974511542279491039e+01
-5.869313742279491919e+01
-6.027199142279492605e+01
-7.290282342279492411e+01
-5.395657542279491992e+01
-7.763938542279491628e+01
-7.290282342279490990e+01
-7.448167742279491677e+01
-7.606053142279492363e+01
-6.185084542279491870e+01
-4.764115942279492799e+01
-7.606053142279492363e+01
-6.500855342279490401e+01
-5.395657542279492702e+01
-6.974511542279492460e+01
-7.448167742279493098e+01
-5.869313742279491919e+01
-5.237772142279492726e+01
-6.185084542279491870e+01
-6.185084542279491160e+01
-7.448167742279491677e+01
-6.027199142279491184e+01
-5.395657542279491992e+01
-8.553365542279490796e+01
-7.448167742279491677e+01
-4.606230542279492113e+01
-7.448167742279491677e+01
-7.921823942279492314e+01
-6.342969942279492557e+01
-6.974511542279492460e+01
-6.658740742279492508e+01
-6.816626142279493195e+01
-6.974511542279492460e+01
-7.448167742279491677e+01
-6.185084542279493292e+01
-7.132396942279491725e+01
-8.237594742279492266e+01
-5.237772142279492016e+01
-6.185084542279492581e+01
-5.711428342279492654e+01
-4.606230542279492113e+01
-7.448167742279491677e+01
-5.553542942279491967e+01
-7.132396942279491725e+01
-5.869313742279492629e+01
-6.974511542279492460e+01
-6.342969942279491136e+01
-7.448167742279491677e+01
-4.922001342279492775e+01
-6.185084542279492581e+01
-6.027199142279491895e+01
-6.658740742279492508e+01
-7.132396942279491725e+01
-8.395480142279491531e+01
-5.395657542279492702e+01
-6.027199142279491895e+01
-5.553542942279493388e+01
-9.027021742279491434e+01
-6.658740742279492508e+01
-5.869313742279491919e+01
-7.448167742279491677e+01
-5.711428342279492654e+01
-6.342969942279491136e+01
-6.658740742279492508e+01
-5.711428342279491233e+01
-4.922001342279492064e+01
-5.395657542279492702e+01
-5.553542942279492678e+01
-6.185084542279491870e+01
-5.711428342279491233e+01
-7.448167742279491677e+01
-4.448345142279492137e+01
-6.027199142279492605e+01
-6.816626142279491773e+01
-7.921823942279492314e+01
-7.132396942279490304e+01
-6.185084542279491870e+01
-7.132396942279491725e+01
-5.237772142279492016e+01
-6.974511542279492460e+01
-6.658740742279492508e+01
-6.658740742279491087e+01
-5.553542942279491257e+01
-7.763938542279491628e+01
-5.553542942279492678e+01
-6.658740742279492508e+01
-6.342969942279491846e+01
-7.290282342279490990e+01
-4.922001342279492775e+01
-6.658740742279492508e+01
-6.342969942279492557e+01
-7.606053142279492363e+01
-7.132396942279491725e+01
-6.658740742279491087e+01
-6.027199142279491895e+01
-7.290282342279490990e+01
-8.395480142279491531e+01
-5.869313742279492629e+01
-7.132396942279491725e+01
-7.921823942279492314e+01
-6.342969942279491846e+01
-6.027199142279492605e+01
-6.974511542279492460e+01
-6.974511542279491039e+01
-6.027199142279491184e+01
-7.606053142279490942e+01
-5.079886742279492751e+01
-6.974511542279491039e+01
-6.027199142279492605e+01
-9.816448742279492023e+01
-7.132396942279491725e+01
-6.658740742279492508e+01
-6.342969942279491136e+01
-5.711428342279491943e+01
-4.764115942279491378e+01
-4.606230542279493534e+01
-7.448167742279491677e+01
-8.237594742279492266e+01
-5.553542942279492678e+01
-7.921823942279492314e+01
-6.974511542279492460e+01
-7.132396942279491725e+01
-4.922001342279493485e+01
-6.185084542279491870e+01
-6.027199142279492605e+01
-7.132396942279491725e+01
-6.027199142279492605e+01
-7.448167742279491677e+01
-7.921823942279492314e+01
-5.395657542279492702e+01
-6.027199142279491895e+01
-7.763938542279491628e+01
-5.553542942279492678e+01
-6.500855342279493243e+01
-6.974511542279492460e+01
-8.237594742279492266e+01
-6.027199142279491184e+01
-8.237594742279490845e+01
-6.027199142279491184e+01
-6.974511542279491039e+01
-6.500855342279491822e+01
-6.342969942279492557e+01
-7.448167742279491677e+01
-7.290282342279492411e+01
-6.185084542279491870e+01
-5.711428342279492654e+01
-6.500855342279491822e+01
-7.763938542279491628e+01
-6.342969942279492557e+01
-7.606053142279492363e+01
-4.764115942279492799e+01
-7.132396942279491725e+01
-6.974511542279491039e+01
-5.237772142279492726e+01
-5.237772142279492016e+01
-5.395657542279492702e+01
-6.658740742279492508e+01
-7.606053142279492363e+01
-6.185084542279491870e+01
-6.027199142279491184e+01
-6.816626142279491773e+01
-6.658740742279492508e+01
-5.553542942279491967e+01
-7.290282342279490990e+01
-6.185084542279492581e+01
-6.658740742279492508e+01
-5.079886742279492751e+01
-6.027199142279491184e+01
-7.921823942279492314e+01
-8.553365542279492217e+01
-6.500855342279493243e+01
-8.869136342279492169e+01
-5.711428342279492654e+01
-7.290282342279492411e+01
-6.658740742279491087e+01
-6.974511542279492460e+01
-6.816626142279491773e+01
-6.816626142279491773e+01
-6.816626142279491773e+01
-5.711428342279492654e+01
-8.237594742279492266e+01
-6.816626142279493195e+01
-6.500855342279493243e+01
-6.342969942279491136e+01
-4.290459742279492161e+01
-6.185084542279491160e+01
-7.606053142279492363e+01
-7.448167742279491677e+01
-7.290282342279490990e+01
-5.237772142279492726e+01
-7.448167742279491677e+01
-7.606053142279490942e+01
-6.342969942279491846e+01
-6.974511542279492460e+01
-7.606053142279492363e+01
-6.342969942279492557e+01
-7.921823942279492314e+01
-5.869313742279492629e+01
-5.079886742279492040e+01
-4.448345142279492848e+01
-7.606053142279492363e+01
-6.185084542279492581e+01
-5.237772142279492726e+01
-7.606053142279492363e+01
-7.290282342279492411e+01
-8.711250942279491483e+01
-6.658740742279492508e+01
-7.290282342279490990e+01
-5.869313742279491919e+01
-8.237594742279492266e+01
-8.553365542279492217e+01
-7.606053142279490942e+01
-5.079886742279492751e+01
-4.448345142279492848e+01
-6.342969942279491136e+01
-6.658740742279491087e+01
-6.816626142279493195e+01
-5.869313742279491919e+01
-4.290459742279492161e+01
-7.606053142279492363e+01
-5.079886742279492040e+01
-8.711250942279492904e+01
-7.448167742279493098e+01
-6.027199142279491895e+01
-5.553542942279491967e+01
-6.816626142279491773e+01
-8.237594742279492266e+01
-6.500855342279490401e+01
-6.658740742279491087e+01
-4.448345142279492137e+01
-5.553542942279491967e+01
-6.027199142279492605e+01
-7.606053142279490942e+01
-7.763938542279491628e+01
-6.342969942279492557e+01
-7.921823942279490893e+01
-8.079709342279491580e+01
-5.237772142279492016e+01
-7.448167742279491677e+01
-6.816626142279491773e+01
-6.974511542279491039e+01
-4.764115942279492799e+01
-6.185084542279491160e+01
-5.869313742279491919e+01
-7.290282342279490990e+01
-7.290282342279492411e+01
-6.027199142279492605e+01
-7.448167742279491677e+01
-7.132396942279491725e+01
-6.500855342279491822e+01
-8.869136342279492169e+01
-4.764115942279492799e+01
-6.027199142279491895e+01
-6.974511542279492460e+01
-5.553542942279492678e+01
-6.500855342279493243e+01
-7.606053142279492363e+01
-5.869313742279491208e+01
-3.658918142279492258e+01
-6.027199142279492605e+01
-8.553365542279492217e+01
-5.711428342279491943e+01
-6.027199142279492605e+01
-6.658740742279491087e+01
-5.395657542279492702e+01
-6.974511542279492460e+01
-8.237594742279490845e+01
-4.606230542279490692e+01
-6.027199142279492605e+01
-5.395657542279491281e+01
-7.132396942279493146e+01
-6.342969942279492557e+01
-6.027199142279491895e+01
-5.869313742279491919e+01
-4.448345142279492848e+01
-6.500855342279491822e+01
-6.974511542279492460e+01
-6.185084542279493292e+01
-6.027199142279491184e+01
-4.922001342279492775e+01
-6.027199142279491895e+01
-7.763938542279491628e+01
-6.500855342279491822e+01
-6.185084542279491870e+01
-5.869313742279491208e+01
-5.711428342279492654e+01
-8.237594742279492266e+01
-5.237772142279492726e+01
-6.658740742279492508e+01
-5.553542942279491967e+01
-7.132396942279491725e+01
-6.342969942279491846e+01
-6.342969942279491136e+01
-6.816626142279491773e+01
-7.448167742279491677e+01
-7.290282342279492411e+01
-7.132396942279491725e+01
-7.132396942279491725e+01
-6.500855342279493243e+01
-6.816626142279491773e+01
-6.816626142279491773e+01
-6.816626142279491773e+01
-8.711250942279491483e+01
-7.921823942279492314e+01
-6.658740742279491087e+01
-7.290282342279492411e+01
-8.079709342279491580e+01
-7.290282342279492411e+01
-5.237772142279492016e+01
-5.869313742279491919e+01
-7.448167742279491677e+01
-6.342969942279491136e+01
-6.185084542279491160e+01
-4.132574342279491475e+01
-6.816626142279491773e+01
-7.132396942279493146e+01
-5.079886742279492751e+01
-7.290282342279492411e+01
-7.132396942279491725e+01
-5.237772142279492016e+01
-7.448167742279491677e+01
-5.869313742279492629e+01
-6.816626142279491773e+01
-6.816626142279491773e+01
-5.079886742279492040e+01
-6.816626142279493195e+01
-7.132396942279491725e+01
-8.553365542279490796e+01
-4.606230542279492823e+01
-7.448167742279491677e+01
-7.132396942279491725e+01
-6.342969942279492557e+01
-5.237772142279492016e+01
-8.395480142279491531e+01
-8.079709342279491580e+01
-6.027199142279492605e+01
-7.606053142279490942e+01
-7.448167742279491677e+01
-6.185084542279493292e+01
-5.711428342279492654e+01
-4.922001342279492064e+01
-5.395657542279491992e+01
-7.132396942279491725e+01
-7.606053142279492363e+01
-6.027199142279491895e+01
-6.974511542279492460e+01
-6.816626142279493195e+01
-4.922001342279492064e+01
-6.974511542279492460e+01
-7.921823942279490893e+01
-7.132396942279491725e+01
-6.974511542279492460e+01
-4.764115942279492799e+01
-7.290282342279492411e+01
-7.448167742279491677e+01
-6.185084542279493292e+01
-7.290282342279492411e+01
-4.764115942279492799e+01
-6.974511542279492460e+01
-6.342969942279492557e+01
-7.763938542279493049e+01
-8.553365542279490796e+01
-8.079709342279491580e+01
-5.237772142279492726e+01
-7.606053142279492363e+01
-5.869313742279492629e+01
-8.237594742279490845e+01
-6.974511542279491039e+01
-6.658740742279491087e+01
-7.290282342279492411e+01
-5.711428342279491943e+01
-6.974511542279492460e+01
-6.816626142279491773e+01
-6.816626142279491773e+01
-8.237594742279490845e+01
-6.816626142279491773e+01
-7.290282342279490990e+01
-7.132396942279491725e+01
-7.763938542279491628e+01
-4.764115942279491378e+01
-7.606053142279492363e+01
-6.027199142279491184e+01
-5.869313742279491919e+01
-6.816626142279493195e+01
-5.711428342279491943e+01
-7.606053142279490942e+01
-6.974511542279492460e+01
-6.185084542279491870e+01
-7.132396942279491725e+01
-5.553542942279492678e+01
-6.027199142279492605e+01
-6.185084542279491160e+01
-6.500855342279490401e+01
-5.553542942279491967e+01
-7.763938542279491628e+01
-5.553542942279491967e+01
-6.027199142279492605e+01
-6.027199142279492605e+01
-6.658740742279492508e+01
-7.132396942279491725e+01
-4.132574342279492186e+01
-8.711250942279491483e+01
-4.922001342279492064e+01
-6.027199142279492605e+01
-5.395657542279491992e+01
-6.974511542279492460e+01
-4.764115942279492089e+01
-7.132396942279491725e+01
-6.027199142279492605e+01
-5.553542942279492678e+01
-6.816626142279491773e+01
-6.816626142279491773e+01
-7.606053142279490942e+01
-6.974511542279491039e+01
-6.500855342279491822e+01
-6.816626142279491773e+01
-8.553365542279492217e+01
-9.027021742279491434e+01
-5.711428342279492654e+01
-5.395657542279491992e+01
-6.658740742279491087e+01
-5.869313742279491919e+01
-7.448167742279491677e+01
-6.185084542279493292e+01
-6.342969942279492557e+01
-8.869136342279490748e+01
-7.448167742279491677e+01
-5.079886742279492751e+01
-6.974511542279491039e+01
-8.237594742279490845e+01
-6.974511542279492460e+01
-5.711428342279492654e+01
-6.500855342279491822e+01
-7.290282342279490990e+01
-7.132396942279491725e+01
-6.974511542279491039e+01
-5.395657542279492702e+01
-7.132396942279491725e+01
-5.711428342279491943e+01
-7.290282342279492411e+01
-8.079709342279491580e+01
-7.132396942279490304e+01
-8.079709342279491580e+01
-4.290459742279492161e+01
-6.974511542279492460e+01
-8.711250942279491483e+01
-4.290459742279493582e+01
-6.185084542279491160e+01
-6.974511542279492460e+01
-7.763938542279491628e+01
-6.185084542279491870e+01
-7.921823942279490893e+01
-5.237772142279492016e+01
-6.342969942279491846e+01
-7.448167742279491677e+01
-5.553542942279491967e+01
-6.027199142279491895e+01
-6.342969942279492557e+01
-7.606053142279490942e+01
-5.395657542279491992e+01
-6.342969942279492557e+01
-6.500855342279490401e+01
-6.658740742279491087e+01
-7.448167742279491677e+01
-6.658740742279492508e+01
-7.132396942279493146e+01
-6.658740742279491087e+01
-7.763938542279491628e+01
-6.658740742279491087e+01
-6.974511542279492460e+01
-7.290282342279492411e+01
-6.816626142279491773e+01
-9.184907142279490699e+01
-4.290459742279493582e+01
-7.763938542279491628e+01
-6.027199142279491184e+01
-5.553542942279491967e+01
-6.342969942279492557e+01
-6.185084542279491160e+01
-6.816626142279491773e+01
-6.658740742279491087e+01
-7.763938542279490207e+01
-6.342969942279491136e+01
-8.079709342279491580e+01
-7.606053142279492363e+01
-4.606230542279492823e+01
-5.711428342279492654e+01
-6.342969942279491136e+01
-5.711428342279491943e+01
-5.711428342279491233e+01
-7.606053142279492363e+01
-6.185084542279491870e+01
-7.290282342279490990e+01
-6.658740742279492508e+01
-7.290282342279492411e+01
-6.027199142279491184e+01
-5.237772142279492016e+01
-7.606053142279492363e+01
-6.974511542279492460e+01
-8.237594742279492266e+01
-5.395657542279492702e+01
-7.290282342279490990e+01
-4.922001342279492064e+01
-6.185084542279493292e+01
-8.869136342279490748e+01
-6.342969942279491136e+01
-6.500855342279493243e+01
-7.290282342279490990e+01
-5.553542942279492678e+01
-6.185084542279491160e+01
-7.132396942279491725e+01
-8.869136342279490748e+01
-7.921823942279492314e+01
-6.185084542279491870e+01
-6.185084542279492581e+01
-8.553365542279492217e+01
-7.448167742279491677e+01
-7.132396942279490304e+01
-7.290282342279492411e+01
-6.816626142279491773e+01
-5.237772142279492016e+01
-5.711428342279491233e+01
-5.395657542279492702e+01
-4.606230542279492823e+01
-5.869313742279492629e+01
-7.606053142279490942e+01
-6.185084542279491870e+01
-8.553365542279490796e+01
-6.974511542279491039e+01
-6.185084542279491160e+01
-5.711428342279492654e+01
-7.763938542279491628e+01
-5.869313742279491208e+01
-7.921823942279492314e+01
-6.342969942279491846e+01
-6.027199142279491895e+01
-6.974511542279491039e+01
-6.027199142279492605e+01
-8.079709342279491580e+01
-6.816626142279491773e+01
-8.237594742279490845e+01
-7.606053142279490942e+01
-6.816626142279491773e+01
-6.816626142279493195e+01
-5.237772142279492016e+01
-6.500855342279493243e+01
-6.027199142279491895e+01
-8.553365542279490796e+01
-7.290282342279492411e+01
-6.500855342279491822e+01
-8.711250942279491483e+01
-6.974511542279491039e+01
-8.079709342279491580e+01
-6.027199142279492605e+01
-4.290459742279493582e+01
-6.974511542279491039e+01
-8.237594742279490845e+01
-8.553365542279490796e+01
-6.974511542279492460e+01
-7.606053142279490942e+01
-9.974334142279489868e+01
-8.869136342279490748e+01
-4.764115942279492799e+01
-8.395480142279491531e+01
-4.922001342279492775e+01
-6.027199142279491184e+01
-6.185084542279491870e+01
-6.974511542279491039e+01
-7.606053142279492363e+01
-5.869313742279491919e+01
-7.132396942279493146e+01
-5.869313742279491919e+01
-4.764115942279492799e+01
-5.869313742279492629e+01
-6.658740742279491087e+01
-6.658740742279492508e+01
-5.237772142279492016e+01
-7.763938542279491628e+01
-6.974511542279491039e+01
-7.606053142279492363e+01
-6.185084542279492581e+01
-7.448167742279491677e+01
-7.763938542279490207e+01
-6.342969942279492557e+01
-6.816626142279491773e+01
-7.448167742279491677e+01
-6.500855342279491822e+01
-6.974511542279492460e+01
-6.185084542279491160e+01
-6.185084542279491160e+01
-6.816626142279491773e+01
-9.184907142279492120e+01
-6.500855342279490401e+01
-6.027199142279491895e+01
-6.974511542279491039e+01
-6.185084542279491870e+01
-7.763938542279491628e+01
-6.816626142279491773e+01
-6.500855342279491822e+01
-7.132396942279491725e+01
-6.658740742279491087e+01
-5.553542942279491967e+01
-6.185084542279491870e+01
-7.132396942279491725e+01
-6.816626142279493195e+01
-7.132396942279491725e+01
-5.237772142279492016e+01
-6.027199142279491895e+01
-8.079709342279491580e+01
-6.816626142279491773e+01
-8.711250942279491483e+01
-7.290282342279492411e+01
-5.711428342279491943e+01
-7.763938542279491628e+01
-7.606053142279490942e+01
-7.290282342279490990e+01
-8.079709342279491580e+01
-5.079886742279492751e+01
-6.816626142279491773e+01
-6.342969942279491846e+01
-5.711428342279491943e+01
-6.500855342279491822e+01
-6.342969942279491846e+01
-9.816448742279490602e+01
-8.237594742279492266e+01
-5.237772142279492726e+01
-6.185084542279492581e+01
-7.448167742279491677e+01
-7.132396942279491725e+01
-8.395480142279491531e+01
-6.974511542279492460e+01
-6.027199142279492605e+01
-7.606053142279492363e+01
-6.500855342279491822e+01
-6.974511542279491039e+01
-4.922001342279492064e+01
-6.185084542279492581e+01
-6.185084542279491870e+01
-7.606053142279492363e+01
-9.027021742279491434e+01
-7.921823942279492314e+01
-7.290282342279492411e+01
-7.290282342279492411e+01
-7.448167742279491677e+01
-6.027199142279492605e+01
-6.658740742279491087e+01
-6.816626142279493195e+01
-6.658740742279492508e+01
-6.027199142279491184e+01
-6.974511542279491039e+01
-5.869313742279491208e+01
-6.027199142279492605e+01
-7.290282342279490990e+01
-6.500855342279491822e+01
-6.816626142279491773e+01
-8.237594742279490845e+01
-6.500855342279490401e+01
-7.606053142279490942e+01
-4.922001342279492064e+01
-6.658740742279491087e+01
-6.027199142279491184e+01
-6.658740742279491087e+01
-5.079886742279492751e+01
-7.448167742279491677e+01
-6.027199142279491895e+01
-5.395657542279492702e+01
-7.606053142279490942e+01
-5.395657542279492702e+01
-8.395480142279491531e+01
-4.922001342279492064e+01
-7.921823942279492314e+01
-6.500855342279493243e+01
-6.342969942279491136e+01
-6.816626142279491773e+01
-6.500855342279491822e+01
-7.606053142279492363e+01
-5.553542942279492678e+01
-6.342969942279492557e+01
-6.974511542279492460e+01
-4.764115942279492089e+01
-7.132396942279491725e+01
-8.553365542279490796e+01
-5.869313742279491919e+01
-5.711428342279491943e+01
-8.079709342279491580e+01
-6.185084542279491870e+01
-7.290282342279492411e+01
-7.763938542279493049e+01
-6.185084542279492581e+01
-9.027021742279492855e+01
-6.974511542279491039e+01
-5.553542942279491967e+01
-6.027199142279492605e+01
-7.290282342279490990e+01
-7.290282342279492411e+01
-5.711428342279491233e+01
-8.079709342279491580e+01
-6.816626142279491773e+01
-8.395480142279492952e+01
-5.237772142279492726e+01
-7.921823942279492314e+01
-6.185084542279493292e+01
-5.869313742279491919e+01
-6.342969942279491136e+01
-5.237772142279492016e+01
-7.132396942279491725e+01
-5.395657542279492702e+01
-8.711250942279491483e+01
-5.395657542279492702e+01
-6.816626142279491773e+01
-7.763938542279493049e+01
-6.974511542279491039e+01
-5.711428342279491943e+01
-7.921823942279492314e+01
-6.185084542279491870e+01
-6.500855342279493243e+01
-8.395480142279491531e+01
-5.237772142279492016e+01
-7.448167742279491677e+01
-5.711428342279491943e+01
-5.553542942279493388e+01
-7.132396942279491725e+01
-6.027199142279491895e+01
-8.869136342279492169e+01
-6.185084542279491870e+01
-7.921823942279492314e+01
-6.185084542279491870e+01
-7.763938542279491628e+01
-7.606053142279490942e+01
-5.711428342279492654e+01
-7.132396942279490304e+01
-5.553542942279491967e+01
-6.027199142279492605e+01
-7.448167742279491677e+01
-7.763938542279491628e+01
-8.237594742279492266e+01
-6.500855342279491822e+01
-5.869313742279491919e+01
-6.500855342279491822e+01
-8.711250942279491483e+01
-6.974511542279492460e+01
-6.185084542279492581e+01
-6.027199142279491895e+01
-6.500855342279491822e+01
-7.448167742279491677e+01
-7.290282342279492411e+01
-7.448167742279491677e+01
-7.290282342279490990e+01
-8.237594742279490845e+01
-7.132396942279491725e+01
-7.290282342279492411e+01
-6.658740742279491087e+01
-6.658740742279491087e+01
-7.448167742279491677e+01
-7.921823942279492314e+01
-7.448167742279491677e+01
-4.764115942279492799e+01
-8.553365542279492217e+01
-4.764115942279492799e+01
-7.763938542279491628e+01
-7.132396942279490304e+01
-5.553542942279491967e+01
-7.132396942279491725e+01
-6.342969942279491846e+01
-7.448167742279491677e+01
-5.553542942279491257e+01
-6.816626142279491773e+01
-6.816626142279491773e+01
-7.921823942279492314e+01
-5.869313742279491919e+01
-8.237594742279492266e+01
-6.816626142279491773e+01
-5.711428342279492654e+01
-7.606053142279492363e+01
-7.763938542279491628e+01
-7.290282342279490990e+01
-6.027199142279491895e+01
-6.500855342279490401e+01
-7.132396942279490304e+01
-7.448167742279491677e+01
-7.290282342279490990e+01
-6.658740742279491087e+01
-9.500677942279492072e+01
-7.606053142279492363e+01
-7.132396942279491725e+01
-6.816626142279491773e+01
-5.395657542279491992e+01
-7.606053142279492363e+01
-5.711428342279491943e+01
-8.237594742279492266e+01
-7.132396942279491725e+01
-7.763938542279491628e+01
-5.869313742279492629e+01
-7.132396942279491725e+01
-4.764115942279492799e+01
-8.079709342279491580e+01
-5.079886742279492751e+01
-5.711428342279491943e+01
-7.763938542279490207e+01
-5.711428342279491943e+01
-6.974511542279492460e+01
-6.974511542279491039e+01
-7.290282342279490990e+01
-7.921823942279492314e+01
-6.027199142279491184e+01
-6.185084542279491870e+01
-6.658740742279491087e+01
-6.816626142279491773e+01
-6.185084542279491160e+01
-5.869313742279491919e+01
-6.500855342279491822e+01
-7.763938542279491628e+01
-7.132396942279490304e+01
-6.500855342279490401e+01
-8.711250942279491483e+01
-5.869313742279491919e+01
-5.711428342279491943e+01
-9.027021742279491434e+01
-8.079709342279491580e+01
-7.606053142279492363e+01
-4.448345142279492137e+01
-6.342969942279491136e+01
-6.185084542279493292e+01
-6.027199142279491895e+01
-6.185084542279491870e+01
-6.816626142279491773e+01
-6.027199142279492605e+01
-6.500855342279491822e+01
-7.132396942279491725e+01
-5.395657542279492702e+01
-6.974511542279492460e+01
-6.342969942279491136e+01
-7.606053142279492363e+01
-6.658740742279491087e+01
-3.974688942279492920e+01
-7.921823942279492314e+01
-5.869313742279493340e+01
-7.132396942279491725e+01
-6.658740742279491087e+01
-6.816626142279491773e+01
-6.658740742279492508e+01
-6.658740742279492508e+01
-6.816626142279491773e+01
-6.658740742279491087e+01
-9.184907142279490699e+01
-5.711428342279492654e+01
-8.079709342279491580e+01
-5.869313742279492629e+01
-6.185084542279491160e+01
-5.079886742279492040e+01
-6.816626142279491773e+01
-6.816626142279491773e+01
-7.448167742279491677e+01
-6.974511542279491039e+01
-6.500855342279493243e+01
-6.658740742279492508e+01
-6.027199142279492605e+01
-5.869313742279491919e+01
-5.553542942279491967e+01
-5.711428342279491943e+01
-7.921823942279490893e+01
-5.237772142279492016e+01
-8.079709342279491580e+01
-4.606230542279492113e+01
-6.342969942279491846e+01
-5.869313742279491919e+01
-6.658740742279492508e+01
-6.658740742279491087e+01
-6.342969942279492557e+01
-8.395480142279490110e+01
-5.869313742279491919e+01
-7.763938542279491628e+01
-5.711428342279492654e+01
-6.658740742279492508e+01
-6.500855342279490401e+01
-6.342969942279491846e+01
-6.185084542279491870e+01
-7.132396942279491725e+01
-7.606053142279492363e+01
-6.500855342279491822e+01
-6.500855342279490401e+01
-7.921823942279492314e+01
-7.132396942279493146e+01
-5.395657542279492702e+01
-7.606053142279492363e+01
-8.711250942279491483e+01
-6.658740742279491087e+01
-8.079709342279491580e+01
-9.027021742279491434e+01
-6.974511542279492460e+01
-7.606053142279492363e+01
-5.553542942279492678e+01
-8.395480142279491531e+01
-6.027199142279491184e+01
-8.553365542279490796e+01
-7.921823942279490893e+01
-6.342969942279491846e+01
-7.290282342279492411e+01
-8.079709342279491580e+01
-6.185084542279492581e+01
-6.974511542279491039e+01
-7.290282342279490990e+01
-6.500855342279491822e+01
-8.079709342279491580e+01
-6.500855342279490401e+01
-7.606053142279492363e+01
-5.237772142279492016e+01
-6.658740742279492508e+01
-8.553365542279492217e+01
-5.869313742279493340e+01
-7.132396942279491725e+01
-6.974511542279492460e+01
-8.869136342279490748e+01
-7.606053142279490942e+01
-6.658740742279492508e+01
-6.658740742279491087e+01
-6.185084542279493292e+01
-6.185084542279491870e+01
-7.606053142279492363e+01
-7.606053142279492363e+01
-6.974511542279492460e+01
-6.342969942279491846e+01
-6.974511542279492460e+01
-7.606053142279490942e+01
-6.816626142279491773e+01
-7.606053142279492363e+01
-5.553542942279490546e+01
-5.395657542279492702e+01
-6.500855342279491822e+01
-7.606053142279490942e+01
-7.448167742279491677e+01
-5.395657542279492702e+01
-6.185084542279491160e+01
-9.184907142279490699e+01
-4.290459742279492161e+01
-9.184907142279492120e+01
-6.500855342279491822e+01
-8.869136342279492169e+01
-7.448167742279491677e+01
-5.869313742279493340e+01
-6.027199142279491184e+01
-6.974511542279492460e+01
-7.606053142279492363e+01
-6.027199142279492605e+01
-7.132396942279491725e+01
-6.816626142279491773e+01
-8.237594742279490845e+01
-7.448167742279491677e+01
-6.027199142279492605e+01
-7.448167742279491677e+01
-8.553365542279490796e+01
-8.079709342279491580e+01
-5.553542942279491967e+01
-7.290282342279490990e+01
-8.079709342279491580e+01
-7.132396942279491725e+01
-6.816626142279491773e+01
-5.237772142279492016e+01
-7.763938542279491628e+01
-5.395657542279491992e+01
-6.974511542279492460e+01
-6.500855342279493243e+01
-6.027199142279492605e+01
-5.869313742279491919e+01
-6.816626142279491773e+01
-9.500677942279492072e+01
-6.027199142279491895e+01
-8.553365542279492217e+01
-3.974688942279492920e+01
-7.132396942279491725e+01
-6.816626142279491773e+01
-7.132396942279491725e+01
-6.342969942279491846e+01
-7.132396942279491725e+01
-7.921823942279490893e+01
-8.395480142279491531e+01
-5.711428342279492654e+01
-4.448345142279492848e+01
-7.448167742279491677e+01
-7.448167742279491677e+01
-6.500855342279491822e+01
-6.500855342279493243e+01
-5.553542942279491967e+01
-8.395480142279491531e+01
-6.500855342279490401e+01
-8.711250942279491483e+01
-6.027199142279492605e+01
-7.606053142279490942e+01
-7.448167742279491677e+01
-5.553542942279491967e+01
-7.606053142279490942e+01
-6.500855342279490401e+01
-7.290282342279492411e+01
-6.500855342279490401e+01
-7.606053142279490942e+01
-6.816626142279491773e+01
-6.342969942279491846e+01
-7.132396942279490304e+01
-7.606053142279492363e+01
-8.711250942279491483e+01
-7.290282342279490990e+01
-7.290282342279492411e+01
-5.553542942279492678e+01
-6.500855342279490401e+01
-6.974511542279492460e+01
-6.500855342279490401e+01
-8.079709342279491580e+01
-4.448345142279492848e+01
-7.132396942279491725e+01
-6.974511542279492460e+01
-5.079886742279492751e+01
-5.711428342279492654e+01
-8.237594742279490845e+01
-7.921823942279492314e+01
-3.816803542279492945e+01
-8.711250942279490062e+01
-5.079886742279492751e+01
-6.500855342279490401e+01
-7.290282342279490990e+01
-6.974511542279492460e+01
-6.027199142279491184e+01
-5.079886742279492751e+01
-6.816626142279491773e+01
-6.658740742279491087e+01
-7.606053142279492363e+01
-6.974511542279491039e+01
-7.448167742279491677e+01
-7.290282342279490990e+01
-6.342969942279491136e+01
-7.132396942279491725e+01
-6.342969942279491846e+01
-6.500855342279491822e+01
-7.763938542279491628e+01
-7.448167742279491677e+01
-6.500855342279491822e+01
-6.027199142279492605e+01
-7.448167742279491677e+01
-5.553542942279492678e+01
-9.342792542279491386e+01
-6.974511542279492460e+01
-7.290282342279490990e+01
-6.658740742279492508e+01
-7.290282342279492411e+01
-7.448167742279491677e+01
-6.500855342279490401e+01
-6.816626142279491773e+01
-5.553542942279492678e+01
-6.816626142279491773e+01
-8.237594742279492266e+01
-6.816626142279491773e+01
-7.290282342279490990e+01
-5.869313742279491919e+01
-7.448167742279491677e+01
-7.290282342279490990e+01
-7.921823942279492314e+01
-7.606053142279492363e+01
-6.500855342279493243e+01
-6.342969942279491136e+01
-6.974511542279491039e+01
-5.711428342279492654e+01
-8.869136342279492169e+01
-5.711428342279492654e+01
-4.606230542279492113e+01
-7.448167742279491677e+01
-6.027199142279492605e+01
-8.711250942279492904e+01
-6.027199142279491895e+01
-6.500855342279490401e+01
-7.606053142279490942e+01
-7.763938542279491628e+01
-6.658740742279491087e+01
-5.553542942279491967e+01
-7.921823942279492314e+01
-5.869313742279491919e+01
-6.027199142279492605e+01
-8.237594742279492266e+01
-8.395480142279491531e+01
-7.132396942279491725e+01
-6.658740742279491087e+01
-6.500855342279490401e+01
-6.342969942279491846e+01
-7.448167742279491677e+01
-8.079709342279491580e+01
-6.342969942279491846e+01
-6.974511542279491039e+01
-6.027199142279491895e+01
-9.816448742279490602e+01
-4.606230542279492113e+01
-6.658740742279491087e+01
-6.658740742279491087e+01
-8.711250942279492904e+01
-4.764115942279492799e+01
-6.500855342279491822e+01
-7.448167742279491677e+01
-7.448167742279491677e+01
-6.342969942279491136e+01
-8.237594742279492266e+01
-8.869136342279490748e+01
-6.185084542279492581e+01
-8.553365542279492217e+01
-7.921823942279492314e+01
-6.500855342279490401e+01
-8.237594742279492266e+01
-6.816626142279491773e+01
-7.921823942279490893e+01
-4.922001342279492064e+01
-6.342969942279492557e+01
-6.500855342279490401e+01
-5.553542942279491257e+01
-8.711250942279492904e+01
-7.448167742279491677e+01
-7.448167742279491677e+01
-6.816626142279491773e+01
-6.027199142279491895e+01
-7.132396942279490304e+01
-7.132396942279491725e+01
-5.237772142279492726e+01
-6.342969942279491846e+01
-6.342969942279492557e+01
-4.764115942279491378e+01
-7.132396942279491725e+01
-6.816626142279491773e+01
-6.974511542279492460e+01
-6.185084542279491870e+01
-6.816626142279491773e+01
-6.027199142279492605e+01
-6.816626142279491773e+01
-7.763938542279491628e+01
-5.395657542279492702e+01
-7.290282342279490990e+01
-6.658740742279492508e+01
-8.237594742279489424e+01
-7.763938542279493049e+01
-6.500855342279490401e+01
-8.711250942279491483e+01
-6.658740742279492508e+01
-7.448167742279491677e+01
-8.237594742279490845e+01
-7.606053142279492363e+01
-6.974511542279491039e+01
-6.500855342279490401e+01
-6.027199142279491895e+01
-4.922001342279492064e+01
-7.606053142279490942e+01
-6.816626142279491773e+01
-7.763938542279491628e+01
-6.816626142279491773e+01
-6.974511542279492460e+01
-7.290282342279490990e+01
-6.658740742279492508e+01
-6.500855342279491822e+01
-6.027199142279492605e+01
-6.342969942279491136e+01
-6.658740742279491087e+01
-6.342969942279491136e+01
-6.342969942279492557e+01
-7.763938542279491628e+01
-6.974511542279492460e+01
-5.553542942279491257e+01
-7.290282342279490990e+01
-6.185084542279491870e+01
-7.290282342279490990e+01
-7.606053142279490942e+01
-7.606053142279490942e+01
-7.290282342279492411e+01
-5.711428342279492654e+01
-7.606053142279490942e+01
-4.764115942279492799e+01
-5.711428342279492654e+01
-7.448167742279491677e+01
-7.128600323006770623e+01
1.939614687699323099e+02
-5.233975523006772335e+01
-1.202304772300677200e+02
-6.339173323006772875e+01
-5.707631723006771551e+01
-6.552989230067716164e+00
-3.339350723006772625e+01
-2.865694523006772343e+01
-3.023579923006772319e+01
-2.707809123006772722e+01
-1.760496723006771802e+01
-3.497236123006772601e+01
-2.865694523006771988e+01
-5.076090123006771648e+01
-3.023579923006771963e+01
-3.497236123006771891e+01
-2.707809123006772012e+01
-3.339350723006772625e+01
-1.286840523006772052e+01
-2.549923723006772036e+01
-2.076267523006772109e+01
-1.760496723006772157e+01
-3.655121523006771866e+01
-2.549923723006772036e+01
-3.655121523006772577e+01
-3.655121523006771866e+01
-4.602433923006771721e+01
-3.655121523006771866e+01
-3.339350723006772625e+01
-2.549923723006772036e+01
-1.918382123006772133e+01
-2.865694523006771988e+01
-2.549923723006772036e+01
-2.865694523006772343e+01
-3.497236123006771891e+01
-4.974135230067719959e+00
-2.865694523006771988e+01
-3.339350723006772625e+01
-2.392038323006772060e+01
-1.760496723006772157e+01
-1.760496723006772157e+01
-1.602611323006772182e+01
-2.234152923006772085e+01
-3.023579923006772319e+01
-1.444725923006772028e+01
-3.023579923006771963e+01
-8.131843230067719475e+00
-2.234152923006772085e+01
-2.234152923006772085e+01
-1.760496723006772157e+01
-3.970892323006772529e+01
-1.760496723006772157e+01
-3.655121523006771866e+01
-2.549923723006772391e+01
-2.549923723006772036e+01
-2.549923723006772391e+01
-6.552989230067721493e+00
-1.286840523006771875e+01
-2.549923723006772391e+01
-3.339350723006771915e+01
-1.760496723006772157e+01
-2.392038323006772060e+01
-9.710697230067721009e+00
-2.707809123006772012e+01
-1.760496723006772157e+01
-1.602611323006772182e+01
-2.865694523006771988e+01
-2.076267523006772109e+01
-4.760319323006771697e+01
-8.131843230067723027e+00
-1.602611323006772182e+01
-1.286840523006772230e+01
-1.760496723006772157e+01
-1.760496723006772157e+01
-9.710697230067722785e+00
-2.234152923006772085e+01
-1.918382123006772488e+01
-2.865694523006771988e+01
2.920134769932278385e+00
-3.497236123006771891e+01
-4.286663123006772480e+01
-3.339350723006771915e+01
-2.392038323006772060e+01
-2.234152923006772085e+01
-3.497236123006771891e+01
-6.552989230067721493e+00
-2.549923723006772036e+01
-8.131843230067719475e+00
-1.602611323006772182e+01
1.081440476993227939e+01
-2.234152923006772085e+01
-4.128777723006772504e+01
-1.602611323006772182e+01
-4.286663123006772480e+01
-1.918382123006772133e+01
-1.602611323006772182e+01
-1.918382123006772133e+01
-3.655121523006772577e+01
-2.076267523006772109e+01
-1.918382123006772133e+01
-8.131843230067721251e+00
-2.076267523006772109e+01
-1.286840523006772052e+01
-3.970892323006771818e+01
-1.444725923006772028e+01
-2.392038323006772060e+01
-2.392038323006772416e+01
-5.233975523006772335e+01
-1.128955123006771899e+01
-1.444725923006772383e+01
-2.076267523006772109e+01
-1.444725923006772206e+01
-4.918204723006772383e+01
-1.602611323006772182e+01
-9.710697230067719232e+00
-1.444725923006772383e+01
-3.023579923006772319e+01
2.920134769932278385e+00
-4.286663123006771769e+01
-2.549923723006772036e+01
-1.444725923006772383e+01
-2.076267523006772109e+01
-9.710697230067721009e+00
-2.076267523006772109e+01
-2.375732300677206865e-01
-2.549923723006772036e+01
-1.444725923006772206e+01
-4.128777723006772504e+01
-9.710697230067721009e+00
-1.918382123006772133e+01
-2.549923723006772036e+01
-2.392038323006772416e+01
-1.602611323006772182e+01
-1.444725923006772383e+01
-3.181465323006772294e+01
-1.918382123006772133e+01
-1.286840523006772052e+01
-3.497236123006771891e+01
-1.918382123006772133e+01
-3.023579923006772319e+01
-1.760496723006772157e+01
-1.760496723006772157e+01
-1.128955123006772077e+01
-3.655121523006772577e+01
-2.234152923006772085e+01
-2.707809123006772012e+01
-1.602611323006772182e+01
-3.023579923006771963e+01
-2.234152923006772085e+01
-9.710697230067722785e+00
-8.131843230067723027e+00
-1.128955123006772077e+01
-2.392038323006772060e+01
-2.392038323006772060e+01
-1.918382123006772488e+01
-2.392038323006772060e+01
-1.128955123006772254e+01
-3.181465323006772294e+01
-1.128955123006772077e+01
-3.023579923006772319e+01
-2.707809123006772012e+01
-2.865694523006771988e+01
-2.392038323006771705e+01
-1.602611323006772182e+01
-1.760496723006772157e+01
-2.076267523006772109e+01
-2.549923723006772391e+01
-1.128955123006771899e+01
-3.339350723006771915e+01
7.656696769932277213e+00
-1.602611323006772182e+01
-2.549923723006772036e+01
-8.131843230067721251e+00
2.920134769932275276e+00
-1.444725923006772028e+01
-2.076267523006772109e+01
-2.549923723006772036e+01
-1.918382123006772488e+01
-2.234152923006772085e+01
-2.076267523006772109e+01
-2.234152923006772085e+01
-2.076267523006772109e+01
-2.234152923006772085e+01
-2.865694523006771988e+01
-3.395281230067721978e+00
-2.375732300677224629e-01
-3.023579923006772319e+01
-2.707809123006772012e+01
-3.181465323006771939e+01
-1.918382123006772133e+01
-1.602611323006772182e+01
-2.234152923006772085e+01
-1.602611323006771826e+01
-2.707809123006772012e+01
-4.602433923006772432e+01
-1.128955123006772077e+01
-3.339350723006772625e+01
-3.181465323006771939e+01
-4.602433923006772432e+01
6.077842769932278344e+00
-1.760496723006772157e+01
-2.234152923006772085e+01
-1.444725923006772028e+01
-3.655121523006771866e+01
-1.760496723006772157e+01
-1.918382123006772133e+01
-1.602611323006772182e+01
-1.444725923006772206e+01
-4.974135230067721736e+00
-1.760496723006772157e+01
-2.865694523006772343e+01
-1.602611323006772182e+01
-3.497236123006771891e+01
-8.131843230067721251e+00
-2.549923723006772036e+01
-2.234152923006772085e+01
-8.131843230067721251e+00
-2.076267523006772109e+01
-1.286840523006772052e+01
-2.076267523006772464e+01
-1.816427230067722220e+00
-2.392038323006772060e+01
-8.131843230067719475e+00
-3.655121523006772577e+01
-2.234152923006772085e+01
-3.497236123006771891e+01
-2.234152923006772085e+01
-1.602611323006772182e+01
-3.970892323006772529e+01
-2.234152923006772085e+01
-2.707809123006772367e+01
1.341280769932278849e+00
-2.234152923006772085e+01
-2.865694523006772343e+01
-8.131843230067721251e+00
-3.339350723006772625e+01
-1.816427230067722220e+00
-2.234152923006772085e+01
-1.128955123006772077e+01
-3.497236123006771891e+01
-2.076267523006772109e+01
-3.181465323006772294e+01
-2.865694523006772343e+01
-8.131843230067721251e+00
-4.444548523006772456e+01
-6.552989230067721493e+00
-3.181465323006772294e+01
-3.655121523006771866e+01
-8.131843230067721251e+00
-2.549923723006772036e+01
-3.655121523006771866e+01
-3.339350723006771915e+01
-1.286840523006772052e+01
-3.497236123006771891e+01
-9.710697230067721009e+00
-3.655121523006771866e+01
-1.760496723006772157e+01
-1.602611323006772182e+01
-3.970892323006771818e+01
-1.816427230067723997e+00
-2.865694523006771988e+01
-8.131843230067721251e+00
-2.865694523006772343e+01
-2.707809123006772012e+01
-2.549923723006772036e+01
-2.234152923006772085e+01
-3.023579923006772319e+01
-1.918382123006771778e+01
-2.076267523006772109e+01
-2.234152923006771729e+01
-3.181465323006772294e+01
-2.234152923006772085e+01
-9.710697230067721009e+00
-4.128777723006771794e+01
-1.602611323006772182e+01
-1.286840523006772052e+01
-3.497236123006771891e+01
-9.710697230067719232e+00
-3.655121523006771866e+01
-2.076267523006772109e+01
-4.286663123006771769e+01
-1.918382123006772133e+01
-4.974135230067719959e+00
-9.710697230067719232e+00
-8.131843230067719475e+00
-1.918382123006772133e+01
-1.816427230067720444e+00
-2.392038323006772060e+01
-1.444725923006772028e+01
-2.865694523006771988e+01
-4.974135230067721736e+00
-4.974135230067721736e+00
-2.865694523006772343e+01
-2.076267523006772109e+01
-2.707809123006772012e+01
-1.286840523006772052e+01
-3.497236123006771891e+01
-2.234152923006771729e+01
-3.497236123006771891e+01
-4.974135230067719959e+00
-1.444725923006772206e+01
-3.655121523006772577e+01
-2.076267523006772109e+01
-1.444725923006772028e+01
-1.918382123006772133e+01
-2.549923723006772036e+01
-1.286840523006772230e+01
-1.760496723006772157e+01
-1.918382123006772133e+01
-1.760496723006772157e+01
-2.392038323006772416e+01
-1.444725923006772028e+01
-2.392038323006772416e+01
-2.234152923006772085e+01
-2.392038323006772060e+01
-2.234152923006772085e+01
-6.552989230067726822e+00
-2.549923723006772036e+01
-2.076267523006772109e+01
-2.392038323006772060e+01
-3.023579923006771963e+01
-2.076267523006772109e+01
-1.286840523006772052e+01
-8.131843230067721251e+00
-3.339350723006771915e+01
-2.234152923006772085e+01
-1.444725923006772206e+01
-3.181465323006772294e+01
-2.549923723006772036e+01
-2.392038323006772060e+01
-1.444725923006772028e+01
-3.181465323006771939e+01
-1.602611323006772182e+01
-2.234152923006772085e+01
-8.131843230067719475e+00
-3.497236123006771891e+01
-2.392038323006772060e+01
-1.918382123006772133e+01
-3.970892323006772529e+01
-3.497236123006771891e+01
-3.497236123006771891e+01
-2.234152923006772085e+01
-2.707809123006772012e+01
-3.395281230067721978e+00
-3.181465323006771939e+01
-2.375732300677206865e-01
-2.076267523006772109e+01
-2.549923723006772036e+01
-1.128955123006772077e+01
-9.710697230067721009e+00
-1.816427230067720444e+00
-3.339350723006771915e+01
-3.813006923006772553e+01
-1.760496723006772157e+01
-1.760496723006772157e+01
-1.444725923006772028e+01
-3.970892323006771818e+01
-2.076267523006772109e+01
-3.023579923006771963e+01
-3.181465323006771939e+01
-1.444725923006772206e+01
-1.602611323006772182e+01
7.656696769932279878e+00
-1.602611323006772182e+01
-2.234152923006772085e+01
-3.970892323006772529e+01
-2.865694523006772343e+01
-3.497236123006771891e+01
-1.760496723006772157e+01
-2.392038323006772060e+01
-8.131843230067723027e+00
-2.076267523006772109e+01
-8.131843230067719475e+00
-1.128955123006772077e+01
-2.865694523006771988e+01
-1.760496723006772157e+01
-4.974135230067721736e+00
-2.549923723006772036e+01
-2.234152923006772085e+01
-2.392038323006771705e+01
7.656696769932278990e+00
-1.602611323006772182e+01
-2.549923723006772036e+01
-1.602611323006772182e+01
-2.234152923006772085e+01
-1.760496723006772157e+01
-3.023579923006771963e+01
-1.444725923006772028e+01
-1.816427230067722220e+00
-2.549923723006772036e+01
-3.339350723006771915e+01
-2.076267523006772109e+01
-1.444725923006772028e+01
-1.128955123006772077e+01
-8.131843230067719475e+00
-2.076267523006772464e+01
-2.707809123006772012e+01
-6.552989230067721493e+00
-1.760496723006772157e+01
-2.707809123006772012e+01
-1.760496723006772157e+01
-4.286663123006771769e+01
-1.918382123006772133e+01
-2.707809123006772367e+01
-2.707809123006772012e+01
-1.602611323006772182e+01
-2.392038323006772060e+01
-1.444725923006772028e+01
-3.023579923006771963e+01
-1.760496723006772157e+01
-2.707809123006772012e+01
-3.395281230067721978e+00
-2.375732300677206865e-01
-3.655121523006771866e+01
-4.974135230067723512e+00
-2.234152923006772440e+01
-3.181465323006772294e+01
-3.497236123006771891e+01
-2.707809123006772367e+01
-2.392038323006772416e+01
-3.655121523006771866e+01
-2.392038323006772060e+01
-2.549923723006772036e+01
-9.710697230067722785e+00
-3.181465323006771939e+01
-1.286840523006771875e+01
-2.865694523006771988e+01
1.341280769932280847e+00
-2.392038323006772416e+01
-2.865694523006771988e+01
-2.076267523006772109e+01
-2.076267523006772109e+01
-9.710697230067721009e+00
-2.076267523006772109e+01
-3.181465323006772294e+01
-3.395281230067721090e+00
-2.549923723006772391e+01
-2.234152923006771729e+01
-2.865694523006772343e+01
-1.918382123006772133e+01
-2.392038323006772060e+01
-8.131843230067721251e+00
-2.707809123006772367e+01
-2.392038323006772060e+01
-2.549923723006772036e+01
-1.918382123006772133e+01
1.341280769932280847e+00
-1.602611323006772182e+01
-8.131843230067719475e+00
-4.444548523006771745e+01
-2.549923723006772036e+01
-1.760496723006771802e+01
-3.339350723006772625e+01
-3.023579923006772319e+01
-3.181465323006771939e+01
-2.707809123006772012e+01
-1.444725923006772028e+01
-3.181465323006771939e+01
-1.128955123006772077e+01
-8.131843230067721251e+00
-2.865694523006771988e+01
-2.076267523006772109e+01
-1.602611323006772182e+01
-2.076267523006772109e+01
-2.076267523006772109e+01
-2.392038323006771705e+01
-9.710697230067721009e+00
-3.497236123006771891e+01
-1.918382123006772488e+01
-1.286840523006772230e+01
-3.970892323006771818e+01
-3.395281230067721978e+00
-1.760496723006772157e+01
-4.974135230067719959e+00
-2.549923723006772391e+01
-1.918382123006772133e+01
-3.395281230067721978e+00
-6.552989230067721493e+00
-2.707809123006772012e+01
-2.076267523006772109e+01
-2.076267523006772109e+01
-2.707809123006772012e+01
-9.710697230067722785e+00
-3.181465323006772294e+01
-2.865694523006771988e+01
-1.760496723006772157e+01
-3.497236123006771891e+01
-1.286840523006772052e+01
-2.865694523006772343e+01
1.341280769932280847e+00
-1.918382123006772133e+01
-3.181465323006771939e+01
-2.234152923006772440e+01
-2.392038323006772060e+01
-1.816427230067722220e+00
-1.602611323006772182e+01
-8.131843230067719475e+00
-3.181465323006772294e+01
-4.128777723006771794e+01
-9.710697230067722785e+00
-4.128777723006771794e+01
-3.339350723006771915e+01
-2.707809123006772367e+01
-1.444725923006771851e+01
-2.707809123006772012e+01
-2.234152923006772085e+01
-9.710697230067721009e+00
-2.549923723006772036e+01
-2.234152923006772085e+01
-1.444725923006772028e+01
-2.392038323006771705e+01
-2.076267523006772109e+01
-3.339350723006772625e+01
-3.339350723006772625e+01
-3.181465323006772294e+01
-4.974135230067723512e+00
-1.760496723006772157e+01
-1.602611323006772182e+01
-3.023579923006771963e+01
-6.552989230067721493e+00
-1.918382123006772133e+01
-1.918382123006772133e+01
-1.286840523006772408e+01
-4.444548523006771745e+01
4.498988769932278586e+00
-1.918382123006772133e+01
-6.552989230067721493e+00
-2.076267523006772109e+01
-2.392038323006772416e+01
-1.918382123006772133e+01
-3.970892323006771818e+01
1.341280769932277295e+00
-2.707809123006772367e+01
-1.760496723006772157e+01
-1.918382123006772133e+01
-1.444725923006772028e+01
-3.813006923006771842e+01
-1.816427230067720444e+00
-9.710697230067722785e+00
-2.076267523006772109e+01
-1.602611323006772182e+01
-2.076267523006772464e+01
-1.286840523006772052e+01
-2.707809123006772012e+01
-1.602611323006772182e+01
-3.023579923006771963e+01
-1.444725923006772028e+01
-2.707809123006772012e+01
-9.710697230067721009e+00
-1.602611323006772182e+01
-2.234152923006772085e+01
-2.392038323006772060e+01
-1.286840523006772230e+01
-1.760496723006772157e+01
-2.707809123006772012e+01
-2.076267523006772109e+01
-1.128955123006772432e+01
-3.181465323006772294e+01
-3.395281230067721978e+00
-3.395281230067720202e+00
-2.392038323006772416e+01
-1.444725923006772028e+01
-3.813006923006771842e+01
-2.234152923006772085e+01
-2.076267523006772109e+01
-1.286840523006772052e+01
-1.602611323006772182e+01
-2.392038323006772416e+01
-3.497236123006771891e+01
-2.549923723006772391e+01
-1.128955123006772432e+01
-2.707809123006772012e+01
-1.918382123006772133e+01
-1.816427230067722220e+00
-3.339350723006771915e+01
-2.707809123006772012e+01
-1.816427230067720444e+00
-3.181465323006772294e+01
-3.395281230067720646e+00
-2.707809123006772367e+01
-2.865694523006772343e+01
-2.375732300677217967e-01
-4.974135230067719959e+00
-2.549923723006772036e+01
-2.549923723006772036e+01
-1.816427230067721776e+00
-3.339350723006772625e+01
-2.707809123006772012e+01
-1.760496723006772157e+01
-1.918382123006771778e+01
-1.918382123006772133e+01
-2.865694523006771988e+01
-1.918382123006772133e+01
-2.392038323006772060e+01
-1.128955123006772077e+01
-3.970892323006771818e+01
-2.865694523006772343e+01
-1.760496723006772157e+01
-2.392038323006772060e+01
-9.710697230067719232e+00
-4.286663123006772480e+01
-2.234152923006772085e+01
-3.339350723006771915e+01
-2.392038323006772060e+01
-3.395281230067720202e+00
-2.707809123006772012e+01
-2.707809123006772012e+01
-1.918382123006772133e+01
-3.339350723006772625e+01
-1.760496723006772157e+01
-8.131843230067723027e+00
-1.760496723006772157e+01
-3.497236123006771891e+01
-2.076267523006772109e+01
-2.865694523006772343e+01
-1.444725923006772028e+01
-1.918382123006772133e+01
-1.918382123006772488e+01
-1.760496723006772157e+01
-2.076267523006772109e+01
-1.286840523006772052e+01
-3.181465323006771939e+01
-2.549923723006772036e+01
1.341280769932279515e+00
-9.710697230067721009e+00
-1.444725923006772028e+01
-4.444548523006771745e+01
-1.128955123006772077e+01
-9.710697230067721009e+00
-3.181465323006771939e+01
-2.865694523006771988e+01
-1.444725923006772206e+01
-3.023579923006771963e+01
-3.181465323006772294e+01
-2.865694523006772343e+01
-1.918382123006772133e+01
-2.392038323006772060e+01
-1.918382123006772133e+01
-4.974135230067721736e+00
-2.549923723006772036e+01
-6.552989230067721493e+00
-2.707809123006772367e+01
-1.128955123006772254e+01
-3.339350723006772625e+01
-1.128955123006772077e+01
-1.286840523006771875e+01
-3.655121523006772577e+01
-1.760496723006772157e+01
-2.392038323006772060e+01
-2.076267523006772109e+01
-2.375732300677206865e-01
-4.760319323006771697e+01
-1.602611323006772182e+01
-3.813006923006771842e+01
-2.234152923006772085e+01
-4.286663123006771769e+01
-9.710697230067722785e+00
-1.918382123006772133e+01
-2.392038323006772060e+01
-2.549923723006772036e+01
-1.128955123006772077e+01
-2.392038323006772060e+01
-2.392038323006772060e+01
-2.234152923006772085e+01
-2.392038323006772060e+01
-2.865694523006771988e+01
-6.552989230067719717e+00
-3.339350723006772625e+01
-4.974135230067721736e+00
-2.234152923006772085e+01
-2.076267523006772109e+01
-4.286663123006771769e+01
-2.707809123006772012e+01
-1.816427230067723997e+00
-3.339350723006771915e+01
-1.444725923006772206e+01
-1.918382123006772133e+01
-2.707809123006772012e+01
-1.760496723006772157e+01
-1.918382123006772133e+01
-1.760496723006772157e+01
-3.339350723006771915e+01
-1.918382123006772133e+01
-3.497236123006771891e+01
-2.234152923006772085e+01
-4.760319323006771697e+01
-1.760496723006772157e+01
-2.865694523006771988e+01
-3.181465323006772294e+01
-1.760496723006772157e+01
-2.234152923006772085e+01
-3.497236123006771891e+01
-3.023579923006771963e+01
-2.707809123006772012e+01
-3.181465323006771939e+01
-1.128955123006772077e+01
-4.602433923006771721e+01
-2.392038323006772060e+01
-9.710697230067721009e+00
-1.918382123006772133e+01
-2.076267523006772109e+01
-3.023579923006771963e+01
-2.076267523006772109e+01
-2.865694523006771988e+01
-2.076267523006772109e+01
-3.339350723006771915e+01
-1.286840523006772230e+01
-1.286840523006772230e+01
-3.339350723006772625e+01
-4.444548523006771745e+01
-2.865694523006771988e+01
-2.234152923006772085e+01
-9.710697230067722785e+00
-1.760496723006772157e+01
-3.181465323006771939e+01
-2.549923723006772036e+01
-1.918382123006772488e+01
-1.918382123006772133e+01
-1.286840523006772052e+01
-1.816427230067720444e+00
-1.918382123006772133e+01
-2.707809123006772367e+01
-1.444725923006772206e+01
-1.286840523006772052e+01
-8.131843230067721251e+00
-2.076267523006772109e+01
-3.339350723006771915e+01
-1.602611323006772182e+01
-1.286840523006772052e+01
-1.602611323006772182e+01
-1.760496723006772157e+01
-2.707809123006772367e+01
-3.813006923006771842e+01
-3.497236123006771891e+01
-2.234152923006772085e+01
-1.602611323006772182e+01
-1.918382123006772133e+01
-2.234152923006772085e+01
-3.339350723006771915e+01
-1.816427230067721332e+00
-2.234152923006772085e+01
-3.023579923006771963e+01
-3.655121523006772577e+01
-1.918382123006772133e+01
-1.602611323006772182e+01
-1.918382123006772133e+01
-1.286840523006771875e+01
-3.655121523006771866e+01
-1.286840523006772408e+01
-8.131843230067721251e+00
2.920134769932278829e+00
-2.865694523006771988e+01
-4.286663123006771769e+01
-2.707809123006772012e+01
-2.076267523006772109e+01
-1.128955123006771899e+01
-1.128955123006772077e+01
-4.286663123006771769e+01
-1.286840523006771875e+01
-2.392038323006772060e+01
-2.234152923006772085e+01
-2.865694523006772343e+01
-1.760496723006772157e+01
-1.760496723006772157e+01
-1.760496723006772157e+01
-3.023579923006772319e+01
-3.339350723006772625e+01
-1.128955123006772077e+01
-9.710697230067721009e+00
-2.549923723006772036e+01
-1.816427230067720444e+00
-9.710697230067722785e+00
-3.970892323006771818e+01
-2.707809123006772367e+01
1.341280769932279071e+00
-9.710697230067721009e+00
-1.918382123006772133e+01
-3.970892323006771818e+01
-2.234152923006772085e+01
-1.760496723006772157e+01
-2.234152923006772440e+01
-1.444725923006772206e+01
-3.023579923006771963e+01
-1.286840523006771875e+01
-1.128955123006771899e+01
-1.444725923006772028e+01
-1.286840523006772230e+01
-5.076090123006771648e+01
-2.234152923006772085e+01
-2.375732300677242392e-01
-6.552989230067721493e+00
-2.549923723006772036e+01
-2.549923723006772036e+01
-3.339350723006771915e+01
-1.286840523006772230e+01
-1.444725923006772028e+01
-2.707809123006772367e+01
-1.286840523006772052e+01
-4.974135230067719959e+00
-3.497236123006771891e+01
-3.813006923006771842e+01
-1.444725923006772028e+01
-2.234152923006771729e+01
-3.181465323006771939e+01
-1.128955123006772077e+01
-1.760496723006772157e+01
-9.710697230067721009e+00
-1.444725923006772206e+01
-1.286840523006772052e+01
-2.375732300677206865e-01
-2.549923723006772036e+01
-2.549923723006772036e+01
-4.286663123006771769e+01
-1.918382123006772133e+01
-2.549923723006772036e+01
-9.710697230067721009e+00
-1.444725923006772028e+01
-1.128955123006772077e+01
-3.339350723006771915e+01
-2.549923723006772036e+01
-1.128955123006772077e+01
-1.918382123006772133e+01
-1.444725923006772206e+01
-1.918382123006772133e+01
-6.552989230067719717e+00
-2.865694523006772343e+01
-2.234152923006772440e+01
-1.602611323006772182e+01
-2.707809123006772367e+01
-2.234152923006771729e+01
-1.602611323006772182e+01
-1.760496723006772157e+01
-1.602611323006772182e+01
-3.023579923006772319e+01
-3.339350723006771915e+01
-1.602611323006772182e+01
-2.392038323006772060e+01
-3.497236123006771891e+01
1.341280769932279071e+00
-2.549923723006772036e+01
-2.549923723006772391e+01
-1.444725923006771851e+01
-1.602611323006772182e+01
-5.076090123006771648e+01
-1.128955123006772077e+01
-1.760496723006772157e+01
-1.444725923006771851e+01
-1.602611323006772182e+01
-1.602611323006772182e+01
-1.444725923006772206e+01
-2.076267523006772109e+01
-1.918382123006772133e+01
-2.375732300677211306e-01
-4.974135230067721736e+00
-3.655121523006772577e+01
-2.392038323006772060e+01
-2.392038323006772060e+01
-2.549923723006772391e+01
-1.918382123006772133e+01
-2.707809123006772012e+01
-2.076267523006772109e+01
-2.375732300677217967e-01
-3.181465323006771939e+01
7.656696769932274549e+00
-2.234152923006772085e+01
-3.339350723006771915e+01
-1.918382123006772133e+01
2.920134769932278829e+00
-2.076267523006772109e+01
-2.234152923006772085e+01
-8.131843230067719475e+00
-1.286840523006772052e+01
-1.286840523006772052e+01
-1.918382123006772133e+01
-1.918382123006772133e+01
-9.710697230067721009e+00
-1.602611323006772182e+01
-1.286840523006772052e+01
-2.865694523006772343e+01
-1.918382123006772133e+01
-3.813006923006771842e+01
-2.707809123006772012e+01
-4.974135230067719959e+00
-1.128955123006772077e+01
-3.023579923006771963e+01
-1.444725923006772206e+01
-1.918382123006772133e+01
-2.707809123006772012e+01
-1.286840523006772052e+01
-2.076267523006772109e+01
-2.234152923006772085e+01
-3.181465323006772294e+01
-3.023579923006771963e+01
-2.707809123006772012e+01
-2.234152923006772085e+01
-1.128955123006772254e+01
-1.444725923006771851e+01
-2.076267523006772109e+01
-2.234152923006772085e+01
-2.549923723006772036e+01
-2.392038323006772060e+01
-3.181465323006771939e+01
-1.760496723006772157e+01
-1.444725923006772028e+01
-1.760496723006772157e+01
-2.076267523006772464e+01
-2.234152923006772085e+01
-1.286840523006772230e+01
-1.760496723006771802e+01
-2.707809123006772012e+01
-2.076267523006772109e+01
9.235550769932279636e+00
-2.865694523006772343e+01
-2.375732300677224629e-01
-8.131843230067723027e+00
-3.181465323006771939e+01
-1.760496723006772157e+01
-1.760496723006772157e+01
-1.286840523006772052e+01
-3.655121523006771866e+01
-2.234152923006772085e+01
-3.970892323006771818e+01
-1.602611323006772182e+01
-1.760496723006772157e+01
-3.813006923006771842e+01
-9.710697230067721009e+00
-1.444725923006772028e+01
-1.128955123006772254e+01
-2.549923723006772036e+01
-9.710697230067722785e+00
-3.023579923006771963e+01
-3.023579923006771963e+01
-9.710697230067719232e+00
-1.444725923006772206e+01
-2.076267523006772109e+01
-2.392038323006772416e+01
-2.707809123006772012e+01
-1.918382123006772133e+01
-1.602611323006772182e+01
1.555096676993228222e+01
-2.549923723006772036e+01
-3.023579923006771963e+01
-2.234152923006772085e+01
-3.023579923006772319e+01
-4.974135230067721736e+00
-2.549923723006772036e+01
-8.131843230067721251e+00
-2.392038323006772416e+01
-1.444725923006772028e+01
-1.444725923006772206e+01
-2.707809123006772012e+01
4.498988769932278586e+00
-2.865694523006772343e+01
-2.076267523006772109e+01
-2.865694523006771988e+01
-2.076267523006772109e+01
-2.076267523006772109e+01
-2.392038323006772060e+01
-2.392038323006772060e+01
-1.444725923006772206e+01
-1.760496723006772157e+01
-2.076267523006772109e+01
-2.865694523006771988e+01
-2.865694523006772343e+01
-2.234152923006772085e+01
-1.602611323006772182e+01
-2.707809123006772012e+01
-3.339350723006772625e+01
-4.286663123006772480e+01
-2.549923723006772036e+01
-4.974135230067721736e+00
-3.655121523006772577e+01
-1.444725923006772206e+01
-2.707809123006772367e+01
-1.760496723006772157e+01
-2.707809123006772012e+01
-1.128955123006772254e+01
-2.392038323006772416e+01
-2.076267523006772109e+01
-1.760496723006772157e+01
-1.602611323006772182e+01
-2.707809123006772012e+01
-1.816427230067722220e+00
-3.181465323006771939e+01
-3.181465323006771939e+01
-1.918382123006772133e+01
-1.286840523006772230e+01
-2.707809123006772367e+01
-1.444725923006772206e+01
-3.655121523006772577e+01
-1.918382123006772133e+01
-1.444725923006772028e+01
-1.816427230067721776e+00
-1.602611323006772182e+01
-2.076267523006772464e+01
-1.444725923006772028e+01
-9.710697230067722785e+00
-8.131843230067721251e+00
-1.760496723006772157e+01
-1.444725923006772206e+01
-2.234152923006772085e+01
-1.444725923006772206e+01
-1.602611323006772182e+01
-2.076267523006772109e+01
-3.970892323006771818e+01
-9.710697230067722785e+00
-9.710697230067722785e+00
-2.234152923006772085e+01
-2.375732300677215747e-01
-1.760496723006772157e+01
-1.128955123006771899e+01
-3.181465323006772294e+01
-2.392038323006772416e+01
-3.181465323006772294e+01
-1.128955123006772432e+01
-1.602611323006772182e+01
-2.375732300677217967e-01
-8.131843230067723027e+00
-2.076267523006772109e+01
-3.970892323006771818e+01
-4.444548523006771745e+01
-9.710697230067719232e+00
-4.760319323006771697e+01
-2.392038323006772060e+01
-2.375732300677211306e-01
-1.760496723006772157e+01
-8.131843230067721251e+00
-6.552989230067719717e+00
-1.918382123006772133e+01
-3.181465323006771939e+01
-1.286840523006772052e+01
-2.549923723006772036e+01
-1.816427230067720444e+00
-3.497236123006771891e+01
-8.131843230067719475e+00
-1.918382123006772133e+01
-2.375732300677206865e-01
-1.918382123006772133e+01
-3.497236123006771891e+01
-2.076267523006772109e+01
-2.707809123006772012e+01
-9.710697230067722785e+00
-3.339350723006772625e+01
-2.076267523006772109e+01
-9.710697230067722785e+00
-4.128777723006771794e+01
-1.760496723006772157e+01
-2.234152923006772085e+01
-6.552989230067721493e+00
-2.549923723006772391e+01
-3.655121523006772577e+01
-2.076267523006772109e+01
-2.549923723006772036e+01
-1.286840523006772052e+01
-2.707809123006772012e+01
-3.023579923006772319e+01
-1.918382123006772133e+01
-1.602611323006772182e+01
-2.865694523006772343e+01
-2.707809123006772012e+01
-3.339350723006772625e+01
-8.131843230067719475e+00
-2.549923723006772036e+01
-2.392038323006772060e+01
-8.131843230067721251e+00
-2.392038323006772060e+01
-1.602611323006772182e+01
-1.918382123006772133e+01
-3.181465323006771939e+01
-1.918382123006772133e+01
-9.710697230067722785e+00
-1.602611323006772182e+01
-8.131843230067721251e+00
-2.234152923006772085e+01
-2.076267523006772109e+01
-2.234152923006772085e+01
-2.076267523006772109e+01
-2.234152923006772440e+01
-2.549923723006772036e+01
-9.710697230067722785e+00
-2.865694523006771988e+01
-3.023579923006772319e+01
-2.076267523006772464e+01
-3.023579923006772319e+01
-1.918382123006772133e+01
-3.181465323006772294e+01
-1.918382123006772133e+01
-2.865694523006772343e+01
-8.131843230067719475e+00
-2.392038323006772060e+01
-2.392038323006772060e+01
-1.444725923006771851e+01
-2.392038323006772416e+01
-3.497236123006771891e+01
-2.707809123006772012e+01
-1.918382123006772133e+01
-1.918382123006772133e+01
-1.760496723006771802e+01
-2.707809123006772012e+01
-2.707809123006772367e+01
-3.497236123006771891e+01
-1.602611323006772182e+01
-2.549923723006772391e+01
-2.392038323006772416e+01
-2.076267523006772109e+01
-1.918382123006772133e+01
-9.710697230067721009e+00
-1.602611323006772182e+01
-1.760496723006772157e+01
-1.602611323006771826e+01
-4.128777723006771794e+01
-8.131843230067721251e+00
-3.655121523006772577e+01
-3.181465323006772294e+01
-2.076267523006772109e+01
-1.816427230067723997e+00
-2.234152923006772085e+01
-1.286840523006772052e+01
-1.128955123006772254e+01
-3.339350723006772625e+01
-1.128955123006772077e+01
-1.918382123006772133e+01
-2.076267523006772109e+01
-1.760496723006772157e+01
-2.865694523006771988e+01
-2.865694523006771988e+01
-3.395281230067721978e+00
-3.023579923006772319e+01
-4.286663123006772480e+01
-1.918382123006772133e+01
-1.286840523006771875e+01
6.077842769932278344e+00
-3.181465323006772294e+01
-3.395281230067721978e+00
-2.549923723006772036e+01
-1.444725923006772028e+01
-2.076267523006772109e+01
-2.234152923006772085e+01
-2.865694523006771988e+01
-1.918382123006772133e+01
-2.549923723006772036e+01
-2.392038323006772060e+01
-3.813006923006771842e+01
-2.076267523006772464e+01
-3.813006923006771842e+01
-9.710697230067721009e+00
-2.707809123006772012e+01
-4.974135230067721736e+00
-3.339350723006772625e+01
-1.602611323006772182e+01
-2.392038323006772416e+01
-2.865694523006771988e+01
-2.076267523006772109e+01
-2.392038323006772060e+01
-1.128955123006771899e+01
-2.865694523006771988e+01
-1.816427230067722220e+00
-1.760496723006772157e+01
-9.710697230067722785e+00
-8.131843230067719475e+00
-1.602611323006772182e+01
-4.602433923006771721e+01
-2.549923723006772036e+01
-1.760496723006772157e+01
-2.392038323006772060e+01
-2.707809123006772012e+01
-1.444725923006772028e+01
-2.234152923006772085e+01
-3.181465323006771939e+01
-2.707809123006772367e+01
-3.395281230067721090e+00
-2.865694523006772343e+01
-9.710697230067721009e+00
-1.760496723006772157e+01
-3.813006923006771842e+01
-4.974135230067721736e+00
-2.392038323006772060e+01
-1.286840523006772052e+01
-1.128955123006772077e+01
-1.918382123006772133e+01
-2.234152923006772085e+01
-1.128955123006772077e+01
-9.710697230067721009e+00
-2.707809123006772012e+01
-9.710697230067721009e+00
-1.760496723006772157e+01
-2.234152923006772085e+01
-2.865694523006771988e+01
-1.286840523006772230e+01
-2.707809123006772367e+01
-3.655121523006772577e+01
-1.760496723006772157e+01
-2.234152923006772085e+01
-3.655121523006771866e+01
-2.865694523006771988e+01
-1.286840523006772052e+01
-2.076267523006772109e+01
-2.865694523006771988e+01
-2.549923723006772036e+01
-1.760496723006772157e+01
-2.392038323006771705e+01
-3.655121523006772577e+01
-4.974135230067721736e+00
-9.710697230067721009e+00
-6.552989230067721493e+00
-1.918382123006772133e+01
-2.392038323006772060e+01
-2.234152923006772085e+01
-2.707809123006772012e+01
-2.076267523006772109e+01
-3.655121523006771866e+01
-1.128955123006772254e+01
-2.865694523006771988e+01
4.498988769932278586e+00
1.341280769932279071e+00
-3.497236123006771891e+01
-2.549923723006772391e+01
-1.128955123006772077e+01
-1.602611323006772182e+01
-2.234152923006772085e+01
-3.023579923006772319e+01
-2.076267523006772109e+01
-1.602611323006772182e+01
-6.552989230067720605e+00
-2.865694523006771988e+01
-2.076267523006772109e+01
-2.234152923006772085e+01
-1.128955123006772077e+01
-1.286840523006772230e+01
-6.552989230067721493e+00
-1.918382123006772133e+01
-2.234152923006772440e+01
-1.816427230067720444e+00
-3.655121523006771866e+01
-1.760496723006772157e+01
-2.076267523006772109e+01
-1.286840523006772052e+01
-2.865694523006771988e+01
-3.023579923006772319e+01
-1.816427230067720444e+00
-1.918382123006772133e+01
-3.181465323006772294e+01
-1.444725923006772206e+01
-3.655121523006771866e+01
-1.918382123006772133e+01
-2.076267523006772109e+01
-4.974135230067721736e+00
-2.234152923006772440e+01
-9.710697230067721009e+00
-6.552989230067721493e+00
-9.710697230067721009e+00
-9.710697230067721009e+00
-1.918382123006772133e+01
-3.497236123006771891e+01
-1.128955123006772077e+01
-2.375732300677206865e-01
-2.392038323006772060e+01
-1.918382123006772133e+01
-2.865694523006772343e+01
-6.552989230067719717e+00
-9.710697230067719232e+00
-2.865694523006771988e+01
-1.444725923006772206e+01
-3.813006923006771842e+01
-1.760496723006772157e+01
-4.444548523006771745e+01
-2.234152923006772085e+01
-1.918382123006772133e+01
-2.707809123006772012e+01
-2.392038323006772060e+01
-2.392038323006772060e+01
-1.444725923006771851e+01
-1.918382123006772133e+01
-1.444725923006772028e+01
-2.707809123006772012e+01
2.920134769932277052e+00
-2.076267523006772109e+01
-2.392038323006772416e+01
-1.816427230067722220e+00
-2.865694523006771988e+01
-1.286840523006772052e+01
-8.131843230067721251e+00
-3.023579923006772319e+01
-3.395281230067721978e+00
-1.602611323006772182e+01
-3.395281230067722422e+00
-3.339350723006771915e+01
2.920134769932278829e+00
-2.076267523006772464e+01
-2.392038323006772416e+01
-2.076267523006772109e+01
-1.760496723006772157e+01
-2.234152923006772085e+01
-2.707809123006772012e+01
-1.286840523006772052e+01
-1.602611323006772182e+01
-1.128955123006772254e+01
-1.444725923006772206e+01
7.656696769932277213e+00
-2.865694523006771988e+01
-2.076267523006772109e+01
-2.375732300677220188e-01
-1.444725923006772028e+01
-1.760496723006772157e+01
-3.497236123006771891e+01
-3.339350723006772625e+01
-3.339350723006771915e+01
-2.549923723006772036e+01
-1.602611323006772182e+01
-3.339350723006772625e+01
-3.181465323006771939e+01
-9.710697230067721009e+00
-3.497236123006771891e+01
-1.918382123006772133e+01
-1.918382123006772133e+01
-2.865694523006771988e+01
-2.865694523006771988e+01
-2.392038323006772060e+01
-1.444725923006771851e+01
-9.710697230067721009e+00
-8.131843230067719475e+00
-2.375732300677215747e-01
-1.918382123006772133e+01
6.077842769932280120e+00
-1.918382123006772133e+01
-4.444548523006771745e+01
-2.392038323006772060e+01
-1.602611323006772182e+01
-1.286840523006772230e+01
-1.444725923006771851e+01
-1.760496723006772157e+01
-2.865694523006771988e+01
6.077842769932278344e+00
-1.760496723006772157e+01
-1.444725923006772028e+01
-1.918382123006772488e+01
-1.602611323006772182e+01
-1.286840523006772052e+01
-3.813006923006771842e+01
-2.392038323006772060e+01
-1.760496723006772157e+01
-3.395281230067721978e+00
-3.181465323006771939e+01
-2.392038323006772416e+01
-8.131843230067719475e+00
-3.395281230067720202e+00
-9.710697230067721009e+00
-4.128777723006772504e+01
1.341280769932277295e+00
-9.710697230067719232e+00
-2.865694523006771988e+01
-1.760496723006772157e+01
-3.023579923006771963e+01
-9.710697230067721009e+00
-1.602611323006772182e+01
-2.234152923006772085e+01
-2.234152923006772085e+01
-3.023579923006771963e+01
-3.395281230067721978e+00
-2.707809123006772367e+01
-3.970892323006771818e+01
-1.602611323006772182e+01
-9.710697230067722785e+00
-8.131843230067721251e+00
-2.392038323006772060e+01
-1.918382123006772133e+01
-1.760496723006772157e+01
-1.816427230067720444e+00
-6.552989230067720605e+00
-1.760496723006772157e+01
-1.602611323006772182e+01
-1.444725923006771851e+01
-1.918382123006772133e+01
-6.552989230067721493e+00
7.656696769932278102e+00
-6.552989230067721493e+00
-1.760496723006772157e+01
-2.234152923006771729e+01
1.341280769932279071e+00
-2.375732300677211306e-01
-1.918382123006772133e+01
-1.602611323006772182e+01
-1.286840523006772052e+01
-2.707809123006772012e+01
-2.234152923006772085e+01
-4.974135230067719959e+00
-3.395281230067721978e+00
-2.549923723006772036e+01
-2.234152923006772440e+01
-1.444725923006772028e+01
2.920134769932278829e+00
-4.128777723006771794e+01
-1.128955123006771899e+01
-3.497236123006771891e+01
-2.707809123006772012e+01
-1.444725923006772206e+01
-3.655121523006771866e+01
-1.286840523006772052e+01
-1.918382123006772133e+01
-1.918382123006772133e+01
-2.392038323006772060e+01
-6.552989230067721493e+00
-2.234152923006772085e+01
-1.760496723006771802e+01
1.239325876993227382e+01
-3.655121523006771866e+01
-1.816427230067722665e+00
-3.339350723006771915e+01
-3.023579923006772319e+01
-3.023579923006771963e+01
-2.707809123006772012e+01
-2.549923723006772036e+01
-2.392038323006772060e+01
-2.549923723006772036e+01
-2.076267523006772464e+01
2.920134769932278385e+00
-3.181465323006771939e+01
-1.602611323006772182e+01
-1.128955123006772077e+01
-1.128955123006772077e+01
-2.392038323006772060e+01
-1.128955123006772077e+01
-9.710697230067722785e+00
-4.286663123006771769e+01
-1.760496723006772157e+01
-3.655121523006771866e+01
-1.760496723006772157e+01
-3.023579923006772319e+01
-2.076267523006772109e+01
-1.760496723006771802e+01
-4.974135230067719959e+00
9.235550769932277859e+00
-9.710697230067719232e+00
-6.552989230067719717e+00
-2.549923723006772391e+01
-1.760496723006772157e+01
-2.076267523006772109e+01
-2.392038323006772060e+01
-9.710697230067719232e+00
-2.549923723006772036e+01
6.077842769932277456e+00
-2.865694523006771988e+01
-2.865694523006771988e+01
-4.974135230067719959e+00
-2.865694523006771988e+01
-1.816427230067720444e+00
-2.865694523006772343e+01
-1.760496723006772157e+01
-2.234152923006772440e+01
-1.444725923006772206e+01
-1.128955123006772254e+01
-1.760496723006772157e+01
-2.076267523006772109e+01
-4.444548523006772456e+01
-1.286840523006772230e+01
-3.181465323006772294e+01
-2.076267523006772109e+01
-3.181465323006771939e+01
-2.865694523006772343e+01
-9.710697230067721009e+00
-1.816427230067721332e+00
-1.760496723006772157e+01
-1.128955123006772077e+01
-1.918382123006772133e+01
-1.602611323006772182e+01
-1.760496723006772157e+01
-2.234152923006772085e+01
-3.023579923006771963e+01
-1.918382123006772133e+01
-2.076267523006772109e+01
-1.760496723006772157e+01
-1.286840523006772052e+01
-1.444725923006772206e+01
-2.076267523006772109e+01
-2.076267523006772109e+01
-1.602611323006772182e+01
-3.497236123006771891e+01
-1.128955123006772077e+01
-1.760496723006772157e+01
-1.918382123006772133e+01
-3.395281230067721978e+00
-2.234152923006772085e+01
-2.392038323006772060e+01
-4.444548523006772456e+01
-1.816427230067720444e+00
-1.286840523006771875e+01
-1.444725923006772383e+01
-1.760496723006772157e+01
-1.128955123006772254e+01
-2.076267523006772109e+01
-1.444725923006772028e+01
-3.395281230067720202e+00
-1.918382123006772133e+01
-1.444725923006772206e+01
-2.234152923006772085e+01
-1.286840523006772052e+01
-1.602611323006772182e+01
-8.131843230067721251e+00
-2.707809123006772012e+01
-3.023579923006772319e+01
1.341280769932278183e+00
-3.181465323006771939e+01
1.341280769932278183e+00
-3.023579923006771963e+01
-1.286840523006772052e+01
-3.023579923006771963e+01
-2.392038323006772416e+01
-6.552989230067721493e+00
-1.128955123006772077e+01
-4.974135230067721736e+00
-1.918382123006772133e+01
-9.710697230067721009e+00
-2.549923723006772391e+01
-1.918382123006772133e+01
-3.339350723006771915e+01
-1.918382123006772133e+01
-1.918382123006772133e+01
-2.076267523006772464e+01
-1.286840523006772230e+01
-1.128955123006772077e+01
-8.131843230067719475e+00
-1.128955123006772077e+01
-1.918382123006772133e+01
-2.549923723006772391e+01
-2.234152923006772085e+01
-2.549923723006772036e+01
-3.497236123006771891e+01
-2.707809123006772012e+01
-2.549923723006772036e+01
-4.974135230067721736e+00
-1.444725923006772028e+01
-8.131843230067719475e+00
-2.076267523006772109e+01
-1.286840523006772052e+01
-3.339350723006771915e+01
-3.181465323006771939e+01
-2.392038323006772060e+01
-1.602611323006772182e+01
-1.918382123006772133e+01
-6.552989230067721493e+00
-1.918382123006772133e+01
-2.076267523006772109e+01
-2.076267523006772109e+01
-5.076090123006772359e+01
-1.918382123006772133e+01
-1.760496723006772157e+01
-3.395281230067720202e+00
-2.076267523006772109e+01
-1.918382123006772133e+01
-1.918382123006772133e+01
6.077842769932277456e+00
-2.392038323006772060e+01
-2.392038323006772060e+01
-1.444725923006771851e+01
-1.286840523006772052e+01
-2.392038323006772060e+01
-1.760496723006772157e+01
-3.023579923006771963e+01
-5.233975523006772335e+01
-1.444725923006772206e+01
-1.918382123006772133e+01
-1.918382123006772133e+01
-1.128955123006772077e+01
-3.497236123006771891e+01
-1.760496723006772157e+01
-2.234152923006772085e+01
-1.286840523006772052e+01
-1.444725923006772206e+01
-1.444725923006772383e+01
-1.816427230067721776e+00
-1.918382123006772133e+01
-3.181465323006772294e+01
-2.865694523006771988e+01
-3.395281230067723754e+00
-2.707809123006772367e+01
-1.128955123006772077e+01
-2.707809123006772012e+01
-9.710697230067722785e+00
-9.710697230067722785e+00
-4.974135230067721736e+00
-9.710697230067719232e+00
-1.918382123006772133e+01
-3.655121523006772577e+01
-2.076267523006772464e+01
-9.710697230067719232e+00
-3.023579923006771963e+01
-1.918382123006772488e+01
-8.131843230067719475e+00
-3.023579923006772319e+01
-6.552989230067721493e+00
-2.707809123006772367e+01
1.081440476993227762e+01
-3.813006923006771842e+01
-8.131843230067719475e+00
-1.602611323006772182e+01
-3.395281230067721534e+00
-2.076267523006772109e+01
-2.234152923006772085e+01
-4.974135230067721736e+00
-1.602611323006772182e+01
-3.813006923006771842e+01
-2.707809123006772012e+01
-4.974135230067721736e+00
-6.552989230067721493e+00
-3.023579923006772319e+01
-1.128955123006771899e+01
-3.395281230067721978e+00
-4.974135230067721736e+00
-1.286840523006772052e+01
-1.444725923006771851e+01
-1.918382123006772133e+01
-2.392038323006772060e+01
-3.655121523006771866e+01
-1.602611323006772182e+01
-1.602611323006772182e+01
-4.974135230067719959e+00
-9.710697230067721009e+00
-1.760496723006772157e+01
-3.023579923006772319e+01
-3.497236123006771891e+01
-1.918382123006772133e+01
-1.918382123006772133e+01
-9.710697230067722785e+00
-1.444725923006772206e+01
-2.549923723006772036e+01
-9.710697230067722785e+00
-2.076267523006772109e+01
-1.918382123006772133e+01
-2.392038323006772416e+01
-1.760496723006772157e+01
-4.974135230067721736e+00
-1.918382123006772133e+01
1.341280769932278183e+00
-2.392038323006772416e+01
-4.974135230067719959e+00
-2.076267523006772109e+01
-3.395281230067721978e+00
-2.392038323006772060e+01
-1.816427230067720444e+00
-1.444725923006772206e+01
-2.234152923006772085e+01
-2.392038323006772060e+01
-6.552989230067721493e+00
-3.970892323006771818e+01
-6.552989230067721493e+00
-2.392038323006772060e+01
2.920134769932278385e+00
-3.339350723006771915e+01
-2.392038323006772060e+01
-1.760496723006772157e+01
-2.549923723006772036e+01
-1.918382123006772133e+01
-1.286840523006772052e+01
-2.392038323006772060e+01
-2.707809123006772367e+01
-8.131843230067719475e+00
-2.707809123006772012e+01
-1.286840523006772052e+01
-4.974135230067719959e+00
-3.181465323006771939e+01
-2.234152923006772440e+01
-1.760496723006772157e+01
-1.760496723006772157e+01
-2.234152923006772440e+01
-1.918382123006772133e+01
-4.760319323006771697e+01
-8.131843230067721251e+00
-2.234152923006772085e+01
-1.444725923006772206e+01
-6.552989230067720605e+00
-1.760496723006772157e+01
-2.375732300677206865e-01
-1.918382123006772133e+01
-3.395281230067721978e+00
-2.549923723006772036e+01
-3.339350723006772625e+01
-9.710697230067719232e+00
-2.707809123006772012e+01
-4.974135230067719959e+00
-2.076267523006772109e+01
-1.918382123006772133e+01
-1.286840523006772230e+01
-2.865694523006771988e+01
-1.760496723006772157e+01
-1.918382123006772133e+01
-1.760496723006772157e+01
-2.234152923006772085e+01
1.081440476993227939e+01
-3.655121523006771866e+01
1.239325876993227382e+01
-2.392038323006772060e+01
-2.549923723006772391e+01
-2.076267523006772109e+01
-3.497236123006771891e+01
-6.552989230067721493e+00
-3.023579923006772319e+01
4.498988769932278586e+00
-2.549923723006772391e+01
-1.918382123006772133e+01
-2.392038323006772060e+01
-1.918382123006772133e+01
-2.549923723006772036e+01
-4.974135230067721736e+00
1.341280769932279071e+00
-3.655121523006771866e+01
-1.128955123006772077e+01
-1.602611323006772182e+01
-1.444725923006772028e+01
-1.760496723006772157e+01
-1.760496723006772157e+01
-4.974135230067721736e+00
-2.392038323006772060e+01
-1.128955123006772077e+01
-1.602611323006772182e+01
-3.655121523006772577e+01
-1.444725923006772206e+01
-3.023579923006771963e+01
-1.128955123006772077e+01
-2.549923723006772036e+01
-3.339350723006772625e+01
-9.710697230067721009e+00
-2.076267523006772109e+01
-1.602611323006772182e+01
-1.602611323006772182e+01
-1.760496723006772157e+01
-3.813006923006771842e+01
1.341280769932279071e+00
-2.234152923006772085e+01
-1.918382123006772133e+01
-6.552989230067721493e+00
-1.286840523006772052e+01
-3.497236123006771891e+01
-8.131843230067721251e+00
-3.395281230067721978e+00
-3.023579923006771963e+01
-1.444725923006772028e+01
-6.552989230067719717e+00
-8.131843230067719475e+00
-3.339350723006771915e+01
-3.023579923006772319e+01
-9.710697230067722785e+00
-1.918382123006772133e+01
-8.131843230067719475e+00
-3.181465323006771939e+01
-3.339350723006772625e+01
-3.655121523006771866e+01
-1.128955123006772254e+01
-1.128955123006772077e+01
-1.602611323006772182e+01
-6.552989230067720605e+00
-3.813006923006771842e+01
-1.918382123006772133e+01
-1.286840523006772230e+01
-3.395281230067721978e+00
-2.707809123006772012e+01
-1.128955123006772077e+01
-1.128955123006772077e+01
-9.710697230067719232e+00
-1.760496723006772157e+01
-2.707809123006772012e+01
1.239325876993227737e+01
-8.131843230067721251e+00
-8.131843230067721251e+00
-2.375732300677215747e-01
-1.918382123006772133e+01
1.712982076993228020e+01
-3.970892323006771818e+01
-1.444725923006772028e+01
-6.552989230067720605e+00
-2.865694523006771988e+01
-1.760496723006772157e+01
-2.375732300677224629e-01
2.920134769932278829e+00
-4.602433923006771721e+01
-1.760496723006772157e+01
-1.918382123006772133e+01
-1.128955123006772077e+01
-1.128955123006771899e+01
-2.234152923006772085e+01
-3.655121523006772577e+01
-1.760496723006772157e+01
-1.918382123006772133e+01
-2.392038323006772060e+01
-1.760496723006772157e+01
-2.549923723006772036e+01
-6.552989230067721493e+00
-2.076267523006772109e+01
-2.549923723006772036e+01
-1.760496723006772157e+01
-2.549923723006772036e+01
-1.444725923006772206e+01
-1.286840523006771875e+01
-6.552989230067721493e+00
-3.181465323006771939e+01
-1.286840523006772052e+01
-2.392038323006772060e+01
-1.816427230067721332e+00
-9.710697230067719232e+00
-2.076267523006772109e+01
-1.444725923006772206e+01
-3.023579923006771963e+01
-1.602611323006772182e+01
-3.655121523006771866e+01
-3.497236123006771891e+01
-3.395281230067721978e+00
-3.023579923006771963e+01
-1.760496723006772157e+01
-2.076267523006772109e+01
-3.395281230067721978e+00
-2.707809123006772012e+01
-6.552989230067720605e+00
-2.076267523006772109e+01
-1.918382123006772133e+01
-4.974135230067721736e+00
-3.339350723006771915e+01
-2.392038323006772416e+01
-4.602433923006772432e+01
-9.710697230067722785e+00
-1.918382123006772133e+01
-3.023579923006772319e+01
-1.760496723006772157e+01
-2.392038323006772416e+01
-9.710697230067721009e+00
-2.707809123006772012e+01
-3.339350723006771915e+01
-1.444725923006772028e+01
-2.076267523006772109e+01
-3.339350723006771915e+01
-3.813006923006771842e+01
-2.076267523006772464e+01
-3.023579923006772319e+01
-1.128955123006772254e+01
-1.602611323006772182e+01
-2.392038323006772060e+01
-1.444725923006772383e+01
-1.602611323006772182e+01
-6.552989230067721493e+00
-2.549923723006772036e+01
-2.392038323006772060e+01
-1.444725923006772206e+01
-1.286840523006772408e+01
-3.655121523006771866e+01
-1.918382123006772133e+01
-6.552989230067721493e+00
-2.392038323006772416e+01
-3.395281230067720646e+00
-1.602611323006772182e+01
-3.395281230067721978e+00
-8.131843230067721251e+00
-8.131843230067721251e+00
-3.970892323006771818e+01
-3.655121523006771866e+01
-3.181465323006771939e+01
-1.286840523006772230e+01
-6.552989230067721493e+00
-2.234152923006772085e+01
-1.760496723006772157e+01
-3.497236123006771891e+01
-2.392038323006772060e+01
-4.974135230067721736e+00
-3.655121523006772577e+01
-9.710697230067722785e+00
-2.234152923006772085e+01
4.498988769932278586e+00
-2.707809123006772012e+01
-2.865694523006772343e+01
-2.392038323006772060e+01
-1.918382123006772133e+01
-4.974135230067719959e+00
-1.128955123006772077e+01
-2.549923723006772036e+01
-3.497236123006771891e+01
-8.131843230067721251e+00
-2.234152923006772085e+01
-2.076267523006772109e+01
2.920134769932275276e+00
-3.181465323006772294e+01
-1.128955123006772077e+01
-1.444725923006772206e+01
-1.128955123006772077e+01
-1.286840523006771875e+01
-2.707809123006772012e+01
-1.286840523006772230e+01
-3.813006923006772553e+01
-1.918382123006772133e+01
-3.023579923006771963e+01
-1.602611323006772182e+01
-2.234152923006772085e+01
-1.602611323006772182e+01
-3.970892323006771818e+01
-8.131843230067721251e+00
-2.076267523006772109e+01
-1.918382123006772133e+01
-9.710697230067719232e+00
-1.128955123006772077e+01
1.341280769932280847e+00
-2.392038323006772060e+01
-6.552989230067721493e+00
-3.497236123006771891e+01
-2.234152923006772085e+01
-2.865694523006771988e+01
-3.497236123006771891e+01
-1.760496723006771802e+01
-2.865694523006771988e+01
-2.076267523006772109e+01
-1.128955123006772254e+01
-2.549923723006772391e+01
-1.918382123006772133e+01
-1.128955123006772077e+01
-1.602611323006772182e+01
-1.602611323006771826e+01
-9.710697230067719232e+00
-1.286840523006772052e+01
-2.392038323006772060e+01
-2.375732300677206865e-01
-3.181465323006771939e+01
-3.395281230067721090e+00
7.656696769932274549e+00
-9.710697230067722785e+00
-3.395281230067721978e+00
-1.918382123006772133e+01
-2.707809123006772012e+01
-1.602611323006772182e+01
-8.131843230067719475e+00
-3.655121523006772577e+01
-3.395281230067721978e+00
-3.497236123006771891e+01
-1.760496723006772157e+01
-1.760496723006772157e+01
-1.760496723006772157e+01
-9.710697230067721009e+00
-2.392038323006772060e+01
-1.444725923006771851e+01
7.656696769932279878e+00
1.341280769932280847e+00
-1.760496723006772157e+01
-1.128955123006772254e+01
-3.497236123006771891e+01
-2.549923723006772391e+01
-8.131843230067721251e+00
-3.023579923006771963e+01
-1.286840523006772230e+01
-3.023579923006771963e+01
2.920134769932277052e+00
-1.128955123006772077e+01
-3.339350723006771915e+01
-1.816427230067721332e+00
-1.128955123006772077e+01
-2.392038323006772060e+01
-1.918382123006772133e+01
-1.816427230067721332e+00
-2.392038323006772416e+01
-1.918382123006772488e+01
-2.549923723006772036e+01
-1.128955123006772077e+01
-4.974135230067721736e+00
-6.552989230067721493e+00
-1.128955123006772254e+01
-9.710697230067721009e+00
-4.444548523006771745e+01
-1.444725923006772206e+01
-3.497236123006771891e+01
-2.234152923006772440e+01
-2.234152923006772085e+01
-1.918382123006772133e+01
-1.602611323006772182e+01
-1.816427230067721332e+00
-2.392038323006772416e+01
-1.918382123006772133e+01
-1.918382123006772133e+01
-3.023579923006772319e+01
-1.918382123006772133e+01
-2.392038323006772060e+01
-9.710697230067721009e+00
-2.076267523006772109e+01
-8.131843230067719475e+00
-3.023579923006771963e+01
-3.023579923006771963e+01
-6.552989230067721493e+00
-2.549923723006772036e+01
4.498988769932278586e+00
-1.760496723006771802e+01
-1.760496723006772157e+01
-2.549923723006772036e+01
-1.760496723006772157e+01
-1.918382123006772133e+01
-9.710697230067721009e+00
-3.655121523006771866e+01
-1.918382123006772133e+01
-1.444725923006772206e+01
-6.552989230067721493e+00
-2.234152923006772085e+01
-2.549923723006772036e+01
-2.865694523006771988e+01
1.341280769932277295e+00
-9.710697230067722785e+00
-1.760496723006772157e+01
-5.391860923006771600e+01
-1.286840523006772052e+01
-2.076267523006772109e+01
-2.392038323006772060e+01
-8.131843230067723027e+00
-3.339350723006772625e+01
-1.444725923006772206e+01
-1.918382123006772488e+01
-1.444725923006772206e+01
-1.286840523006772230e+01
-3.813006923006771842e+01
-2.865694523006771988e+01
-1.602611323006772182e+01
-1.602611323006772182e+01
-2.392038323006772060e+01
-3.395281230067723754e+00
-3.655121523006771866e+01
-6.552989230067721493e+00
-1.128955123006772254e+01
-2.234152923006772085e+01
-9.710697230067722785e+00
-1.602611323006772182e+01
-1.918382123006772133e+01
-3.970892323006771818e+01
4.498988769932278586e+00
-2.549923723006772036e+01
-1.918382123006772133e+01
-1.286840523006771875e+01
-2.392038323006772416e+01
-1.444725923006772206e+01
-3.181465323006772294e+01
-2.392038323006772060e+01
-3.023579923006771963e+01
4.498988769932278586e+00
-2.234152923006772085e+01
-8.131843230067723027e+00
-1.602611323006772182e+01
-1.128955123006772077e+01
-1.602611323006772182e+01
-3.023579923006772319e+01
-3.023579923006772319e+01
-1.444725923006772206e+01
-4.974135230067721736e+00
-1.286840523006772052e+01
-2.707809123006772012e+01
-1.444725923006771851e+01
-1.444725923006772383e+01
-9.710697230067721009e+00
-1.918382123006772133e+01
-3.395281230067720646e+00
-9.710697230067722785e+00
-3.181465323006772294e+01
-2.707809123006772012e+01
-3.023579923006772319e+01
-1.444725923006771851e+01
-1.444725923006772206e+01
-1.286840523006772052e+01
-2.707809123006772012e+01
-2.076267523006772109e+01
-2.392038323006772060e+01
-2.076267523006772109e+01
-1.602611323006772182e+01
-2.707809123006772012e+01
-1.760496723006772157e+01
-4.602433923006771721e+01
-1.128955123006772254e+01
1.341280769932279071e+00
-4.974135230067721736e+00
-1.286840523006772052e+01
-3.813006923006771842e+01
-2.865694523006771988e+01
-1.760496723006772157e+01
-1.816427230067721554e+00
-2.707809123006772367e+01
-4.974135230067721736e+00
-1.286840523006772052e+01
-3.970892323006771818e+01
-9.710697230067722785e+00
-1.444725923006772206e+01
-6.552989230067721493e+00
-1.602611323006772182e+01
-1.760496723006772157e+01
-1.128955123006772077e+01
-2.549923723006772036e+01
-8.131843230067723027e+00
-3.023579923006772319e+01
2.920134769932277941e+00
-2.076267523006772109e+01
-1.602611323006772182e+01
-1.918382123006772133e+01
-6.552989230067720605e+00
-3.395281230067721978e+00
-3.813006923006771842e+01
-1.816427230067720444e+00
-2.076267523006772109e+01
-1.444725923006772206e+01
-3.395281230067721090e+00
-1.816427230067721332e+00
-1.444725923006772206e+01
-2.392038323006772060e+01
4.498988769932278586e+00
-2.865694523006771988e+01
-1.286840523006772408e+01
-2.234152923006772085e+01
-8.131843230067721251e+00
-9.710697230067719232e+00
-8.131843230067723027e+00
-1.918382123006772133e+01
-6.552989230067719717e+00
-2.707809123006772012e+01
-1.444725923006772206e+01
-1.816427230067722220e+00
-1.444725923006771851e+01
-1.602611323006772182e+01
-2.076267523006772109e+01
-1.760496723006772157e+01
-4.974135230067721736e+00
-2.549923723006772036e+01
-2.392038323006772416e+01
-3.181465323006772294e+01
-1.816427230067722220e+00
-1.602611323006772182e+01
-2.375732300677215747e-01
-1.286840523006772052e+01
-4.444548523006771745e+01
-4.974135230067721736e+00
-1.128955123006772077e+01
-1.286840523006772230e+01
-1.128955123006772077e+01
-1.128955123006771899e+01
-3.395281230067720646e+00
-2.865694523006771988e+01
-2.865694523006771988e+01
-4.128777723006772504e+01
-1.602611323006772182e+01
-1.602611323006772182e+01
-2.865694523006771988e+01
-4.602433923006771721e+01
-2.549923723006772036e+01
-1.128955123006771899e+01
-8.131843230067721251e+00
-6.552989230067720605e+00
-4.128777723006771794e+01
-8.131843230067723027e+00
-1.918382123006772133e+01
-2.375732300677224629e-01
-1.602611323006772182e+01
-1.760496723006772157e+01
-1.286840523006772052e+01
-2.549923723006772036e+01
-9.710697230067721009e+00
-1.128955123006772077e+01
-1.918382123006772133e+01
-1.286840523006771875e+01
-2.076267523006772109e+01
-2.549923723006772036e+01
-1.286840523006772052e+01
-4.974135230067719959e+00
-3.655121523006771866e+01
-3.023579923006772319e+01
6.077842769932277456e+00
-1.760496723006772157e+01
-1.918382123006772133e+01
-3.181465323006771939e+01
1.239325876993227737e+01
-2.076267523006772109e+01
-6.552989230067721493e+00
-3.395281230067721978e+00
-9.710697230067721009e+00
-3.339350723006772625e+01
-3.181465323006772294e+01
-1.602611323006772182e+01
-1.602611323006772182e+01
-2.375732300677211306e-01
-3.395281230067720202e+00
-8.131843230067719475e+00
-3.339350723006771915e+01
-3.181465323006771939e+01
-2.865694523006772343e+01
-1.602611323006772182e+01
-1.128955123006772077e+01
-2.234152923006772085e+01
-2.375732300677224629e-01
-4.444548523006771745e+01
-3.181465323006771939e+01
-1.918382123006772133e+01
-3.497236123006771891e+01
-1.918382123006772133e+01
-1.760496723006772157e+01
-2.707809123006772012e+01
-2.707809123006772012e+01
-1.286840523006772052e+01
-1.816427230067723997e+00
-6.552989230067721493e+00
-3.181465323006772294e+01
-1.128955123006772254e+01
-8.131843230067719475e+00
-1.128955123006772077e+01
-8.131843230067721251e+00
-3.497236123006771891e+01
6.077842769932278344e+00
-1.128955123006771899e+01
-1.816427230067722220e+00
-6.552989230067721493e+00
-3.339350723006771915e+01
-6.552989230067719717e+00
-2.707809123006772012e+01
-1.128955123006771899e+01
-1.760496723006772157e+01
-1.286840523006772052e+01
2.920134769932277941e+00
-1.760496723006772157e+01
-2.076267523006772109e+01
-1.760496723006772157e+01
-1.918382123006772133e+01
-2.234152923006772085e+01
-2.234152923006772440e+01
-2.234152923006772440e+01
-1.918382123006772133e+01
-1.602611323006772182e+01
-1.128955123006772077e+01
-4.974135230067721736e+00
-1.918382123006772133e+01
-2.076267523006772109e+01
1.341280769932278183e+00
-2.549923723006772036e+01
-1.128955123006772077e+01
-2.707809123006772012e+01
-3.181465323006771939e+01
-4.974135230067719959e+00
-1.128955123006772077e+01
-2.549923723006772036e+01
-2.234152923006772085e+01
-1.602611323006772182e+01
-1.918382123006772133e+01
-3.395281230067721978e+00
-2.707809123006772012e+01
6.077842769932278344e+00
-3.339350723006772625e+01
-4.974135230067719959e+00
-3.970892323006771818e+01
-1.760496723006772157e+01
4.498988769932278586e+00
-3.339350723006771915e+01
-1.444725923006772028e+01
-3.497236123006771891e+01
-6.552989230067719717e+00
-2.076267523006772109e+01
-2.234152923006772085e+01
-1.602611323006772182e+01
-2.707809123006772012e+01
-4.974135230067721736e+00
-1.444725923006772206e+01
-2.549923723006772036e+01
-1.602611323006772182e+01
-3.970892323006771818e+01
-1.444725923006772028e+01
-3.970892323006771818e+01
-9.710697230067719232e+00
-1.128955123006771899e+01
-6.552989230067719717e+00
-2.707809123006772012e+01
-6.552989230067721493e+00
-3.395281230067721978e+00
-2.549923723006772036e+01
-8.131843230067721251e+00
-2.076267523006772109e+01
-3.395281230067721978e+00
-3.970892323006772529e+01
-6.552989230067721493e+00
-4.286663123006772480e+01
-1.444725923006772206e+01
-1.286840523006771875e+01
-3.395281230067721090e+00
-1.760496723006772157e+01
-3.181465323006772294e+01
-4.974135230067721736e+00
2.920134769932277941e+00
-1.602611323006772182e+01
-9.710697230067722785e+00
-2.865694523006771988e+01
-9.710697230067722785e+00
-1.286840523006772052e+01
-2.392038323006772416e+01
-2.375732300677220188e-01
-1.286840523006772230e+01
-1.444725923006772206e+01
-1.918382123006772133e+01
-8.131843230067723027e+00
-8.131843230067723027e+00
-9.710697230067722785e+00
-2.707809123006772367e+01
-1.286840523006772052e+01
-1.602611323006772182e+01
-1.760496723006772157e+01
-1.128955123006772254e+01
-1.444725923006771851e+01
-1.816427230067721332e+00
-3.339350723006772625e+01
-9.710697230067722785e+00
-8.131843230067721251e+00
-1.816427230067720444e+00
-2.392038323006772060e+01
-2.076267523006772109e+01
-3.023579923006771963e+01
-3.395281230067720646e+00
-8.131843230067719475e+00
-2.392038323006772060e+01
-1.286840523006772052e+01
-2.865694523006771988e+01
-2.234152923006772085e+01
-1.760496723006772157e+01
-1.918382123006772133e+01
-6.552989230067720605e+00
-2.076267523006772109e+01
-1.128955123006772254e+01
-2.076267523006772109e+01
-2.076267523006772109e+01
4.498988769932277698e+00
-1.128955123006772077e+01
-2.392038323006772060e+01
-1.760496723006772157e+01
-6.552989230067720605e+00
-1.760496723006772157e+01
-4.974135230067721736e+00
-3.339350723006771915e+01
-2.865694523006771988e+01
1.341280769932278183e+00
-2.707809123006772367e+01
-4.974135230067721736e+00
-1.602611323006771826e+01
-6.552989230067720605e+00
-2.707809123006772012e+01
-9.710697230067719232e+00
-2.392038323006772060e+01
-2.076267523006772109e+01
-1.602611323006771826e+01
-1.286840523006772052e+01
-2.234152923006772440e+01
-1.602611323006772182e+01
-1.444725923006772028e+01
-9.710697230067721009e+00
-2.865694523006771988e+01
-2.076267523006772109e+01
-2.234152923006772085e+01
-2.392038323006772060e+01
-9.710697230067719232e+00
-3.395281230067721978e+00
-2.076267523006772109e+01
-1.602611323006772182e+01
-1.444725923006772028e+01
-1.816427230067722220e+00
-2.549923723006772036e+01
-2.707809123006772367e+01
-8.131843230067719475e+00
-2.392038323006772060e+01
-4.974135230067721736e+00
-2.549923723006772036e+01
-1.602611323006772182e+01
-2.076267523006772109e+01
-2.234152923006772085e+01
-1.444725923006772206e+01
-2.865694523006771988e+01
-1.286840523006772052e+01
-1.444725923006772206e+01
-3.655121523006771866e+01
-1.602611323006771826e+01
-2.076267523006772109e+01
-2.234152923006772085e+01
-3.023579923006772319e+01
-1.128955123006772077e+01
-3.023579923006771963e+01
-1.760496723006772157e+01
-2.865694523006771988e+01
-3.023579923006771963e+01
-1.286840523006772230e+01
-1.444725923006772028e+01
-6.552989230067721493e+00
-3.970892323006772529e+01
7.656696769932278990e+00
-1.128955123006772077e+01
-2.549923723006772036e+01
-2.707809123006772012e+01
-1.444725923006772206e+01
-3.395281230067720646e+00
-1.444725923006772028e+01
-1.128955123006772254e+01
-5.076090123006771648e+01
4.498988769932277698e+00
-3.655121523006771866e+01
-1.918382123006772133e+01
-1.760496723006772157e+01
-3.497236123006771891e+01
1.870867476993227996e+01
-2.076267523006772109e+01
-1.760496723006772157e+01
-1.602611323006772182e+01
-6.552989230067719717e+00
-1.760496723006772157e+01
-1.286840523006772052e+01
-1.760496723006772157e+01
-2.392038323006772060e+01
-3.395281230067721090e+00
-8.131843230067721251e+00
-6.552989230067719717e+00
-4.974135230067721736e+00
2.920134769932277941e+00
-2.865694523006771988e+01
-1.444725923006772206e+01
6.077842769932278344e+00
-2.076267523006772109e+01
-2.234152923006772440e+01
-3.181465323006771939e+01
-2.234152923006772085e+01
-1.128955123006772254e+01
-1.444725923006772206e+01
-6.552989230067721493e+00
-1.128955123006771899e+01
4.498988769932278586e+00
-1.444725923006772206e+01
2.920134769932277941e+00
-1.918382123006772488e+01
-1.444725923006772206e+01
-2.076267523006772109e+01
-2.076267523006772109e+01
-9.710697230067719232e+00
-1.128955123006772254e+01
-1.444725923006772206e+01
-3.023579923006771963e+01
-4.974135230067721736e+00
-9.710697230067719232e+00
-3.497236123006771891e+01
4.498988769932278586e+00
-2.392038323006772416e+01
-2.375732300677215747e-01
-1.286840523006772230e+01
1.341280769932279071e+00
-2.865694523006772343e+01
-1.444725923006771851e+01
-1.286840523006772052e+01
-1.444725923006772028e+01
-4.974135230067721736e+00
-1.918382123006772133e+01
-1.816427230067720444e+00
-9.710697230067719232e+00
-1.816427230067720444e+00
-1.602611323006772182e+01
-1.918382123006772133e+01
-1.760496723006772157e+01
2.920134769932278829e+00
-1.286840523006771875e+01
-2.234152923006772085e+01
1.341280769932278183e+00
-1.444725923006772028e+01
-1.918382123006772133e+01
-3.655121523006771866e+01
-2.707809123006772012e+01
-2.375732300677211306e-01
-1.918382123006772133e+01
-3.395281230067721978e+00
-1.760496723006772157e+01
-1.760496723006772157e+01
-2.375732300677217967e-01
-4.444548523006771745e+01
-8.131843230067723027e+00
-2.076267523006772109e+01
-4.974135230067719959e+00
-8.131843230067719475e+00
-1.918382123006772133e+01
-1.128955123006772254e+01
-3.395281230067720202e+00
-2.392038323006772060e+01
-2.234152923006772085e+01
-8.131843230067719475e+00
-2.076267523006772109e+01
-3.339350723006771915e+01
-1.918382123006772133e+01
-8.131843230067721251e+00
1.341280769932278183e+00
-4.128777723006771794e+01
-6.552989230067721493e+00
-1.128955123006771899e+01
-9.710697230067721009e+00
-8.131843230067721251e+00
-3.395281230067721978e+00
-9.710697230067722785e+00
-2.549923723006772391e+01
-2.234152923006772085e+01
-3.655121523006772577e+01
-1.128955123006772254e+01
4.498988769932278586e+00
-2.865694523006772343e+01
-1.602611323006772182e+01
-1.128955123006772077e+01
-1.286840523006772052e+01
-2.234152923006772440e+01
4.498988769932277698e+00
-1.128955123006772077e+01
-2.392038323006772060e+01
-1.128955123006772254e+01
-6.552989230067720605e+00
-8.131843230067719475e+00
-1.367681532643132236e+01
-1.352485733264313126e+02
-1.367681532643132414e+01
1.316370267356867885e+01
-2.157108532643131582e+01
-2.472879332643131534e+01
-3.893847932643132026e+01
-4.841160332643131881e+01
-3.104420932643132147e+01
-4.841160332643131170e+01
-1.999223132643132317e+01
-4.367504132643131243e+01
-1.525566932643132034e+01
-3.735962532643132761e+01
-3.104420932643132147e+01
-3.262306332643131412e+01
-3.420191732643132099e+01
-2.472879332643132244e+01
-1.841337732643132341e+01
-4.209618732643131267e+01
-5.156931132643131832e+01
-4.367504132643131243e+01
-3.420191732643131388e+01
-3.420191732643131388e+01
-2.946535532643132171e+01
-4.683274932643131194e+01
-2.314993932643132268e+01
-4.209618732643131978e+01
-3.104420932643132147e+01
-4.525389532643131218e+01
-2.946535532643132171e+01
-1.683452332643132365e+01
-4.051733332643131291e+01
-1.525566932643132212e+01
-3.578077132643131364e+01
-3.893847932643132026e+01
-4.525389532643131929e+01
-2.946535532643132171e+01
-3.735962532643131340e+01
-5.946358132643132421e+01
-4.367504132643131243e+01
-4.367504132643131243e+01
-4.367504132643131953e+01
-4.051733332643131291e+01
-3.578077132643132074e+01
-4.525389532643131218e+01
-4.683274932643131194e+01
-2.314993932643132268e+01
-3.420191732643132099e+01
-2.946535532643132527e+01
-3.735962532643132050e+01
-3.735962532643132050e+01
-3.104420932643132147e+01
-4.999045732643131146e+01
-3.420191732643132099e+01
-3.735962532643131340e+01
-2.946535532643132171e+01
-4.209618732643131978e+01
-8.940253326431321312e+00
-5.156931132643131832e+01
-3.420191732643132099e+01
-1.841337732643131631e+01
-3.262306332643132123e+01
-3.420191732643131388e+01
-3.893847932643132026e+01
-3.893847932643132026e+01
-4.051733332643132002e+01
-2.946535532643131816e+01
-5.788472732643131735e+01
-3.420191732643131388e+01
-3.735962532643131340e+01
-4.051733332643132712e+01
-3.893847932643131315e+01
-3.893847932643132026e+01
-4.209618732643131978e+01
-4.051733332643132712e+01
-3.893847932643131315e+01
-3.893847932643131315e+01
-3.420191732643131388e+01
-2.788650132643132196e+01
-4.683274932643131194e+01
-2.630764732643132220e+01
-2.472879332643132244e+01
-2.946535532643131816e+01
-2.472879332643132244e+01
-3.420191732643131388e+01
-4.841160332643131881e+01
-4.683274932643131905e+01
-2.946535532643132171e+01
-1.999223132643132317e+01
-2.157108532643131582e+01
-4.999045732643132567e+01
-3.735962532643132761e+01
-3.104420932643132147e+01
-3.262306332643131412e+01
-2.630764732643132220e+01
-3.262306332643131412e+01
-5.156931132643131832e+01
-4.999045732643132567e+01
-5.472701932643131784e+01
-1.525566932643132390e+01
-2.788650132643131840e+01
-4.525389532643131929e+01
-3.893847932643132026e+01
-3.735962532643132761e+01
-4.841160332643131881e+01
-2.157108532643132293e+01
-3.262306332643132123e+01
-3.104420932643131792e+01
-3.104420932643132502e+01
-4.051733332643132712e+01
-3.262306332643131412e+01
-4.999045732643131856e+01
-3.104420932643131437e+01
-1.051910732643132107e+01
-2.157108532643132293e+01
-2.946535532643131461e+01
-4.999045732643131146e+01
-4.841160332643131881e+01
-3.735962532643132050e+01
-1.683452332643131655e+01
-4.841160332643131881e+01
-2.946535532643131461e+01
-4.999045732643132567e+01
-3.893847932643132026e+01
-4.999045732643131146e+01
-4.999045732643131146e+01
-1.525566932643131679e+01
-3.578077132643132074e+01
-2.946535532643131461e+01
-3.104420932643131437e+01
-3.735962532643132761e+01
-4.051733332643132712e+01
-3.262306332643132123e+01
-3.893847932643132026e+01
-3.104420932643131437e+01
-2.157108532643131937e+01
-2.314993932643131558e+01
-4.999045732643131146e+01
-3.104420932643132147e+01
-4.209618732643131267e+01
-4.683274932643132615e+01
-4.841160332643131881e+01
-3.104420932643131437e+01
-5.788472732643131735e+01
-4.999045732643131146e+01
-4.051733332643132712e+01
-2.630764732643132220e+01
-4.999045732643131146e+01
-4.841160332643131881e+01
-3.578077132643132074e+01
-4.999045732643132567e+01
-3.262306332643132123e+01
-4.525389532643131218e+01
-2.946535532643131816e+01
-2.472879332643132244e+01
-3.262306332643131412e+01
-3.420191732643131388e+01
-3.893847932643132026e+01
-3.578077132643132074e+01
-3.735962532643131340e+01
-2.630764732643132220e+01
-4.367504132643131243e+01
-4.209618732643131978e+01
-3.262306332643132123e+01
-4.525389532643131929e+01
-2.157108532643132293e+01
-4.367504132643132664e+01
-3.104420932643132147e+01
-2.472879332643131534e+01
-4.367504132643132664e+01
-4.999045732643131146e+01
-4.683274932643131905e+01
-2.788650132643131485e+01
-2.946535532643132171e+01
-3.104420932643131792e+01
-4.999045732643131856e+01
-3.104420932643131792e+01
-5.788472732643131735e+01
-2.630764732643132220e+01
-3.104420932643132147e+01
-4.209618732643131978e+01
-4.367504132643132664e+01
-4.367504132643131953e+01
-3.104420932643131792e+01
-3.735962532643132761e+01
-4.051733332643131291e+01
-4.841160332643131881e+01
-4.051733332643131291e+01
-3.420191732643131388e+01
-4.999045732643132567e+01
-2.946535532643132171e+01
-2.630764732643131509e+01
-3.893847932643131315e+01
-3.578077132643132074e+01
-2.946535532643131461e+01
-4.209618732643131978e+01
-4.209618732643131978e+01
-2.946535532643132171e+01
-3.735962532643132050e+01
-2.314993932643132268e+01
-2.788650132643132551e+01
-3.893847932643132026e+01
-3.893847932643132026e+01
-5.156931132643131122e+01
-3.262306332643131412e+01
-5.472701932643131784e+01
-2.946535532643132171e+01
-4.367504132643131243e+01
-3.893847932643132026e+01
-4.051733332643131291e+01
-3.104420932643131792e+01
-3.104420932643132147e+01
-3.104420932643132147e+01
-2.630764732643131509e+01
-4.209618732643131978e+01
-3.262306332643132123e+01
-4.999045732643132567e+01
-1.999223132643132317e+01
-4.367504132643131243e+01
-2.946535532643132527e+01
-3.262306332643131412e+01
-3.893847932643131315e+01
-3.893847932643132026e+01
-5.946358132643131000e+01
-3.262306332643132123e+01
-5.314816532643132518e+01
-2.630764732643132220e+01
-4.683274932643131194e+01
-2.630764732643132220e+01
-3.104420932643132147e+01
-5.630587332643132470e+01
-2.630764732643131509e+01
-4.999045732643131146e+01
-3.262306332643132123e+01
-3.735962532643132761e+01
-3.262306332643132123e+01
-4.525389532643131218e+01
-4.367504132643132664e+01
-2.788650132643132196e+01
-4.051733332643131291e+01
-4.209618732643131978e+01
-2.946535532643132527e+01
-3.420191732643131388e+01
-2.630764732643132220e+01
-4.209618732643131978e+01
-3.578077132643132074e+01
-2.946535532643131816e+01
-3.893847932643132026e+01
-4.841160332643131881e+01
-2.946535532643131461e+01
-3.578077132643132074e+01
-3.893847932643131315e+01
-3.420191732643132809e+01
-2.946535532643131461e+01
-5.630587332643131759e+01
-2.946535532643132171e+01
-3.578077132643132074e+01
-3.578077132643132074e+01
-3.262306332643131412e+01
-4.525389532643131929e+01
-4.367504132643131243e+01
-2.314993932643132268e+01
-6.104243532643131687e+01
-4.209618732643131978e+01
-5.156931132643131832e+01
-3.578077132643132074e+01
-4.209618732643131978e+01
-4.051733332643131291e+01
-2.314993932643131913e+01
-4.999045732643131146e+01
-2.946535532643132171e+01
-2.472879332643131534e+01
-4.051733332643132712e+01
-3.893847932643131315e+01
-3.893847932643132026e+01
-2.157108532643132293e+01
-3.735962532643131340e+01
-3.420191732643131388e+01
-3.262306332643131412e+01
-4.999045732643131146e+01
-3.104420932643132147e+01
-1.999223132643132317e+01
-4.999045732643132567e+01
-3.578077132643132074e+01
-3.104420932643132502e+01
-3.893847932643132026e+01
-2.946535532643131816e+01
-4.051733332643132712e+01
-3.420191732643131388e+01
-3.735962532643131340e+01
-3.420191732643131388e+01
-3.104420932643131792e+01
-4.525389532643131929e+01
-2.788650132643131840e+01
-4.683274932643132615e+01
-3.893847932643132026e+01
-3.578077132643132074e+01
-3.420191732643132099e+01
-4.209618732643131978e+01
-4.209618732643131267e+01
-3.104420932643132502e+01
-4.999045732643131856e+01
-2.946535532643132527e+01
-2.314993932643132268e+01
-2.788650132643132196e+01
-3.735962532643132050e+01
-3.262306332643132123e+01
-3.735962532643131340e+01
-3.420191732643132809e+01
-4.051733332643131291e+01
-1.525566932643132212e+01
-2.472879332643132244e+01
-4.841160332643131881e+01
-3.262306332643131412e+01
-2.788650132643132196e+01
-5.156931132643131832e+01
-2.630764732643132220e+01
-4.525389532643131218e+01
-3.104420932643132147e+01
-3.735962532643132050e+01
-3.262306332643132123e+01
-4.841160332643131881e+01
-3.893847932643131315e+01
-3.578077132643132074e+01
-4.525389532643131929e+01
-3.262306332643132123e+01
-4.683274932643131194e+01
-2.157108532643132293e+01
-5.472701932643131784e+01
-2.788650132643131485e+01
-2.946535532643132171e+01
-2.630764732643132220e+01
-3.578077132643132074e+01
-4.051733332643131291e+01
-2.472879332643131889e+01
-4.051733332643132712e+01
-3.893847932643131315e+01
-3.893847932643131315e+01
-3.893847932643132026e+01
-6.104243532643131687e+01
-4.683274932643131194e+01
-4.051733332643131291e+01
-6.735785132643131590e+01
-2.472879332643132599e+01
-4.841160332643131881e+01
-2.630764732643132575e+01
-5.156931132643131832e+01
-5.472701932643131784e+01
-2.788650132643131485e+01
-4.051733332643132002e+01
-3.420191732643131388e+01
-3.893847932643132026e+01
-3.578077132643132074e+01
-4.841160332643131881e+01
-3.104420932643131437e+01
-2.157108532643131582e+01
-3.104420932643131437e+01
-3.735962532643131340e+01
-4.051733332643132002e+01
-2.472879332643131534e+01
-5.156931132643131832e+01
-5.630587332643132470e+01
-3.420191732643131388e+01
-4.525389532643131218e+01
-6.262128932643130952e+01
-4.367504132643131243e+01
-4.841160332643131881e+01
-2.314993932643131913e+01
-3.578077132643132074e+01
-3.735962532643132050e+01
-5.472701932643131073e+01
-5.788472732643132446e+01
-3.578077132643131364e+01
-2.630764732643132220e+01
-3.578077132643131364e+01
-4.209618732643131978e+01
-3.893847932643131315e+01
-2.472879332643132599e+01
-3.262306332643132123e+01
-4.051733332643131291e+01
-4.051733332643132712e+01
-3.578077132643132074e+01
-3.420191732643131388e+01
-4.367504132643131953e+01
-5.472701932643131784e+01
-4.051733332643132712e+01
-2.472879332643132599e+01
-3.262306332643132123e+01
-4.051733332643132002e+01
-3.578077132643132074e+01
-2.630764732643132220e+01
-5.314816532643132518e+01
-3.420191732643131388e+01
-3.104420932643132147e+01
-2.788650132643132196e+01
-4.683274932643131194e+01
-3.262306332643131412e+01
-2.630764732643132220e+01
-2.314993932643132268e+01
-3.262306332643131412e+01
-4.683274932643131905e+01
-2.946535532643131461e+01
-4.525389532643131929e+01
-4.999045732643132567e+01
-2.630764732643131509e+01
-5.630587332643131049e+01
-4.051733332643132712e+01
-4.841160332643131881e+01
-1.841337732643131631e+01
-3.420191732643131388e+01
-3.104420932643131792e+01
-4.841160332643131881e+01
-2.472879332643132244e+01
-4.999045732643131856e+01
-3.893847932643131315e+01
-4.999045732643131856e+01
-3.262306332643131412e+01
-2.630764732643132220e+01
-3.735962532643131340e+01
-2.472879332643132244e+01
-3.735962532643132050e+01
-3.262306332643132123e+01
-4.683274932643131194e+01
-4.683274932643132615e+01
-3.735962532643132761e+01
-3.893847932643132026e+01
-5.630587332643132470e+01
-4.051733332643132002e+01
-6.735785132643131590e+01
-3.578077132643131364e+01
-4.683274932643131194e+01
-3.262306332643132123e+01
-4.525389532643131929e+01
-5.788472732643131735e+01
-5.156931132643131122e+01
-7.361399326431321555e+00
-6.262128932643130952e+01
-3.262306332643132123e+01
-5.788472732643131735e+01
-2.946535532643132171e+01
-3.420191732643132099e+01
-4.683274932643131194e+01
-5.472701932643131784e+01
-2.314993932643132268e+01
-2.946535532643132171e+01
-4.051733332643131291e+01
-5.472701932643131784e+01
-4.209618732643131978e+01
-4.209618732643131267e+01
-3.420191732643131388e+01
-4.841160332643131881e+01
-4.209618732643131978e+01
-4.367504132643131243e+01
-3.262306332643131412e+01
-1.999223132643132672e+01
-3.578077132643131364e+01
-3.578077132643132074e+01
-4.841160332643131170e+01
-4.841160332643131881e+01
-5.156931132643131832e+01
-1.841337732643131631e+01
-2.946535532643131461e+01
-4.683274932643131194e+01
-4.051733332643131291e+01
-2.630764732643131509e+01
-3.578077132643132074e+01
-2.630764732643132220e+01
-3.420191732643131388e+01
-3.578077132643132074e+01
-3.735962532643131340e+01
-4.367504132643131243e+01
-4.209618732643131978e+01
-5.314816532643131097e+01
-3.262306332643132123e+01
-3.893847932643132026e+01
-4.841160332643131881e+01
-2.314993932643132624e+01
-5.156931132643131832e+01
-2.946535532643131461e+01
-4.841160332643131881e+01
-4.525389532643131929e+01
-3.893847932643132026e+01
-3.735962532643131340e+01
-2.472879332643131534e+01
-4.841160332643131881e+01
-4.683274932643132615e+01
-5.472701932643131784e+01
-4.367504132643132664e+01
-5.472701932643131784e+01
-3.893847932643131315e+01
-2.788650132643132196e+01
-4.051733332643131291e+01
-3.420191732643132809e+01
-2.630764732643132220e+01
-3.735962532643131340e+01
-3.420191732643132099e+01
-4.683274932643131905e+01
-2.472879332643132244e+01
-3.104420932643131437e+01
-4.209618732643131978e+01
-1.683452332643132365e+01
-5.630587332643132470e+01
-1.525566932643132390e+01
-2.946535532643132171e+01
-3.578077132643132074e+01
-6.104243532643132397e+01
-4.367504132643131953e+01
-4.209618732643131978e+01
-3.420191732643132099e+01
-3.735962532643132050e+01
-4.525389532643131218e+01
-4.209618732643131978e+01
-3.420191732643132099e+01
-4.999045732643132567e+01
-4.209618732643131978e+01
-3.893847932643131315e+01
-3.262306332643132123e+01
-2.314993932643132624e+01
-4.367504132643131243e+01
-3.104420932643132502e+01
-4.367504132643131243e+01
-4.051733332643132002e+01
-4.525389532643131929e+01
-4.999045732643131146e+01
-4.209618732643131978e+01
-3.735962532643131340e+01
-3.262306332643132123e+01
-4.841160332643131881e+01
-4.841160332643131881e+01
-3.735962532643131340e+01
-4.051733332643132712e+01
-3.104420932643132147e+01
-5.156931132643131832e+01
-2.946535532643131461e+01
-5.472701932643131784e+01
-4.209618732643131978e+01
-2.946535532643132171e+01
-4.051733332643131291e+01
-4.051733332643131291e+01
-4.525389532643131929e+01
-4.051733332643131291e+01
-3.893847932643131315e+01
-3.262306332643132123e+01
-3.578077132643132074e+01
-2.946535532643132171e+01
-4.209618732643131978e+01
-2.157108532643131582e+01
-3.893847932643131315e+01
-4.525389532643131929e+01
-4.683274932643132615e+01
-4.051733332643132712e+01
-2.314993932643132268e+01
-3.420191732643131388e+01
-5.156931132643131832e+01
-5.156931132643131832e+01
-3.420191732643132099e+01
-4.683274932643131194e+01
-3.893847932643132026e+01
-3.104420932643131792e+01
-4.999045732643132567e+01
-4.683274932643131905e+01
-3.578077132643132074e+01
-4.209618732643131978e+01
-5.156931132643131832e+01
-4.525389532643131929e+01
-2.788650132643132196e+01
-5.156931132643131832e+01
-2.630764732643132220e+01
-5.156931132643131832e+01
-5.314816532643131097e+01
-4.367504132643131243e+01
-3.262306332643132123e+01
-3.893847932643132026e+01
-4.209618732643131978e+01
-4.051733332643131291e+01
-2.630764732643132220e+01
-2.630764732643132575e+01
-3.578077132643131364e+01
-3.735962532643132761e+01
-2.946535532643131461e+01
-4.367504132643132664e+01
-4.841160332643131881e+01
-1.841337732643131986e+01
-2.946535532643131461e+01
-2.946535532643132171e+01
-3.735962532643132050e+01
-4.209618732643131978e+01
-3.420191732643131388e+01
-4.683274932643131194e+01
-3.578077132643132074e+01
-5.156931132643131832e+01
-5.472701932643131784e+01
-2.946535532643132171e+01
-3.262306332643132123e+01
-3.420191732643132809e+01
-3.262306332643132123e+01
-5.946358132643132421e+01
-3.578077132643131364e+01
-3.735962532643131340e+01
-2.630764732643131865e+01
-3.104420932643131792e+01
-4.841160332643131170e+01
-3.735962532643132761e+01
-3.893847932643132026e+01
-2.157108532643132293e+01
-3.735962532643131340e+01
-4.367504132643131953e+01
-5.788472732643131735e+01
-4.841160332643131881e+01
-4.999045732643131146e+01
-3.262306332643132123e+01
-3.262306332643131412e+01
-4.683274932643131905e+01
-4.209618732643131978e+01
-1.367681532643131526e+01
-1.525566932643132390e+01
-4.841160332643131881e+01
-5.946358132643131000e+01
-2.630764732643131509e+01
-4.367504132643131243e+01
-2.314993932643132268e+01
-4.525389532643131929e+01
-4.051733332643131291e+01
-2.946535532643131816e+01
-4.683274932643131905e+01
-4.841160332643131881e+01
-4.841160332643131881e+01
-3.893847932643132026e+01
-4.367504132643131243e+01
-4.841160332643131881e+01
-4.367504132643132664e+01
-3.893847932643132026e+01
-3.262306332643132123e+01
-2.946535532643132527e+01
-2.630764732643131509e+01
-5.314816532643131097e+01
-4.367504132643131243e+01
-1.367681532643132414e+01
-2.157108532643131582e+01
-5.788472732643131735e+01
-5.782545326431314692e+00
-4.209618732643131978e+01
-3.104420932643132147e+01
-3.735962532643132761e+01
-3.262306332643132123e+01
-4.051733332643132712e+01
-2.630764732643132220e+01
-3.104420932643131792e+01
-5.472701932643131784e+01
-3.578077132643131364e+01
-2.472879332643131534e+01
-3.578077132643132074e+01
-2.788650132643132196e+01
-3.735962532643131340e+01
-6.104243532643131687e+01
-2.472879332643131889e+01
-3.104420932643131437e+01
-4.683274932643131194e+01
-4.683274932643132615e+01
-5.472701932643131784e+01
-1.209796132643131550e+01
-4.367504132643131243e+01
-4.841160332643131881e+01
-4.367504132643132664e+01
-2.630764732643132220e+01
-3.104420932643132147e+01
-1.841337732643132341e+01
-3.262306332643131412e+01
-5.788472732643131735e+01
-4.367504132643131243e+01
-3.578077132643132074e+01
-3.735962532643132050e+01
-3.104420932643131437e+01
-4.051733332643131291e+01
-4.051733332643131291e+01
-4.367504132643131243e+01
-3.420191732643132099e+01
-3.578077132643132074e+01
-4.367504132643132664e+01
-4.841160332643131881e+01
-3.578077132643131364e+01
-2.472879332643132244e+01
-4.051733332643132712e+01
-3.578077132643132074e+01
-3.262306332643132123e+01
-5.156931132643131832e+01
-3.104420932643131792e+01
-4.209618732643131978e+01
-4.683274932643131194e+01
-3.578077132643132074e+01
-3.735962532643131340e+01
-4.051733332643132712e+01
-2.630764732643132220e+01
-3.578077132643131364e+01
-4.209618732643131978e+01
-4.051733332643132002e+01
-5.630587332643132470e+01
-4.683274932643132615e+01
-2.630764732643132220e+01
-4.841160332643131881e+01
-3.104420932643132147e+01
-4.209618732643131978e+01
-3.735962532643131340e+01
-3.735962532643132050e+01
-2.314993932643132268e+01
-2.157108532643132648e+01
-3.578077132643132074e+01
-5.630587332643131049e+01
-4.367504132643131243e+01
-4.525389532643131929e+01
-4.999045732643132567e+01
-3.578077132643131364e+01
-4.051733332643132002e+01
-2.157108532643131582e+01
-3.735962532643131340e+01
-5.472701932643131784e+01
-4.051733332643132002e+01
-3.893847932643131315e+01
-5.788472732643131735e+01
-3.104420932643132147e+01
-4.525389532643131929e+01
-5.472701932643131784e+01
-3.893847932643131315e+01
-4.051733332643131291e+01
-5.630587332643131049e+01
-5.156931132643131832e+01
-5.156931132643131832e+01
-4.525389532643131929e+01
-2.788650132643131840e+01
-5.630587332643131049e+01
-4.841160332643131881e+01
-3.262306332643132123e+01
-4.209618732643131978e+01
-4.999045732643131146e+01
-4.209618732643131978e+01
-4.841160332643131881e+01
-3.104420932643132147e+01
-4.051733332643132002e+01
-3.735962532643131340e+01
-3.420191732643132099e+01
-3.893847932643132026e+01
-3.262306332643131412e+01
-3.420191732643132099e+01
-4.367504132643131953e+01
-2.472879332643132244e+01
-5.472701932643132494e+01
-2.472879332643131534e+01
-3.420191732643131388e+01
-3.735962532643131340e+01
-3.262306332643132123e+01
-4.525389532643131218e+01
-4.683274932643132615e+01
-5.472701932643131784e+01
-3.104420932643132147e+01
-2.472879332643132244e+01
-2.630764732643131509e+01
-3.893847932643132026e+01
-3.262306332643131412e+01
-3.262306332643132123e+01
-2.788650132643132196e+01
-3.893847932643132026e+01
-4.051733332643132712e+01
-5.788472732643131735e+01
-3.578077132643132074e+01
-4.999045732643131146e+01
-3.104420932643132147e+01
-8.940253326431321312e+00
-4.051733332643131291e+01
-4.051733332643132712e+01
-5.156931132643131832e+01
-2.630764732643132220e+01
-3.104420932643131437e+01
-3.893847932643132026e+01
-5.472701932643131784e+01
-2.788650132643132196e+01
-4.051733332643132002e+01
-4.367504132643132664e+01
-4.841160332643131881e+01
-2.788650132643132196e+01
-4.525389532643131929e+01
-4.367504132643132664e+01
-3.104420932643132147e+01
-3.420191732643131388e+01
-4.999045732643131146e+01
-3.578077132643131364e+01
-3.735962532643131340e+01
-4.999045732643132567e+01
-4.209618732643131978e+01
-4.999045732643132567e+01
-2.472879332643132599e+01
-4.841160332643131881e+01
-5.314816532643131097e+01
-4.683274932643131194e+01
-3.262306332643132123e+01
-4.051733332643132002e+01
-4.841160332643131881e+01
-3.262306332643132123e+01
-4.051733332643131291e+01
-6.104243532643131687e+01
-2.946535532643132171e+01
-6.735785132643133011e+01
-4.683274932643132615e+01
-4.051733332643132002e+01
-3.893847932643132026e+01
-3.420191732643131388e+01
-4.367504132643131243e+01
-6.577899732643130903e+01
-4.525389532643131218e+01
-3.578077132643132074e+01
-2.946535532643132171e+01
-4.841160332643131881e+01
-2.630764732643131509e+01
-3.578077132643132074e+01
-2.157108532643131582e+01
-4.209618732643131978e+01
-5.472701932643131784e+01
-3.893847932643132026e+01
-3.578077132643132074e+01
-3.893847932643132026e+01
-2.472879332643131889e+01
-3.578077132643132074e+01
-2.157108532643132293e+01
-3.735962532643132050e+01
-4.051733332643131291e+01
-5.156931132643131832e+01
-2.630764732643131509e+01
-4.367504132643132664e+01
-3.578077132643132074e+01
-2.946535532643131461e+01
-2.314993932643132268e+01
-3.893847932643131315e+01
-3.104420932643132147e+01
-2.472879332643132244e+01
-4.209618732643131978e+01
-1.051910732643132462e+01
-4.683274932643131194e+01
-2.472879332643132244e+01
-4.367504132643131243e+01
-4.525389532643131929e+01
-3.578077132643131364e+01
-4.367504132643131953e+01
-5.156931132643131832e+01
-5.156931132643131832e+01
-4.841160332643131881e+01
-4.841160332643131881e+01
-4.051733332643132002e+01
-3.735962532643132761e+01
-5.156931132643131832e+01
-3.735962532643131340e+01
-1.367681532643132059e+01
-4.683274932643131194e+01
-4.051733332643131291e+01
-3.262306332643132123e+01
-3.893847932643131315e+01
-3.893847932643131315e+01
-4.841160332643131881e+01
-4.209618732643131978e+01
-3.420191732643131388e+01
-2.946535532643132527e+01
-4.683274932643132615e+01
-3.104420932643131437e+01
-1.841337732643131631e+01
-2.472879332643131534e+01
-5.788472732643131735e+01
-3.735962532643131340e+01
-4.841160332643131881e+01
-3.578077132643132074e+01
-4.209618732643131978e+01
-4.525389532643131218e+01
-4.841160332643131881e+01
-3.104420932643131792e+01
-3.893847932643131315e+01
-4.367504132643132664e+01
-3.893847932643132026e+01
-5.630587332643131049e+01
-5.946358132643132421e+01
-3.262306332643132123e+01
-5.314816532643132518e+01
-3.735962532643132761e+01
-3.578077132643131364e+01
-5.314816532643131097e+01
-2.630764732643132220e+01
-5.630587332643132470e+01
-4.999045732643131146e+01
-4.841160332643131881e+01
-3.262306332643132123e+01
-4.525389532643131929e+01
-3.578077132643132074e+01
-3.893847932643131315e+01
-3.262306332643131412e+01
-4.367504132643131243e+01
-3.104420932643132502e+01
-4.209618732643131267e+01
-4.999045732643131146e+01
-3.735962532643132050e+01
-5.156931132643131832e+01
-4.683274932643132615e+01
-2.630764732643131509e+01
-2.630764732643131509e+01
-3.262306332643131412e+01
-4.683274932643132615e+01
-3.578077132643132074e+01
-1.999223132643132672e+01
-4.683274932643131905e+01
-3.578077132643132074e+01
-4.999045732643132567e+01
-4.999045732643132567e+01
-2.788650132643132196e+01
-3.262306332643131412e+01
-3.420191732643132099e+01
-4.209618732643131267e+01
-4.367504132643131243e+01
-2.788650132643131485e+01
-5.156931132643131122e+01
-3.262306332643132123e+01
-3.420191732643131388e+01
-2.314993932643132268e+01
-5.630587332643131049e+01
-3.104420932643131437e+01
-4.683274932643131194e+01
-5.472701932643131784e+01
-3.104420932643132147e+01
-4.051733332643132002e+01
-3.104420932643131792e+01
-4.525389532643131929e+01
-1.841337732643132341e+01
-1.841337732643131986e+01
-4.841160332643131170e+01
-5.314816532643132518e+01
-3.578077132643131364e+01
-3.104420932643132147e+01
-4.683274932643132615e+01
-3.262306332643131412e+01
-4.051733332643131291e+01
-4.051733332643132712e+01
-4.367504132643131953e+01
-3.104420932643132147e+01
-1.209796132643131727e+01
-4.525389532643131218e+01
-3.578077132643132074e+01
-4.999045732643132567e+01
-5.472701932643131784e+01
-2.472879332643132244e+01
-3.262306332643131412e+01
-4.525389532643131929e+01
-3.104420932643131437e+01
-3.735962532643132050e+01
-2.472879332643131889e+01
-2.630764732643132220e+01
-4.209618732643131978e+01
-5.472701932643131784e+01
-4.683274932643131194e+01
-4.051733332643131291e+01
-5.156931132643131122e+01
-2.157108532643132293e+01
-5.156931132643131832e+01
-4.999045732643132567e+01
-4.209618732643131978e+01
-1.841337732643131631e+01
-3.578077132643131364e+01
-1.999223132643131606e+01
-4.051733332643131291e+01
-4.841160332643131881e+01
-3.735962532643131340e+01
-4.367504132643131243e+01
-4.841160332643131881e+01
-5.472701932643131784e+01
-3.104420932643131437e+01
-3.893847932643132026e+01
-3.420191732643131388e+01
-4.525389532643131929e+01
-2.630764732643132220e+01
-4.209618732643131267e+01
-3.104420932643132147e+01
-3.735962532643132050e+01
-4.051733332643131291e+01
-3.735962532643132761e+01
-4.367504132643132664e+01
-4.525389532643131929e+01
-4.051733332643132712e+01
-5.472701932643131784e+01
-1.999223132643132672e+01
-4.525389532643131218e+01
-4.683274932643131905e+01
-2.788650132643132196e+01
-3.893847932643131315e+01
-4.209618732643131978e+01
-3.893847932643132026e+01
-3.104420932643131437e+01
-3.262306332643132123e+01
-2.314993932643132624e+01
-3.735962532643132761e+01
-4.683274932643131194e+01
-5.156931132643131832e+01
-3.262306332643132123e+01
-3.420191732643132809e+01
-5.156931132643131832e+01
-2.157108532643132293e+01
-4.209618732643131978e+01
-3.578077132643132074e+01
-6.104243532643131687e+01
-1.999223132643131606e+01
-3.893847932643132026e+01
-2.946535532643131461e+01
-3.262306332643132123e+01
-3.578077132643132074e+01
-2.472879332643131889e+01
-5.156931132643131832e+01
-2.946535532643132171e+01
-4.367504132643131243e+01
-3.893847932643131315e+01
-5.630587332643131049e+01
-3.104420932643131437e+01
-3.735962532643132050e+01
-3.735962532643131340e+01
-3.262306332643131412e+01
-3.893847932643131315e+01
-1.525566932643131501e+01
-4.051733332643131291e+01
-3.893847932643132026e+01
-3.893847932643132026e+01
-3.893847932643132026e+01
-2.788650132643131485e+01
-1.999223132643132317e+01
-4.841160332643131881e+01
-5.156931132643131832e+01
-2.788650132643131840e+01
-1.841337732643132696e+01
-4.209618732643131978e+01
-4.209618732643131978e+01
-3.735962532643132050e+01
-4.209618732643131978e+01
-4.525389532643131218e+01
-4.999045732643131146e+01
-4.051733332643132002e+01
-2.157108532643132293e+01
-3.578077132643132074e+01
-4.051733332643132002e+01
-2.788650132643132196e+01
-2.630764732643132220e+01
-3.104420932643132502e+01
-4.683274932643132615e+01
-3.578077132643132074e+01
-4.367504132643132664e+01
-4.051733332643132002e+01
-3.893847932643132026e+01
-4.209618732643131267e+01
-1.841337732643132341e+01
-4.209618732643131978e+01
-3.735962532643132050e+01
-4.683274932643131194e+01
-2.314993932643132268e+01
-3.262306332643131412e+01
-4.841160332643131881e+01
-5.472701932643131784e+01
-4.841160332643131881e+01
-1.841337732643131631e+01
-4.999045732643131146e+01
-4.209618732643131978e+01
-4.051733332643132002e+01
-3.104420932643131437e+01
-3.104420932643131792e+01
-5.314816532643131097e+01
-4.367504132643132664e+01
-3.104420932643132147e+01
-3.735962532643132761e+01
-5.314816532643132518e+01
-3.104420932643132147e+01
-6.420014332643131638e+01
-4.525389532643131929e+01
-4.841160332643131881e+01
-4.367504132643131953e+01
-3.893847932643132026e+01
-3.262306332643132123e+01
-3.735962532643131340e+01
-5.630587332643132470e+01
-4.683274932643131194e+01
-2.157108532643132293e+01
-2.788650132643131485e+01
-4.841160332643131881e+01
-4.367504132643131243e+01
-4.999045732643131146e+01
-3.735962532643132050e+01
-3.104420932643132147e+01
-3.578077132643132074e+01
-3.578077132643132074e+01
-4.367504132643131953e+01
-2.472879332643131534e+01
-1.999223132643132317e+01
-3.420191732643132099e+01
-2.314993932643131558e+01
-3.262306332643132123e+01
-4.683274932643131194e+01
-4.051733332643131291e+01
-3.735962532643131340e+01
-3.262306332643132123e+01
-3.420191732643132809e+01
-3.735962532643131340e+01
-2.157108532643132293e+01
-3.262306332643132123e+01
-2.788650132643132196e+01
-3.893847932643132026e+01
-2.472879332643131534e+01
-5.314816532643131097e+01
-3.735962532643132050e+01
-5.472701932643131784e+01
-4.367504132643131243e+01
-4.525389532643131929e+01
-4.051733332643131291e+01
-3.893847932643131315e+01
-4.841160332643131881e+01
-2.472879332643131889e+01
-4.841160332643131881e+01
-3.893847932643132026e+01
-3.893847932643132026e+01
-4.209618732643131267e+01
-2.472879332643132244e+01
-3.578077132643132074e+01
-3.893847932643132026e+01
-5.156931132643131832e+01
-4.841160332643131881e+01
-5.946358132643131000e+01
-6.735785132643131590e+01
-3.104420932643131437e+01
-2.630764732643131509e+01
-3.578077132643132074e+01
-4.209618732643131978e+01
-5.472701932643131784e+01
-5.788472732643131735e+01
-4.841160332643131881e+01
-4.999045732643131856e+01
-4.525389532643131929e+01
-4.209618732643131267e+01
-4.841160332643131881e+01
-3.262306332643131412e+01
-3.104420932643132147e+01
-4.367504132643131953e+01
-3.578077132643132074e+01
-4.841160332643131881e+01
-4.367504132643131243e+01
-3.104420932643131792e+01
-5.788472732643131735e+01
-4.051733332643131291e+01
-2.630764732643131509e+01
-3.893847932643132026e+01
-4.209618732643131978e+01
-3.104420932643132147e+01
-3.578077132643132074e+01
-3.262306332643132123e+01
-3.893847932643131315e+01
-5.946358132643131000e+01
-4.525389532643131929e+01
-3.578077132643132074e+01
-3.262306332643132123e+01
-1.367681532643132059e+01
-4.683274932643131194e+01
-4.683274932643131194e+01
-2.788650132643132196e+01
-3.262306332643132123e+01
-4.683274932643131194e+01
-4.367504132643131243e+01
-2.788650132643132196e+01
-4.203691326431318487e+00
-4.683274932643131905e+01
-2.472879332643131889e+01
-4.051733332643131291e+01
-4.841160332643131170e+01
-4.525389532643131929e+01
-4.999045732643131146e+01
-2.472879332643132244e+01
-3.735962532643131340e+01
-2.472879332643131534e+01
-4.209618732643131267e+01
-1.841337732643132341e+01
-4.051733332643132712e+01
-3.578077132643131364e+01
-5.630587332643132470e+01
-4.367504132643131243e+01
-4.209618732643131978e+01
-4.367504132643132664e+01
-4.051733332643132002e+01
-3.578077132643131364e+01
-1.525566932643131501e+01
-4.525389532643131929e+01
-3.104420932643132147e+01
-4.999045732643131146e+01
-3.578077132643132074e+01
-4.209618732643131978e+01
-3.735962532643131340e+01
-3.578077132643131364e+01
-3.578077132643132074e+01
-5.472701932643131784e+01
-6.577899732643132324e+01
-3.735962532643131340e+01
-3.104420932643132502e+01
-4.209618732643131978e+01
-2.788650132643132196e+01
-5.630587332643132470e+01
-4.841160332643131881e+01
-4.999045732643132567e+01
-4.367504132643131243e+01
-3.735962532643131340e+01
-4.051733332643131291e+01
-4.367504132643131243e+01
-1.999223132643132317e+01
-2.472879332643132244e+01
-4.683274932643131194e+01
-4.525389532643131929e+01
-3.262306332643132123e+01
-4.367504132643132664e+01
-3.104420932643132147e+01
-5.472701932643132494e+01
-2.788650132643131485e+01
-4.525389532643131929e+01
-5.630587332643131049e+01
-4.999045732643132567e+01
-4.841160332643131881e+01
-4.209618732643131267e+01
-3.893847932643132026e+01
-4.999045732643131856e+01
-5.314816532643132518e+01
-2.157108532643132293e+01
-4.209618732643131978e+01
-3.578077132643132074e+01
-4.525389532643131929e+01
-2.314993932643131913e+01
-2.788650132643131485e+01
-4.051733332643132712e+01
-4.683274932643131905e+01
-3.578077132643132074e+01
-3.104420932643132147e+01
-4.841160332643131881e+01
-4.525389532643131929e+01
-2.630764732643132220e+01
-4.525389532643131929e+01
-2.157108532643132293e+01
-5.472701932643131073e+01
-4.841160332643131881e+01
-4.209618732643131978e+01
-3.262306332643132123e+01
-4.999045732643131146e+01
-3.578077132643131364e+01
-2.946535532643132527e+01
-4.999045732643132567e+01
-3.262306332643132123e+01
-2.630764732643132220e+01
-3.420191732643131388e+01
-5.788472732643131025e+01
-4.209618732643131978e+01
-3.893847932643131315e+01
-3.104420932643132147e+01
-2.946535532643132527e+01
-2.946535532643132171e+01
-5.472701932643131784e+01
-5.630587332643132470e+01
-2.946535532643132527e+01
-2.788650132643132196e+01
-2.946535532643132171e+01
-6.577899732643132324e+01
-4.051733332643132712e+01
-3.420191732643131388e+01
-2.788650132643132196e+01
-3.262306332643132123e+01
-4.209618732643131978e+01
-3.262306332643132123e+01
-3.262306332643132123e+01
-3.735962532643131340e+01
-1.683452332643132365e+01
-3.262306332643132123e+01
-4.367504132643131243e+01
-3.578077132643132074e+01
-4.367504132643132664e+01
-4.367504132643132664e+01
-3.104420932643132147e+01
-4.999045732643131146e+01
-3.893847932643132026e+01
-4.367504132643131243e+01
-4.525389532643131218e+01
-3.735962532643131340e+01
-3.893847932643131315e+01
-2.157108532643131582e+01
-3.262306332643131412e+01
-4.999045732643131146e+01
-4.051733332643131291e+01
-3.578077132643132074e+01
-4.209618732643131978e+01
-4.525389532643131218e+01
-3.104420932643132147e+01
-4.367504132643131243e+01
-4.525389532643131929e+01
-2.472879332643132244e+01
-4.367504132643131953e+01
-3.420191732643131388e+01
-4.841160332643131881e+01
-2.157108532643132648e+01
-4.999045732643132567e+01
-5.472701932643131784e+01
-3.420191732643132099e+01
-4.367504132643131243e+01
-3.104420932643131792e+01
-3.420191732643132099e+01
-1.525566932643132034e+01
-1.683452332643131655e+01
-2.946535532643131461e+01
-4.051733332643132712e+01
-3.104420932643132147e+01
-2.314993932643131913e+01
-4.999045732643131856e+01
-2.314993932643132268e+01
-5.472701932643131784e+01
-4.367504132643132664e+01
-2.946535532643131461e+01
-4.683274932643131905e+01
-6.577899732643130903e+01
-4.051733332643132002e+01
-4.051733332643132712e+01
-3.893847932643132026e+01
-4.999045732643131146e+01
-4.209618732643131267e+01
-3.104420932643132147e+01
-3.735962532643132050e+01
-3.735962532643131340e+01
-2.788650132643131485e+01
-3.893847932643132026e+01
-4.841160332643131881e+01
-4.209618732643131978e+01
-3.420191732643132099e+01
-4.525389532643131218e+01
-4.209618732643131267e+01
-3.262306332643131412e+01
-4.999045732643132567e+01
-3.104420932643131437e+01
-3.262306332643132123e+01
-4.367504132643132664e+01
-4.841160332643131170e+01
-4.051733332643131291e+01
-4.683274932643131194e+01
-4.367504132643132664e+01
-2.157108532643131582e+01
-4.209618732643131978e+01
-3.420191732643131388e+01
-4.367504132643131243e+01
-2.946535532643131461e+01
-5.472701932643131784e+01
-4.525389532643131929e+01
-2.314993932643132624e+01
-5.156931132643131832e+01
-2.472879332643132244e+01
-3.893847932643131315e+01
-2.630764732643132220e+01
-3.262306332643132123e+01
-6.262128932643132373e+01
-4.683274932643131194e+01
-2.472879332643132244e+01
-2.157108532643131937e+01
-3.578077132643132074e+01
-2.946535532643132171e+01
-3.578077132643132074e+01
-2.157108532643132293e+01
-4.841160332643131881e+01
-2.946535532643131461e+01
-2.946535532643131461e+01
-4.209618732643131978e+01
-4.051733332643131291e+01
-5.314816532643131808e+01
-3.578077132643132074e+01
-3.104420932643132147e+01
-3.893847932643131315e+01
-4.525389532643131929e+01
-5.156931132643131832e+01
-4.683274932643132615e+01
-4.683274932643131194e+01
-3.262306332643132123e+01
-2.788650132643131840e+01
-4.525389532643131929e+01
-5.156931132643131832e+01
-4.051733332643131291e+01
-3.893847932643132026e+01
-3.735962532643131340e+01
-2.788650132643131485e+01
-4.525389532643131929e+01
-2.157108532643132293e+01
-5.314816532643132518e+01
-5.314816532643132518e+01
-4.683274932643131905e+01
-2.946535532643131461e+01
-1.999223132643132672e+01
-4.209618732643131978e+01
-1.051910732643132107e+01
-3.735962532643132050e+01
-4.209618732643131978e+01
-5.156931132643131832e+01
-4.683274932643131194e+01
-3.578077132643132074e+01
-5.788472732643131735e+01
-2.946535532643131461e+01
-4.525389532643131929e+01
-4.367504132643131243e+01
-4.683274932643132615e+01
-2.314993932643132268e+01
-4.051733332643132712e+01
-5.946358132643132421e+01
-2.946535532643131461e+01
-2.946535532643131816e+01
-2.788650132643131485e+01
-4.841160332643131881e+01
-3.735962532643132761e+01
-2.946535532643131461e+01
-4.683274932643132615e+01
-2.314993932643132268e+01
-3.893847932643132026e+01
-3.420191732643132809e+01
-4.683274932643132615e+01
-6.420014332643131638e+01
-4.367504132643131243e+01
-2.946535532643132171e+01
-2.472879332643132244e+01
-5.314816532643132518e+01
-2.472879332643132244e+01
-5.314816532643132518e+01
-3.104420932643131792e+01
-2.314993932643131558e+01
-4.051733332643131291e+01
-3.893847932643132026e+01
-2.630764732643132220e+01
-2.314993932643132624e+01
-2.157108532643132293e+01
-4.999045732643132567e+01
-1.841337732643131631e+01
-1.525566932643132390e+01
-4.525389532643131929e+01
-3.735962532643132761e+01
-2.157108532643132293e+01
-4.525389532643131929e+01
-3.578077132643132074e+01
-5.472701932643131784e+01
-3.104420932643131437e+01
-3.893847932643131315e+01
-3.578077132643131364e+01
-1.999223132643131606e+01
-4.209618732643131978e+01
-4.209618732643131978e+01
-3.735962532643131340e+01
-2.788650132643132196e+01
-4.051733332643131291e+01
-4.209618732643131978e+01
-3.735962532643132761e+01
-2.157108532643131582e+01
-2.946535532643131816e+01
-3.104420932643131792e+01
-3.104420932643131792e+01
-6.104243532643131687e+01
-4.525389532643131929e+01
-3.893847932643132026e+01
-2.788650132643132196e+01
-3.893847932643132026e+01
-6.104243532643131687e+01
-3.735962532643131340e+01
-3.262306332643132123e+01
-3.893847932643132026e+01
-3.735962532643132050e+01
-3.420191732643132099e+01
-3.735962532643131340e+01
-4.525389532643131929e+01
-3.735962532643132050e+01
-5.472701932643131784e+01
-3.420191732643131388e+01
-4.999045732643131146e+01
-5.156931132643131832e+01
-4.841160332643131881e+01
-4.367504132643132664e+01
-4.051733332643132712e+01
-1.841337732643132341e+01
-2.314993932643131558e+01
-4.683274932643131194e+01
-4.525389532643131929e+01
-3.735962532643132050e+01
-4.209618732643131978e+01
-4.051733332643132002e+01
-5.788472732643132446e+01
-3.735962532643131340e+01
-5.630587332643131049e+01
-2.157108532643132293e+01
-4.841160332643131881e+01
-3.420191732643132099e+01
-5.314816532643131097e+01
-4.209618732643131978e+01
-3.578077132643132074e+01
-4.841160332643131881e+01
-3.104420932643131437e+01
-4.683274932643131194e+01
-3.104420932643132147e+01
-5.630587332643131759e+01
-2.157108532643132293e+01
-5.314816532643132518e+01
-2.788650132643131485e+01
-4.051733332643131291e+01
-5.314816532643131097e+01
-3.420191732643131388e+01
-4.051733332643131291e+01
-3.578077132643131364e+01
-4.683274932643131194e+01
-2.472879332643132244e+01
-2.472879332643131534e+01
-5.472701932643131073e+01
-3.893847932643131315e+01
-5.946358132643131000e+01
-2.946535532643131461e+01
-3.420191732643131388e+01
-3.578077132643132074e+01
-4.209618732643131267e+01
-4.525389532643131929e+01
-1.683452332643132365e+01
-4.209618732643131978e+01
-3.420191732643132809e+01
-5.314816532643131097e+01
-4.841160332643131881e+01
-3.578077132643131364e+01
-4.525389532643131929e+01
-3.104420932643132147e+01
-5.472701932643131784e+01
-2.630764732643132575e+01
-4.683274932643131194e+01
-5.630587332643132470e+01
-3.262306332643132123e+01
-2.788650132643131485e+01
-3.735962532643131340e+01
-5.156931132643131832e+01
-2.788650132643131485e+01
-4.051733332643132712e+01
-2.946535532643132171e+01
-4.367504132643131243e+01
-3.893847932643132026e+01
-2.157108532643132293e+01
-2.788650132643132196e+01
-5.156931132643131832e+01
-4.683274932643132615e+01
-2.788650132643132196e+01
-4.683274932643131194e+01
-4.209618732643131978e+01
-5.314816532643131097e+01
-3.104420932643132502e+01
-4.209618732643131267e+01
-4.999045732643131856e+01
-4.209618732643131267e+01
-5.788472732643131025e+01
-3.735962532643132050e+01
-2.314993932643131558e+01
-4.367504132643131953e+01
-4.683274932643131194e+01
-3.735962532643131340e+01
-3.420191732643131388e+01
-5.946358132643132421e+01
-3.420191732643131388e+01
-6.262128932643130952e+01
-1.367681532643132236e+01
-6.104243532643131687e+01
-3.578077132643132074e+01
-3.420191732643131388e+01
-6.262128932643130952e+01
-3.104420932643131792e+01
-3.578077132643132074e+01
-2.630764732643132220e+01
-4.841160332643131881e+01
-5.314816532643132518e+01
-3.420191732643131388e+01
-3.262306332643131412e+01
-3.893847932643132026e+01
-5.314816532643131097e+01
-1.209796132643131727e+01
-3.735962532643132050e+01
-3.893847932643131315e+01
-4.525389532643131929e+01
-3.735962532643131340e+01
-3.420191732643132099e+01
-4.525389532643131929e+01
-1.999223132643132317e+01
-4.683274932643132615e+01
-1.683452332643132365e+01
-4.841160332643131881e+01
-4.683274932643132615e+01
-4.683274932643131194e+01
-4.841160332643131881e+01
-3.735962532643131340e+01
-7.367326732643131493e+01
-2.157108532643131582e+01
-2.472879332643132244e+01
-4.209618732643131978e+01
-2.472879332643132244e+01
-3.262306332643131412e+01
-3.104420932643131792e+01
-4.841160332643131881e+01
-4.209618732643131978e+01
-4.367504132643131243e+01
-3.578077132643132074e+01
-3.578077132643131364e+01
-3.104420932643131437e+01
-4.209618732643131978e+01
-3.262306332643131412e+01
-2.946535532643131461e+01
-3.735962532643131340e+01
-1.999223132643131606e+01
-2.314993932643132268e+01
-5.314816532643131097e+01
-2.157108532643132293e+01
-4.683274932643131194e+01
-2.788650132643131485e+01
-2.946535532643132527e+01
-2.788650132643132196e+01
-4.209618732643131978e+01
-2.314993932643132624e+01
-2.630764732643132220e+01
-4.999045732643131146e+01
-2.788650132643131485e+01
-4.051733332643132002e+01
-4.051733332643131291e+01
-5.788472732643131735e+01
-4.209618732643131978e+01
-1.999223132643131606e+01
-3.893847932643131315e+01
-2.788650132643132196e+01
-5.946358132643132421e+01
-2.788650132643132196e+01
-4.999045732643132567e+01
-3.420191732643132099e+01
-2.314993932643131558e+01
-3.104420932643132502e+01
-3.735962532643132050e+01
-2.788650132643131485e+01
-3.104420932643131437e+01
-1.841337732643131986e+01
-4.841160332643131881e+01
-4.525389532643131218e+01
-3.420191732643131388e+01
-4.999045732643132567e+01
-2.157108532643132293e+01
-3.578077132643131364e+01
-3.104420932643131437e+01
-2.630764732643132220e+01
-4.525389532643131218e+01
-3.578077132643132074e+01
-4.999045732643132567e+01
-3.104420932643131437e+01
-3.578077132643132074e+01
-4.051733332643131291e+01
-3.893847932643132026e+01
-6.262128932643132373e+01
-3.262306332643131412e+01
-2.946535532643132171e+01
-3.420191732643132099e+01
-2.472879332643132244e+01
-2.472879332643132244e+01
-5.946358132643132421e+01
-6.420014332643131638e+01
-3.893847932643132026e+01
-1.683452332643132365e+01
-2.788650132643131840e+01
-3.578077132643132074e+01
-3.578077132643132074e+01
-4.209618732643131978e+01
-3.104420932643131792e+01
-4.209618732643131978e+01
-3.735962532643131340e+01
-3.262306332643132123e+01
-4.209618732643131978e+01
-3.893847932643132026e+01
-3.735962532643131340e+01
-5.788472732643131735e+01
-3.420191732643131388e+01
-3.104420932643132147e+01
-5.472701932643131784e+01
-5.946358132643132421e+01
-1.367681532643131526e+01
-4.683274932643131194e+01
-1.841337732643132341e+01
-2.472879332643132244e+01
-4.051733332643132712e+01
-2.314993932643132268e+01
-5.156931132643131832e+01
-3.262306332643132123e+01
-4.525389532643131929e+01
-2.788650132643131485e+01
-2.472879332643131534e+01
-4.051733332643132002e+01
-1.525566932643131501e+01
-6.262128932643130952e+01
-2.630764732643132575e+01
-4.841160332643131881e+01
-2.788650132643132196e+01
-5.314816532643131097e+01
-2.630764732643131509e+01
-4.051733332643132002e+01
-3.578077132643132074e+01
-3.735962532643131340e+01
-3.735962532643132050e+01
-2.630764732643132220e+01
-2.157108532643132293e+01
-3.735962532643131340e+01
-4.841160332643131881e+01
-2.788650132643131485e+01
-1.209796132643131550e+01
-4.051733332643132002e+01
-4.209618732643131978e+01
-2.630764732643131509e+01
-4.683274932643132615e+01
-4.525389532643131929e+01
-2.788650132643132196e+01
-3.735962532643132050e+01
-2.630764732643131509e+01
-2.630764732643132220e+01
-3.262306332643131412e+01
-2.946535532643131816e+01
-2.788650132643131840e+01
-2.788650132643131485e+01
-5.630587332643132470e+01
-3.578077132643132074e+01
-2.946535532643131816e+01
-4.209618732643131978e+01
-2.314993932643132268e+01
-2.472879332643132244e+01
-3.578077132643131364e+01
-5.472701932643131784e+01
-4.367504132643131243e+01
-4.209618732643131978e+01
-2.630764732643132220e+01
-5.156931132643131832e+01
-4.367504132643131953e+01
-2.630764732643132220e+01
-4.051733332643132712e+01
-3.893847932643131315e+01
-3.262306332643131412e+01
-4.051733332643131291e+01
-5.314816532643132518e+01
-5.630587332643131049e+01
-3.893847932643132026e+01
-3.893847932643132026e+01
-4.525389532643131929e+01
-4.841160332643131881e+01
-4.209618732643131267e+01
-4.525389532643131218e+01
-3.104420932643132147e+01
-3.262306332643132123e+01
-2.472879332643131534e+01
-3.262306332643132123e+01
-4.051733332643132712e+01
-4.051733332643132712e+01
-4.051733332643132712e+01
-3.104420932643132147e+01
-3.735962532643132761e+01
-5.788472732643131735e+01
-1.051910732643132462e+01
-4.841160332643131881e+01
-3.578077132643132074e+01
-3.262306332643131412e+01
-5.472701932643131784e+01
-3.104420932643132502e+01
-4.367504132643131953e+01
-3.735962532643132050e+01
-2.788650132643132196e+01
-2.788650132643132196e+01
-3.104420932643132147e+01
-4.209618732643131978e+01
-3.104420932643132502e+01
-1.683452332643132365e+01
-4.525389532643131929e+01
-3.735962532643132761e+01
-3.420191732643131388e+01
-4.051733332643132712e+01
-4.683274932643132615e+01
-4.051733332643131291e+01
-1.525566932643132390e+01
-2.157108532643132293e+01
-5.472701932643131784e+01
-4.683274932643131194e+01
-4.683274932643131194e+01
-4.209618732643131978e+01
-4.999045732643132567e+01
-2.788650132643131485e+01
-5.156931132643131832e+01
-4.841160332643131881e+01
-3.578077132643132074e+01
-2.630764732643131865e+01
-2.788650132643132196e+01
-3.262306332643131412e+01
-3.262306332643131412e+01
-2.472879332643132244e+01
-5.314816532643132518e+01
-2.630764732643132220e+01
-5.156931132643131832e+01
-2.788650132643132196e+01
-3.893847932643132026e+01
-4.525389532643131929e+01
-5.630587332643132470e+01
-4.367504132643131953e+01
-1.841337732643132341e+01
-6.735785132643131590e+01
-2.157108532643131582e+01
-3.262306332643132123e+01
-2.472879332643132244e+01
-3.578077132643131364e+01
-3.893847932643132026e+01
-3.578077132643132074e+01
-4.683274932643131905e+01
-1.999223132643132317e+01
-3.735962532643131340e+01
-2.314993932643131558e+01
-4.683274932643131194e+01
-2.630764732643132220e+01
-3.420191732643132099e+01
-4.999045732643132567e+01
-2.314993932643131913e+01
-3.735962532643132050e+01
-3.262306332643131412e+01
-3.735962532643131340e+01
-3.104420932643131437e+01
-2.788650132643131840e+01
-4.051733332643131291e+01
-2.788650132643131840e+01
-2.472879332643131889e+01
-1.841337732643131631e+01
-3.893847932643132026e+01
-3.262306332643131412e+01
-3.420191732643132809e+01
-2.788650132643132551e+01
-4.525389532643131218e+01
-4.209618732643131978e+01
-4.209618732643131978e+01
-4.209618732643131978e+01
-1.999223132643132317e+01
-4.841160332643131881e+01
-3.262306332643131412e+01
-2.630764732643132220e+01
-4.525389532643131218e+01
-3.735962532643132050e+01
-2.788650132643132196e+01
-2.314993932643132268e+01
-3.735962532643132050e+01
-3.104420932643132502e+01
-3.578077132643132074e+01
-5.314816532643131097e+01
-1.841337732643132341e+01
-4.841160332643131170e+01
-3.420191732643132099e+01
-3.104420932643132147e+01
-3.893847932643132026e+01
-3.893847932643131315e+01
-2.946535532643131816e+01
-3.578077132643131364e+01
-5.788472732643131735e+01
-3.893847932643132026e+01
-5.946358132643132421e+01
-2.788650132643132196e+01
-4.367504132643131243e+01
-3.262306332643131412e+01
-4.525389532643131929e+01
-3.420191732643132099e+01
-3.420191732643131388e+01
-3.104420932643132147e+01
-4.209618732643131978e+01
-5.156931132643131832e+01
-3.262306332643132123e+01
-3.893847932643132026e+01
-3.420191732643132099e+01
-3.104420932643132147e+01
-3.735962532643132761e+01
-3.262306332643132123e+01
-3.420191732643132099e+01
-2.314993932643131558e+01
-3.262306332643132123e+01
-4.367504132643131243e+01
-4.367504132643131243e+01
-3.262306332643132123e+01
-4.051733332643132002e+01
-3.262306332643132123e+01
-3.578077132643132074e+01
-2.946535532643132527e+01
-3.735962532643131340e+01
-3.893847932643132026e+01
-6.262128932643132373e+01
-4.051733332643132002e+01
-3.104420932643132502e+01
-3.578077132643132074e+01
-4.525389532643131929e+01
-5.788472732643131735e+01
-3.262306332643132123e+01
-4.051733332643131291e+01
-3.735962532643132761e+01
-3.104420932643132147e+01
-4.367504132643131243e+01
-4.841160332643131881e+01
-4.367504132643131953e+01
-4.209618732643131978e+01
-3.735962532643132761e+01
-3.735962532643131340e+01
-4.525389532643131929e+01
-4.051733332643131291e+01
-2.946535532643132171e+01
-2.472879332643132244e+01
-5.314816532643132518e+01
-3.262306332643132123e+01
-4.683274932643132615e+01
-5.630587332643132470e+01
-3.104420932643132147e+01
-4.525389532643131929e+01
-3.893847932643132026e+01
-3.578077132643132074e+01
-3.420191732643132809e+01
-4.051733332643131291e+01
-3.420191732643132099e+01
-3.735962532643132050e+01
-3.104420932643131792e+01
-2.946535532643132171e+01
-4.683274932643132615e+01
-3.893847932643131315e+01
-3.420191732643132099e+01
-4.209618732643131978e+01
-3.104420932643131437e+01
-4.209618732643131978e+01
-1.999223132643132672e+01
-4.051733332643132002e+01
-3.893847932643131315e+01
-5.156931132643131832e+01
-4.051733332643131291e+01
-2.314993932643132268e+01
-1.367681532643132236e+01
-5.156931132643131832e+01
-4.841160332643131881e+01
-5.630587332643131049e+01
-3.735962532643131340e+01
-3.104420932643132502e+01
-4.051733332643132712e+01
-4.209618732643131267e+01
-6.420014332643131638e+01
-3.578077132643132074e+01
-3.420191732643132099e+01
-3.893847932643132026e+01
-3.420191732643132099e+01
-3.578077132643131364e+01
-2.946535532643132171e+01
-5.630587332643132470e+01
-2.788650132643132196e+01
-4.841160332643131881e+01
-3.104420932643132147e+01
-3.104420932643131792e+01
-4.051733332643131291e+01
-2.472879332643131534e+01
-4.683274932643132615e+01
-4.367504132643131953e+01
-6.420014332643131638e+01
-2.788650132643132196e+01
-5.156931132643131832e+01
-4.525389532643131929e+01
-2.314993932643132268e+01
-3.735962532643131340e+01
-4.051733332643132712e+01
-4.999045732643131146e+01
-2.157108532643132293e+01
-3.104420932643132502e+01
-2.314993932643132624e+01
-4.999045732643131146e+01
-4.367504132643131243e+01
-3.893847932643132026e+01
-4.525389532643131218e+01
-1.683452332643132365e+01
-2.946535532643132171e+01
-4.209618732643131267e+01
-4.683274932643132615e+01
-4.999045732643132567e+01
-1.999223132643132317e+01
-4.209618732643131978e+01
-3.578077132643131364e+01
-2.946535532643131816e+01
-5.630587332643131049e+01
-2.788650132643132196e+01
-4.367504132643131953e+01
-4.209618732643131978e+01
-4.051733332643132712e+01
-4.367504132643131953e+01
-3.735962532643132050e+01
-3.104420932643131437e+01
-3.735962532643132761e+01
-4.051733332643131291e+01
-2.946535532643131461e+01
-4.999045732643131146e+01
-2.472879332643132244e+01
-3.262306332643132123e+01
-3.262306332643132123e+01
-3.735962532643132050e+01
-2.946535532643131461e+01
-4.999045732643131146e+01
-4.683274932643132615e+01
-4.525389532643131929e+01
-4.209618732643131267e+01
-3.578077132643131364e+01
-3.104420932643131437e+01
-3.735962532643132050e+01
-3.420191732643131388e+01
-2.946535532643132171e+01
-3.262306332643131412e+01
-5.156931132643131122e+01
-2.314993932643131913e+01
-4.051733332643131291e+01
-3.262306332643132123e+01
-4.841160332643131881e+01
-3.262306332643132123e+01
-2.946535532643132171e+01
-5.472701932643131784e+01
-4.209618732643131978e+01
-3.420191732643131388e+01
-4.999045732643132567e+01
-3.262306332643132123e+01
-4.367504132643131243e+01
-2.314993932643132268e+01
-2.314993932643132624e+01
-4.999045732643132567e+01
-5.156931132643131832e+01
-2.946535532643131461e+01
-4.999045732643131146e+01
-2.472879332643131534e+01
-4.999045732643132567e+01
-3.735962532643132761e+01
-1.999223132643132317e+01
-5.946358132643132421e+01
-2.630764732643132220e+01
-2.630764732643131509e+01
-2.472879332643132244e+01
-3.735962532643132050e+01
-5.788472732643131735e+01
-3.893847932643132026e+01
-3.578077132643131364e+01
-2.946535532643132171e+01
-5.156931132643131832e+01
-2.788650132643131485e+01
-2.314993932643132268e+01
-4.841160332643131881e+01
-5.946358132643132421e+01
-3.104420932643132147e+01
-4.209618732643131978e+01
-4.841160332643131881e+01
-4.683274932643131194e+01
-4.841160332643131170e+01
-4.209618732643131978e+01
-2.946535532643132171e+01
-2.946535532643132527e+01
-2.788650132643131840e+01
-4.683274932643131905e+01
-3.262306332643132123e+01
-5.314816532643131097e+01
-2.946535532643132171e+01
-3.262306332643132123e+01
-5.788472732643131735e+01
-3.104420932643131792e+01
-2.157108532643131937e+01
-5.788472732643131735e+01
-4.367504132643132664e+01
-3.893847932643132026e+01
-1.841337732643131986e+01
-4.683274932643131194e+01
-2.630764732643132220e+01
-3.735962532643131340e+01
-4.051733332643132712e+01
-1.525566932643131679e+01
-4.367504132643131243e+01
-6.262128932643132373e+01
-3.420191732643132809e+01
-4.525389532643131929e+01
-1.683452332643132365e+01
-3.578077132643131364e+01
-2.946535532643131816e+01
-3.735962532643131340e+01
-3.420191732643132809e+01
-3.735962532643132050e+01
-5.788472732643131735e+01
-4.367504132643131243e+01
-3.893847932643132026e+01
-4.525389532643131929e+01
-4.051733332643132712e+01
-4.051733332643132002e+01
-2.630764732643132220e+01
-7.209441332643132228e+01
-4.209618732643131978e+01
-2.314993932643131558e+01
-1.841337732643131631e+01
-2.630764732643132220e+01
-3.735962532643132050e+01
-4.051733332643131291e+01
-4.683274932643132615e+01
-2.157108532643131937e+01
-4.209618732643131978e+01
-2.630764732643132220e+01
-6.104243532643131687e+01
-3.262306332643132123e+01
-3.893847932643132026e+01
-5.156931132643131832e+01
-4.683274932643131194e+01
-4.525389532643131929e+01
-4.209618732643131978e+01
-3.735962532643131340e+01
-5.630587332643132470e+01
-2.946535532643131461e+01
-5.472701932643131073e+01
-3.420191732643132099e+01
-4.999045732643131146e+01
-3.262306332643132123e+01
-5.314816532643131097e+01
-3.893847932643131315e+01
-3.262306332643132123e+01
-2.788650132643132196e+01
-1.525566932643132212e+01
-2.946535532643131816e+01
-4.525389532643131929e+01
-3.104420932643132502e+01
-6.104243532643131687e+01
-6.262128932643132373e+01
-1.841337732643131631e+01
-4.525389532643131929e+01
-3.893847932643131315e+01
-3.893847932643132026e+01
-3.420191732643132099e+01
-2.788650132643132196e+01
-3.735962532643132050e+01
-3.262306332643131412e+01
-4.999045732643132567e+01
-3.420191732643131388e+01
-3.735962532643131340e+01
-4.999045732643131146e+01
-3.104420932643132147e+01
-2.630764732643131509e+01
-3.420191732643131388e+01
-3.735962532643132761e+01
-4.367504132643131953e+01
-2.630764732643131509e+01
-3.104420932643132502e+01
-4.051733332643132002e+01
-3.578077132643132074e+01
-4.209618732643131978e+01
-3.262306332643132123e+01
-2.630764732643131509e+01
-3.735962532643131340e+01
-1.683452332643132365e+01
-4.367504132643131243e+01
-4.525389532643131218e+01
-3.420191732643132099e+01
-4.525389532643131929e+01
-3.578077132643132074e+01
-5.156931132643131832e+01
-4.683274932643131194e+01
-3.578077132643131364e+01
-5.314816532643132518e+01
-3.420191732643132099e+01
-3.420191732643132099e+01
-2.314993932643132268e+01
-3.420191732643132809e+01
-3.262306332643132123e+01
-3.104420932643132147e+01
-4.683274932643131194e+01
-3.578077132643132074e+01
-4.841160332643131881e+01
-4.683274932643131194e+01
-3.578077132643132074e+01
-1.209796132643131727e+01
-7.367326732643132914e+01
-1.367681532643132059e+01
-4.051733332643132712e+01
-3.735962532643132050e+01
-2.314993932643132268e+01
-4.367504132643132664e+01
-2.630764732643132220e+01
-4.051733332643131291e+01
-4.999045732643131146e+01
-4.841160332643131881e+01
-4.999045732643131146e+01
-1.841337732643132341e+01
-4.683274932643131194e+01
-4.209618732643131978e+01
-3.420191732643131388e+01
-4.209618732643131978e+01
-4.051733332643132712e+01
-4.841160332643131881e+01
-3.893847932643132026e+01
-4.525389532643131929e+01
-2.788650132643131485e+01
-4.841160332643131881e+01
-3.893847932643132026e+01
-3.104420932643132147e+01
-3.735962532643131340e+01
-4.367504132643132664e+01
-4.841160332643131881e+01
-2.946535532643132171e+01
-3.104420932643132147e+01
-2.788650132643132196e+01
-2.630764732643131509e+01
-2.314993932643132624e+01
-3.262306332643132123e+01
-4.525389532643131929e+01
-5.156931132643131832e+01
-5.472701932643131784e+01
-4.841160332643131881e+01
-3.893847932643132026e+01
-3.104420932643132147e+01
-3.893847932643132026e+01
-3.735962532643131340e+01
-2.946535532643131816e+01
-4.841160332643131170e+01
-6.262128932643132373e+01
-2.788650132643131840e+01
-2.788650132643131485e+01
-3.420191732643132099e+01
-4.683274932643131194e+01
-4.367504132643132664e+01
-4.367504132643132664e+01
-3.578077132643132074e+01
-4.367504132643132664e+01
-3.578077132643131364e+01
-4.841160332643131881e+01
-5.314816532643131097e+01
-2.314993932643132268e+01
-3.893847932643131315e+01
-3.420191732643131388e+01
-2.946535532643132171e+01
-5.156931132643131832e+01
-3.578077132643131364e+01
-1.999223132643131606e+01
-3.578077132643132074e+01
-3.578077132643132074e+01
-2.946535532643131461e+01
-2.946535532643132171e+01
-3.262306332643131412e+01
-4.525389532643131929e+01
-3.578077132643132074e+01
-4.209618732643131267e+01
-2.630764732643132220e+01
-3.420191732643132099e+01
-3.578077132643132074e+01
-3.104420932643132147e+01
-3.104420932643132147e+01
-3.262306332643132123e+01
-3.262306332643132123e+01
-3.893847932643132026e+01
-4.209618732643131978e+01
-4.683274932643131194e+01
-4.051733332643131291e+01
-3.578077132643132074e+01
-2.472879332643131534e+01
-5.630587332643131049e+01
-2.788650132643132196e+01
-4.051733332643131291e+01
-3.735962532643131340e+01
-1.841337732643132341e+01
-2.946535532643132171e+01
-5.472701932643131784e+01
-4.209618732643131978e+01
-2.630764732643131509e+01
-3.578077132643131364e+01
-3.420191732643131388e+01
-4.209618732643131978e+01
-3.893847932643132026e+01
-3.104420932643131437e+01
-4.841160332643131881e+01
-1.525566932643131501e+01
-4.051733332643131291e+01
-2.946535532643132171e+01
-3.104420932643131792e+01
-3.104420932643132502e+01
-4.525389532643131929e+01
-3.578077132643131364e+01
-3.578077132643132074e+01
-4.683274932643132615e+01
-4.841160332643131170e+01
-4.683274932643131194e+01
-2.314993932643131558e+01
-3.735962532643132050e+01
-2.314993932643132268e+01
-3.420191732643131388e+01
-3.735962532643131340e+01
-3.735962532643131340e+01
-4.209618732643131267e+01
-2.157108532643132293e+01
-4.367504132643132664e+01
-1.999223132643132672e+01
-3.104420932643131792e+01
-4.525389532643131929e+01
-2.946535532643132171e+01
-4.209618732643131978e+01
-3.420191732643132809e+01
-3.420191732643131388e+01
-2.472879332643132244e+01
-4.999045732643132567e+01
-3.262306332643132123e+01
-4.051733332643131291e+01
-2.946535532643132171e+01
-2.788650132643132196e+01
-3.578077132643132074e+01
-4.051733332643132712e+01
-6.262128932643132373e+01
-3.578077132643131364e+01
-4.367504132643131243e+01
-2.630764732643131509e+01
-4.209618732643131978e+01
-2.630764732643132220e+01
-3.262306332643131412e+01
-3.893847932643132026e+01
-4.683274932643131194e+01
-4.683274932643131194e+01
-4.209618732643131978e+01
-4.525389532643131929e+01
-3.893847932643132026e+01
-2.314993932643132268e+01
-4.051733332643131291e+01
-2.788650132643132196e+01
-1.525566932643132212e+01
-2.788650132643131840e+01
-3.262306332643132123e+01
-3.578077132643132074e+01
-3.893847932643132026e+01
-3.578077132643131364e+01
-2.314993932643131558e+01
-4.051733332643132712e+01
-1.683452332643131655e+01
-4.209618732643131267e+01
-4.051733332643132712e+01
-4.209618732643131978e+01
-3.735962532643132050e+01
-4.367504132643132664e+01
-5.156931132643131832e+01
-3.893847932643132026e+01
-3.262306332643131412e+01
-2.946535532643132171e+01
-4.209618732643131978e+01
-2.788650132643131840e+01
-4.209618732643131978e+01
-4.209618732643131978e+01
-4.367504132643131953e+01
-3.104420932643131792e+01
-5.782545326431325350e+00
-3.104420932643132147e+01
-3.893847932643132026e+01
-4.209618732643131978e+01
-2.946535532643131461e+01
-2.788650132643132196e+01
-4.683274932643132615e+01
-3.735962532643132761e+01
-3.893847932643131315e+01
-4.209618732643131978e+01
-4.683274932643132615e+01
-3.262306332643132123e+01
-2.788650132643131485e+01
-4.841160332643131881e+01
-3.735962532643131340e+01
-3.735962532643131340e+01
-3.104420932643131437e+01
-3.420191732643131388e+01
-3.104420932643131437e+01
-3.578077132643132074e+01
-4.051733332643131291e+01
-2.314993932643132268e+01
-3.735962532643131340e+01
-4.051733332643131291e+01
-3.893847932643132026e+01
-1.841337732643132341e+01
-3.420191732643132809e+01
-3.578077132643132074e+01
-2.946535532643131461e+01
-4.999045732643132567e+01
-4.051733332643132002e+01
-3.893847932643132026e+01
-4.051733332643132002e+01
-3.420191732643132809e+01
-3.420191732643132809e+01
-2.946535532643131461e+01
-2.630764732643131509e+01
-4.841160332643131881e+01
-3.262306332643132123e+01
-4.525389532643131929e+01
-3.735962532643132761e+01
-2.630764732643132220e+01
-4.051733332643132002e+01
-3.578077132643131364e+01
-4.367504132643131243e+01
-4.841160332643131881e+01
-4.367504132643132664e+01
-3.578077132643132074e+01
-4.367504132643131243e+01
-2.157108532643132293e+01
-3.893847932643132026e+01
-4.051733332643131291e+01
-5.788472732643131735e+01
-4.841160332643131881e+01
-3.578077132643132074e+01
-4.525389532643131218e+01
-2.788650132643131485e+01
-2.630764732643132220e+01
-5.314816532643132518e+01
-4.051733332643132712e+01
-3.104420932643131792e+01
-4.367504132643131243e+01
-3.420191732643132809e+01
-3.104420932643132147e+01
-4.051733332643131291e+01
-4.999045732643131146e+01
-2.946535532643131816e+01
-1.999223132643132317e+01
-2.630764732643132220e+01
-2.314993932643131558e+01
-2.472879332643131534e+01
-3.420191732643131388e+01
-3.578077132643132074e+01
-3.262306332643131412e+01
-5.946358132643131000e+01
-4.367504132643131243e+01
-5.156931132643131832e+01
-6.104243532643131687e+01
-4.841160332643131881e+01
-3.578077132643132074e+01
-4.683274932643132615e+01
-4.209618732643131978e+01
-5.314816532643131097e+01
-3.578077132643132074e+01
-6.420014332643131638e+01
-3.262306332643132123e+01
-4.209618732643131267e+01
-2.946535532643132527e+01
-3.735962532643132761e+01
-5.156931132643131122e+01
-4.051733332643131291e+01
-3.893847932643132026e+01
-4.367504132643131243e+01
-3.104420932643132147e+01
-3.104420932643131437e+01
-3.893847932643132026e+01
-2.946535532643132527e+01
-4.209618732643131978e+01
-3.420191732643132099e+01
-2.788650132643131485e+01
-4.841160332643131881e+01
-3.578077132643132074e+01
-4.051733332643131291e+01
-4.367504132643131243e+01
-3.262306332643132123e+01
-4.841160332643131881e+01
-3.420191732643132099e+01
-2.630764732643132220e+01
-3.893847932643132026e+01
-4.683274932643132615e+01
-5.946358132643131000e+01
-4.209618732643131978e+01
-4.209618732643131978e+01
-3.262306332643132123e+01
-5.314816532643131097e+01
-3.735962532643131340e+01
-4.841160332643131881e+01
-4.051733332643132002e+01
-4.999045732643132567e+01
-5.946358132643132421e+01
-2.788650132643131840e+01
-3.578077132643131364e+01
-1.999223132643132317e+01
-2.788650132643131840e+01
-1.999223132643132317e+01
-3.893847932643132026e+01
-4.051733332643132002e+01
-2.157108532643131582e+01
-5.156931132643131832e+01
-4.209618732643131978e+01
-4.841160332643131881e+01
-3.104420932643131792e+01
-4.525389532643131929e+01
-2.946535532643132171e+01
-4.209618732643131978e+01
-3.262306332643131412e+01
-2.946535532643132171e+01
-3.578077132643132074e+01
-4.051733332643132002e+01
-4.999045732643131146e+01
-3.262306332643132123e+01
-4.051733332643131291e+01
-5.630587332643131049e+01
-5.788472732643131735e+01
-3.420191732643132099e+01
-3.735962532643131340e+01
-4.525389532643131929e+01
-3.893847932643132026e+01
-1.525566932643132212e+01
-2.157108532643132293e+01
-5.472701932643131784e+01
-1.999223132643131606e+01
-2.946535532643131461e+01
-5.472701932643131784e+01
-4.051733332643131291e+01
-3.262306332643132123e+01
-3.893847932643132026e+01
-3.262306332643132123e+01
-3.262306332643131412e+01
-2.314993932643131558e+01
-3.104420932643132502e+01
-5.314816532643131097e+01
-1.683452332643131655e+01
-3.735962532643131340e+01
-4.051733332643131291e+01
-5.942561513370412030e+01
2.421354988662958760e+02
-4.521592913370410827e+01
-7.363530113370411812e+01
-2.942738913370411780e+01
-2.153311913370412256e+01
1.635937686629587517e+01
-1.008017133704122159e+00
1.478052286629587542e+01
2.741135486629588058e+01
1.951708486629588180e+01
8.465106866295872834e+00
1.793823086629588204e+01
8.465106866295872834e+00
1.793823086629587493e+01
1.793823086629587849e+01
1.793823086629587849e+01
1.793823086629587849e+01
1.951708486629587469e+01
8.465106866295872834e+00
1.951708486629587824e+01
1.793823086629587849e+01
-1.048114113370411715e+01
1.635937686629587873e+01
8.465106866295879939e+00
5.708368662958740458e-01
1.320166886629587211e+01
1.004396086629587614e+01
1.162281486629588301e+01
8.465106866295872834e+00
6.886252866295873076e+00
1.162281486629587235e+01
1.478052286629587542e+01
-1.008017133704122159e+00
-4.165725133704121674e+00
1.004396086629587259e+01
6.886252866295876629e+00
3.056906286629588010e+01
-7.323433133704124742e+00
1.793823086629587849e+01
-1.363884913370411667e+01
2.109593886629587445e+01
-2.586871133704118364e+00
5.307398866295876871e+00
2.109593886629587800e+01
2.583250086629587372e+01
2.149690866295877356e+00
1.793823086629587493e+01
8.465106866295879939e+00
-1.048114113370412781e+01
1.951708486629587824e+01
1.478052286629587897e+01
1.320166886629588276e+01
1.478052286629587897e+01
1.793823086629587849e+01
-7.323433133704121190e+00
6.886252866295876629e+00
2.425364686629588107e+01
2.149690866295884462e+00
2.109593886629587800e+01
5.708368662958775985e-01
2.425364686629588107e+01
8.465106866295872834e+00
1.635937686629587873e+01
1.951708486629587824e+01
1.004396086629587259e+01
6.886252866295873076e+00
1.635937686629588228e+01
-1.363884913370412022e+01
-7.323433133704121190e+00
1.951708486629587469e+01
-4.165725133704121674e+00
2.149690866295877356e+00
1.635937686629587873e+01
1.320166886629587211e+01
1.320166886629587744e+01
1.635937686629587873e+01
2.149690866295877356e+00
-7.323433133704121190e+00
1.478052286629587186e+01
2.149690866295877356e+00
1.478052286629587897e+01
2.741135486629588058e+01
8.465106866295883492e+00
5.307398866295876871e+00
-5.744579133704128537e+00
1.162281486629587235e+01
-1.008017133704122159e+00
1.004396086629587259e+01
2.109593886629587800e+01
-1.048114113370411715e+01
1.793823086629587493e+01
-1.008017133704122159e+00
2.149690866295877356e+00
3.728544866295873561e+00
1.004396086629588325e+01
5.708368662958775985e-01
2.899020886629587679e+01
-2.586871133704121917e+00
8.465106866295872834e+00
2.149690866295877356e+00
2.741135486629587348e+01
5.307398866295876871e+00
8.465106866295872834e+00
-1.008017133704122159e+00
2.109593886629587445e+01
6.886252866295873076e+00
-1.008017133704122159e+00
2.899020886629588034e+01
1.320166886629587921e+01
1.478052286629587897e+01
5.307398866295873319e+00
5.307398866295873319e+00
8.465106866295872834e+00
-1.008017133704122159e+00
8.465106866295879939e+00
1.320166886629587921e+01
2.149690866295877356e+00
6.886252866295876629e+00
6.886252866295873076e+00
1.635937686629588228e+01
2.109593886629587800e+01
2.267479286629587776e+01
6.886252866295878405e+00
2.149690866295877356e+00
1.951708486629587469e+01
3.728544866295877114e+00
1.320166886629587211e+01
1.793823086629587493e+01
6.886252866295873076e+00
1.320166886629587211e+01
1.478052286629587364e+01
5.708368662958775985e-01
2.109593886629587445e+01
1.004396086629587259e+01
1.793823086629587849e+01
6.886252866295878405e+00
8.465106866295876387e+00
3.214791686629587986e+01
1.004396086629587792e+01
1.478052286629587897e+01
1.951708486629587824e+01
-7.323433133704117637e+00
1.478052286629587719e+01
1.478052286629587186e+01
-4.165725133704121674e+00
-2.586871133704118364e+00
1.004396086629587259e+01
1.004396086629587259e+01
2.899020886629587679e+01
-7.323433133704128295e+00
5.307398866295873319e+00
3.728544866295873561e+00
6.886252866295880182e+00
5.307398866295876871e+00
1.320166886629587921e+01
1.635937686629587517e+01
-2.586871133704121917e+00
1.162281486629587235e+01
6.886252866295873076e+00
5.708368662958775985e-01
-5.744579133704117879e+00
2.109593886629587800e+01
2.583250086629588083e+01
-4.165725133704121674e+00
-4.165725133704121674e+00
1.320166886629587921e+01
1.793823086629587849e+01
-5.744579133704117879e+00
1.320166886629587921e+01
8.465106866295879939e+00
5.307398866295873319e+00
2.583250086629588083e+01
1.951708486629587824e+01
1.004396086629587259e+01
1.004396086629587259e+01
1.951708486629587469e+01
-2.586871133704121917e+00
8.465106866295872834e+00
1.793823086629587849e+01
2.109593886629588155e+01
2.741135486629588058e+01
1.004396086629588325e+01
2.583250086629587372e+01
2.149690866295873803e+00
1.162281486629587235e+01
8.465106866295883492e+00
1.635937686629587873e+01
5.708368662958775985e-01
-1.521770313370411642e+01
2.583250086629587727e+01
3.728544866295877114e+00
1.635937686629587517e+01
5.307398866295873319e+00
2.267479286629587421e+01
1.951708486629587469e+01
1.635937686629587517e+01
3.728544866295877114e+00
-1.008017133704122159e+00
-7.323433133704124742e+00
1.004396086629587614e+01
2.109593886629587445e+01
6.886252866295880182e+00
1.320166886629587211e+01
2.583250086629587727e+01
-2.586871133704121917e+00
1.951708486629588180e+01
-1.048114113370411715e+01
1.635937686629587873e+01
2.583250086629587727e+01
1.004396086629587792e+01
2.109593886629588155e+01
8.465106866295876387e+00
-4.165725133704121674e+00
8.465106866295879939e+00
5.708368662958775985e-01
5.307398866295883977e+00
-1.521770313370412353e+01
1.162281486629587235e+01
-4.165725133704121674e+00
-7.323433133704117637e+00
1.635937686629587873e+01
1.951708486629588180e+01
2.149690866295877356e+00
3.056906286629587299e+01
2.425364686629587396e+01
-5.744579133704121432e+00
1.635937686629587517e+01
2.899020886629588034e+01
-2.586871133704125469e+00
-1.008017133704122159e+00
1.635937686629587517e+01
1.478052286629587186e+01
5.708368662958775985e-01
1.162281486629587235e+01
5.307398866295873319e+00
-1.008017133704122159e+00
1.320166886629587921e+01
1.162281486629587768e+01
2.109593886629587800e+01
1.004396086629587614e+01
1.162281486629587590e+01
2.741135486629588058e+01
5.708368662958740458e-01
8.465106866295872834e+00
1.004396086629587614e+01
8.465106866295872834e+00
1.635937686629587162e+01
2.109593886629587445e+01
1.004396086629587259e+01
1.478052286629587542e+01
1.162281486629587768e+01
-4.165725133704121674e+00
8.465106866295872834e+00
-8.902287133704117394e+00
1.320166886629587921e+01
1.635937686629587517e+01
2.149690866295877356e+00
-7.323433133704117637e+00
2.149690866295873803e+00
3.728544866295877114e+00
1.162281486629587768e+01
2.267479286629588131e+01
8.465106866295879939e+00
2.109593886629588155e+01
-4.165725133704121674e+00
5.307398866295873319e+00
1.635937686629587517e+01
2.425364686629588107e+01
6.886252866295876629e+00
1.478052286629587186e+01
2.149690866295873803e+00
1.004396086629587970e+01
5.708368662958775985e-01
2.425364686629587396e+01
6.886252866295880182e+00
-1.008017133704122159e+00
6.886252866295873076e+00
5.708368662958775985e-01
5.307398866295873319e+00
1.004396086629587970e+01
6.886252866295873076e+00
2.425364686629588107e+01
1.793823086629587493e+01
1.951708486629587469e+01
-2.586871133704125469e+00
1.635937686629587873e+01
1.478052286629588252e+01
-4.165725133704121674e+00
-4.165725133704121674e+00
1.004396086629587970e+01
2.149690866295877356e+00
8.465106866295872834e+00
3.728544866295877114e+00
1.162281486629587945e+01
1.320166886629587211e+01
1.004396086629587970e+01
1.320166886629587744e+01
1.162281486629587945e+01
1.635937686629587517e+01
8.465106866295879939e+00
-5.744579133704121432e+00
-5.744579133704117879e+00
1.162281486629587235e+01
-1.679655713370411974e+01
8.465106866295872834e+00
5.307398866295873319e+00
1.320166886629587744e+01
-4.165725133704125227e+00
8.465106866295879939e+00
1.793823086629587493e+01
8.465106866295872834e+00
1.162281486629587945e+01
1.793823086629587493e+01
2.109593886629587445e+01
2.583250086629587372e+01
1.320166886629587921e+01
-1.837541113370412305e+01
5.307398866295873319e+00
1.162281486629587945e+01
1.320166886629587388e+01
1.951708486629587824e+01
-1.048114113370411715e+01
1.004396086629587792e+01
1.635937686629587873e+01
1.320166886629587388e+01
1.478052286629587186e+01
-1.679655713370412329e+01
5.708368662958775985e-01
2.583250086629587727e+01
6.886252866295876629e+00
6.886252866295873076e+00
1.793823086629587493e+01
1.004396086629587259e+01
-7.323433133704121190e+00
1.635937686629587517e+01
-1.048114113370411715e+01
-1.008017133704122159e+00
2.425364686629588107e+01
1.478052286629587542e+01
3.056906286629588010e+01
1.320166886629587211e+01
1.004396086629587259e+01
-1.008017133704122159e+00
1.320166886629587921e+01
5.307398866295880424e+00
1.320166886629587388e+01
8.465106866295876387e+00
8.465106866295872834e+00
2.149690866295877356e+00
3.728544866295873561e+00
1.004396086629587259e+01
5.307398866295873319e+00
1.635937686629587517e+01
1.635937686629587517e+01
3.728544866295877114e+00
5.307398866295883977e+00
8.465106866295883492e+00
2.109593886629588155e+01
5.307398866295875095e+00
1.162281486629587945e+01
1.162281486629587235e+01
5.307398866295880424e+00
1.320166886629587211e+01
-1.008017133704122159e+00
5.708368662958847040e-01
6.886252866295873076e+00
1.004396086629587259e+01
8.465106866295872834e+00
3.214791686629587986e+01
2.149690866295873803e+00
8.465106866295883492e+00
-2.586871133704121917e+00
8.465106866295883492e+00
6.886252866295873076e+00
-2.586871133704121917e+00
2.149690866295877356e+00
5.307398866295876871e+00
5.708368662958775985e-01
1.478052286629587897e+01
1.320166886629587388e+01
2.741135486629588058e+01
8.465106866295872834e+00
3.728544866295877114e+00
1.635937686629587873e+01
2.583250086629587372e+01
6.886252866295873076e+00
1.162281486629587235e+01
-1.679655713370412329e+01
2.899020886629588034e+01
1.793823086629587849e+01
1.951708486629587469e+01
6.886252866295873076e+00
6.886252866295880182e+00
6.886252866295880182e+00
2.267479286629587776e+01
5.307398866295876871e+00
5.708368662958775985e-01
1.635937686629587873e+01
8.465106866295879939e+00
1.793823086629587493e+01
2.425364686629587396e+01
8.465106866295872834e+00
5.708368662958775985e-01
-1.048114113370411715e+01
6.886252866295876629e+00
5.307398866295883977e+00
6.886252866295876629e+00
-1.008017133704122159e+00
6.886252866295873076e+00
2.267479286629587776e+01
1.635937686629587873e+01
5.708368662958775985e-01
1.320166886629587921e+01
8.465106866295872834e+00
8.465106866295876387e+00
-5.744579133704124985e+00
3.530562486629587937e+01
1.635937686629588228e+01
2.149690866295875580e+00
2.149690866295877356e+00
1.320166886629587388e+01
1.004396086629587259e+01
2.149690866295877356e+00
6.886252866295873076e+00
1.162281486629587945e+01
2.741135486629588058e+01
1.635937686629587162e+01
2.741135486629587348e+01
-1.205999513370412224e+01
1.478052286629587186e+01
5.708368662958775985e-01
5.708368662958775985e-01
2.267479286629587776e+01
1.951708486629587469e+01
1.004396086629587970e+01
5.307398866295873319e+00
3.728544866295880666e+00
2.583250086629588083e+01
2.149690866295877356e+00
1.004396086629587259e+01
1.320166886629587211e+01
1.951708486629587469e+01
2.149690866295877356e+00
1.162281486629587768e+01
1.004396086629588325e+01
-1.995426513370411925e+01
1.004396086629587259e+01
1.162281486629587768e+01
1.793823086629587849e+01
2.149690866295873803e+00
1.004396086629587259e+01
1.004396086629588325e+01
5.307398866295873319e+00
8.465106866295872834e+00
5.708368662958775985e-01
1.162281486629587945e+01
8.465106866295872834e+00
-4.165725133704121674e+00
1.162281486629587235e+01
1.004396086629587259e+01
2.109593886629587800e+01
-8.902287133704117394e+00
1.478052286629587186e+01
-8.902287133704117394e+00
1.004396086629588325e+01
-2.586871133704121917e+00
2.425364686629587396e+01
6.886252866295880182e+00
2.267479286629588131e+01
1.320166886629587921e+01
3.056906286629587299e+01
-8.902287133704117394e+00
1.320166886629587211e+01
1.162281486629587768e+01
5.307398866295883977e+00
1.320166886629587566e+01
1.793823086629587849e+01
1.793823086629587493e+01
3.728544866295873561e+00
1.320166886629587211e+01
-1.205999513370412046e+01
1.004396086629587970e+01
3.728544866295878890e+00
1.478052286629587186e+01
2.267479286629587776e+01
-1.008017133704122159e+00
-1.521770313370411642e+01
1.793823086629587493e+01
5.307398866295873319e+00
5.307398866295873319e+00
1.004396086629588325e+01
-5.744579133704117879e+00
5.307398866295873319e+00
1.635937686629587873e+01
-2.586871133704121917e+00
-1.205999513370412402e+01
-2.586871133704121917e+00
2.149690866295880909e+00
1.635937686629587517e+01
-5.744579133704117879e+00
2.267479286629587776e+01
-1.363884913370411667e+01
1.635937686629587873e+01
3.728544866295877114e+00
5.708368662958811512e-01
1.478052286629587542e+01
3.728544866295884219e+00
2.267479286629587421e+01
2.149690866295877356e+00
1.635937686629587517e+01
2.149690866295877356e+00
1.320166886629587921e+01
3.728544866295877114e+00
2.149690866295873803e+00
1.320166886629587388e+01
1.320166886629587211e+01
1.320166886629587566e+01
6.886252866295873076e+00
-7.323433133704122966e+00
2.267479286629588131e+01
1.635937686629587517e+01
5.708368662958775985e-01
8.465106866295883492e+00
1.478052286629587897e+01
2.267479286629588131e+01
1.635937686629587162e+01
1.004396086629588325e+01
-1.837541113370411949e+01
2.425364686629587396e+01
-2.586871133704125469e+00
1.478052286629587719e+01
1.635937686629587517e+01
-1.679655713370411618e+01
-1.205999513370412402e+01
-1.008017133704122159e+00
-2.586871133704121917e+00
2.425364686629587752e+01
1.162281486629587235e+01
6.886252866295873076e+00
1.162281486629587768e+01
1.793823086629587849e+01
1.478052286629587364e+01
1.004396086629588325e+01
5.307398866295873319e+00
2.425364686629587752e+01
-7.323433133704128295e+00
1.004396086629587614e+01
1.635937686629588228e+01
1.951708486629587469e+01
1.004396086629587614e+01
1.951708486629587469e+01
2.425364686629588107e+01
8.465106866295879939e+00
2.425364686629588107e+01
-1.008017133704122159e+00
2.149690866295875580e+00
5.307398866295873319e+00
-7.323433133704122966e+00
2.425364686629588107e+01
1.162281486629587945e+01
1.320166886629587211e+01
2.149690866295877356e+00
1.793823086629587493e+01
1.951708486629587824e+01
5.708368662958775985e-01
6.886252866295873076e+00
1.793823086629587493e+01
3.728544866295873561e+00
-4.165725133704121674e+00
1.478052286629587719e+01
5.708368662958775985e-01
1.162281486629587768e+01
8.465106866295872834e+00
8.465106866295883492e+00
1.478052286629587186e+01
2.149690866295873803e+00
1.635937686629587517e+01
3.728544866295873561e+00
1.793823086629588204e+01
-1.008017133704122159e+00
5.307398866295883977e+00
2.109593886629587445e+01
5.307398866295876871e+00
1.951708486629587824e+01
6.886252866295873076e+00
-2.586871133704120140e+00
6.886252866295876629e+00
1.162281486629587235e+01
1.635937686629587873e+01
-1.008017133704122159e+00
2.741135486629588058e+01
5.307398866295880424e+00
1.478052286629587542e+01
3.530562486629587937e+01
1.951708486629587469e+01
2.741135486629587703e+01
1.004396086629587259e+01
2.741135486629587348e+01
1.320166886629587566e+01
1.951708486629587824e+01
3.056906286629588010e+01
1.635937686629587517e+01
5.708368662958758222e-01
1.162281486629587945e+01
3.372677086629587961e+01
1.320166886629587211e+01
2.109593886629587800e+01
2.583250086629588083e+01
1.478052286629587542e+01
1.635937686629587873e+01
-5.744579133704117879e+00
3.056906286629588010e+01
1.635937686629587517e+01
3.728544866295873561e+00
6.886252866295880182e+00
5.708368662958775985e-01
5.307398866295876871e+00
1.951708486629587469e+01
8.465106866295883492e+00
-4.165725133704118122e+00
8.465106866295872834e+00
1.793823086629587849e+01
2.267479286629587776e+01
2.149690866295873803e+00
2.425364686629587752e+01
-1.048114113370412781e+01
2.583250086629587372e+01
5.307398866295873319e+00
1.478052286629587186e+01
1.320166886629588276e+01
2.149690866295877356e+00
1.635937686629587873e+01
1.004396086629587970e+01
1.162281486629587768e+01
2.109593886629587800e+01
1.162281486629587945e+01
5.708368662958775985e-01
5.307398866295873319e+00
3.728544866295880666e+00
3.056906286629588010e+01
1.478052286629587542e+01
-1.008017133704122159e+00
3.728544866295873561e+00
1.635937686629587162e+01
1.635937686629587517e+01
5.307398866295880424e+00
3.728544866295877114e+00
1.478052286629588252e+01
1.478052286629587542e+01
1.478052286629587897e+01
1.635937686629587517e+01
3.728544866295877114e+00
8.465106866295872834e+00
3.372677086629587961e+01
2.583250086629588083e+01
1.793823086629588204e+01
-1.008017133704122159e+00
-1.363884913370412022e+01
3.728544866295878890e+00
-2.586871133704121917e+00
3.728544866295877114e+00
1.793823086629587493e+01
1.004396086629587792e+01
1.793823086629587493e+01
-1.008017133704122159e+00
2.425364686629588107e+01
5.307398866295873319e+00
8.465106866295872834e+00
8.465106866295879939e+00
-1.363884913370412200e+01
3.728544866295873561e+00
5.307398866295876871e+00
1.478052286629587186e+01
1.951708486629587824e+01
-7.323433133704121190e+00
6.886252866295873076e+00
5.708368662958775985e-01
-1.008017133704122159e+00
1.635937686629587873e+01
3.728544866295877114e+00
3.728544866295884219e+00
2.109593886629587800e+01
1.793823086629587849e+01
1.478052286629587186e+01
2.425364686629588107e+01
1.004396086629587259e+01
2.741135486629587348e+01
8.465106866295879939e+00
1.478052286629587719e+01
6.886252866295883734e+00
1.320166886629587921e+01
-4.165725133704121674e+00
6.886252866295873076e+00
1.951708486629587824e+01
-1.008017133704122159e+00
2.741135486629588058e+01
-4.165725133704121674e+00
-4.165725133704121674e+00
1.004396086629587970e+01
8.465106866295872834e+00
2.583250086629588083e+01
1.478052286629587186e+01
2.583250086629588083e+01
1.162281486629587945e+01
1.793823086629587849e+01
8.465106866295872834e+00
1.635937686629587517e+01
1.162281486629587235e+01
1.162281486629588301e+01
2.899020886629588034e+01
3.728544866295877114e+00
2.109593886629587445e+01
2.149690866295873803e+00
8.465106866295872834e+00
8.465106866295883492e+00
1.478052286629587719e+01
2.741135486629588058e+01
8.465106866295872834e+00
1.793823086629587849e+01
-4.165725133704121674e+00
1.004396086629587970e+01
1.635937686629587517e+01
1.004396086629587792e+01
1.793823086629587849e+01
1.635937686629587873e+01
1.793823086629587493e+01
1.635937686629587517e+01
1.162281486629587235e+01
8.465106866295872834e+00
1.793823086629587493e+01
1.793823086629587849e+01
6.886252866295876629e+00
1.793823086629587493e+01
1.635937686629587162e+01
5.307398866295873319e+00
-2.586871133704125469e+00
2.425364686629587396e+01
8.465106866295872834e+00
6.886252866295873076e+00
1.162281486629587235e+01
6.886252866295876629e+00
1.635937686629587162e+01
1.793823086629587849e+01
3.056906286629588010e+01
1.320166886629587211e+01
1.004396086629587259e+01
4.162104086629587840e+01
3.728544866295877114e+00
1.793823086629588204e+01
2.899020886629588034e+01
1.951708486629587824e+01
-5.744579133704124985e+00
5.307398866295873319e+00
1.004396086629587259e+01
1.320166886629587921e+01
2.425364686629588107e+01
-1.008017133704122159e+00
1.478052286629587542e+01
5.307398866295880424e+00
5.708368662958775985e-01
3.728544866295873561e+00
3.372677086629587961e+01
1.793823086629587849e+01
2.149690866295875580e+00
5.307398866295873319e+00
1.162281486629587945e+01
6.886252866295876629e+00
2.267479286629587421e+01
2.899020886629588034e+01
1.004396086629587259e+01
5.307398866295873319e+00
1.478052286629587186e+01
1.793823086629587849e+01
1.004396086629588325e+01
5.708368662958775985e-01
1.004396086629587259e+01
1.320166886629587921e+01
-4.165725133704121674e+00
1.162281486629587235e+01
2.267479286629588131e+01
6.886252866295883734e+00
-4.165725133704121674e+00
2.109593886629587445e+01
2.149690866295884462e+00
5.307398866295873319e+00
2.267479286629587776e+01
1.478052286629588252e+01
1.004396086629588325e+01
1.320166886629587211e+01
2.583250086629588083e+01
-5.744579133704124985e+00
2.109593886629587445e+01
5.708368662958775985e-01
5.307398866295876871e+00
1.004396086629587259e+01
1.635937686629587517e+01
2.583250086629587727e+01
1.320166886629587921e+01
2.899020886629587679e+01
-2.626968113370412183e+01
1.004396086629587792e+01
3.728544866295877114e+00
8.465106866295872834e+00
1.162281486629587945e+01
1.478052286629588252e+01
1.320166886629587211e+01
1.320166886629587921e+01
1.478052286629587186e+01
2.109593886629588155e+01
8.465106866295872834e+00
3.728544866295873561e+00
2.149690866295877356e+00
2.899020886629588034e+01
1.004396086629587259e+01
1.793823086629588204e+01
1.793823086629587493e+01
1.478052286629587897e+01
1.320166886629587921e+01
-1.363884913370412377e+01
2.109593886629587800e+01
-7.323433133704117637e+00
6.886252866295873076e+00
8.465106866295883492e+00
2.425364686629587396e+01
3.728544866295877114e+00
2.583250086629587727e+01
-4.165725133704118122e+00
1.478052286629587897e+01
1.478052286629587186e+01
-2.586871133704121917e+00
2.149690866295877356e+00
2.109593886629588155e+01
1.320166886629587921e+01
1.635937686629588228e+01
-7.323433133704121190e+00
1.478052286629587897e+01
2.149690866295877356e+00
1.793823086629587849e+01
-4.165725133704121674e+00
1.793823086629587849e+01
8.465106866295883492e+00
8.465106866295879939e+00
1.004396086629587970e+01
1.478052286629587542e+01
2.267479286629588131e+01
2.149690866295877356e+00
3.530562486629587937e+01
8.465106866295876387e+00
6.886252866295876629e+00
2.267479286629587776e+01
1.951708486629587469e+01
3.728544866295877114e+00
1.162281486629587945e+01
3.728544866295877114e+00
2.741135486629588058e+01
3.056906286629588010e+01
2.267479286629587776e+01
1.320166886629587921e+01
1.635937686629587873e+01
8.465106866295872834e+00
2.425364686629588107e+01
1.635937686629587873e+01
1.162281486629587945e+01
8.465106866295876387e+00
1.793823086629587849e+01
8.465106866295872834e+00
1.793823086629587849e+01
1.478052286629587186e+01
1.004396086629587970e+01
-4.165725133704118122e+00
-1.008017133704122159e+00
1.162281486629587235e+01
3.056906286629588010e+01
1.320166886629587211e+01
1.004396086629587970e+01
-2.586871133704121917e+00
1.793823086629587849e+01
1.004396086629587259e+01
2.583250086629587727e+01
5.307398866295876871e+00
4.162104086629587840e+01
3.056906286629588010e+01
1.320166886629587744e+01
2.741135486629587703e+01
1.004396086629587970e+01
2.109593886629587445e+01
1.478052286629587897e+01
1.951708486629587824e+01
2.149690866295884462e+00
1.635937686629587873e+01
1.004396086629587259e+01
1.320166886629587921e+01
2.583250086629587372e+01
3.728544866295884219e+00
8.465106866295872834e+00
1.162281486629587235e+01
1.951708486629587824e+01
1.635937686629587873e+01
2.109593886629587800e+01
1.320166886629587921e+01
2.149690866295873803e+00
1.004396086629587259e+01
2.899020886629588034e+01
2.109593886629587445e+01
5.307398866295876871e+00
3.728544866295877114e+00
2.267479286629587776e+01
1.478052286629587719e+01
2.109593886629587445e+01
1.320166886629587921e+01
1.951708486629587469e+01
1.320166886629587921e+01
1.951708486629588180e+01
1.162281486629587235e+01
2.899020886629587324e+01
5.307398866295873319e+00
6.886252866295873076e+00
2.899020886629588034e+01
6.886252866295873076e+00
1.004396086629588325e+01
8.465106866295872834e+00
1.004396086629587614e+01
1.162281486629587235e+01
1.320166886629587921e+01
1.162281486629587235e+01
2.149690866295873803e+00
2.267479286629587776e+01
3.056906286629588010e+01
1.478052286629587542e+01
2.109593886629587800e+01
6.886252866295873076e+00
3.056906286629588010e+01
5.708368662958775985e-01
2.425364686629587752e+01
-5.744579133704117879e+00
1.793823086629587849e+01
1.635937686629588228e+01
2.109593886629587445e+01
1.793823086629587849e+01
2.741135486629587348e+01
2.741135486629588058e+01
1.951708486629587824e+01
6.886252866295873076e+00
1.162281486629587945e+01
2.267479286629588131e+01
1.162281486629587235e+01
2.267479286629587776e+01
1.951708486629587824e+01
8.465106866295872834e+00
8.465106866295872834e+00
2.425364686629588107e+01
2.267479286629588131e+01
-1.008017133704122159e+00
2.425364686629588107e+01
1.162281486629587235e+01
-2.586871133704118364e+00
1.004396086629588325e+01
1.635937686629588228e+01
3.688447886629587913e+01
-1.008017133704122159e+00
2.109593886629587800e+01
2.425364686629588107e+01
-1.048114113370411715e+01
2.899020886629588034e+01
6.886252866295873076e+00
2.149690866295877356e+00
1.635937686629587873e+01
8.465106866295872834e+00
2.149690866295877356e+00
-4.165725133704121674e+00
1.162281486629587768e+01
1.635937686629587873e+01
3.846333286629587889e+01
1.320166886629587211e+01
3.214791686629587275e+01
2.741135486629588058e+01
8.465106866295872834e+00
1.162281486629587945e+01
1.320166886629587566e+01
2.899020886629588034e+01
1.793823086629587849e+01
1.478052286629587186e+01
8.465106866295872834e+00
3.056906286629587655e+01
1.004396086629587792e+01
5.307398866295873319e+00
3.728544866295877114e+00
1.004396086629587970e+01
2.741135486629588058e+01
8.465106866295872834e+00
1.320166886629587211e+01
2.149690866295873803e+00
1.004396086629587792e+01
2.583250086629587727e+01
-1.679655713370411618e+01
2.425364686629588107e+01
6.886252866295876629e+00
1.951708486629587824e+01
5.708368662958775985e-01
2.583250086629588083e+01
2.899020886629588034e+01
5.708368662958775985e-01
3.056906286629587655e+01
2.425364686629587396e+01
3.056906286629588010e+01
3.728544866295873561e+00
1.320166886629587921e+01
2.425364686629588107e+01
3.728544866295877114e+00
1.635937686629587873e+01
1.951708486629587469e+01
3.056906286629588010e+01
2.149690866295877356e+00
1.162281486629587235e+01
1.793823086629587849e+01
1.004396086629587614e+01
1.162281486629587235e+01
1.004396086629587970e+01
1.951708486629588180e+01
1.951708486629587469e+01
1.162281486629587768e+01
2.425364686629588107e+01
1.320166886629587566e+01
1.793823086629587849e+01
2.149690866295880909e+00
1.793823086629587849e+01
5.708368662958775985e-01
3.056906286629588010e+01
1.004396086629587259e+01
1.951708486629588180e+01
5.708368662958740458e-01
1.793823086629587849e+01
1.320166886629587211e+01
5.708368662958775985e-01
3.530562486629587937e+01
8.465106866295872834e+00
5.307398866295876871e+00
1.320166886629587211e+01
2.109593886629587800e+01
8.465106866295883492e+00
6.886252866295873076e+00
3.056906286629587655e+01
2.741135486629588058e+01
1.951708486629587469e+01
1.162281486629588301e+01
1.635937686629587517e+01
1.635937686629587873e+01
6.886252866295883734e+00
1.793823086629587849e+01
2.149690866295884462e+00
3.728544866295877114e+00
1.478052286629587186e+01
2.425364686629588107e+01
1.478052286629587897e+01
1.635937686629587517e+01
5.708368662958740458e-01
-7.323433133704121190e+00
2.109593886629587800e+01
1.951708486629588180e+01
3.056906286629588010e+01
1.635937686629588228e+01
1.162281486629587235e+01
1.951708486629587469e+01
1.320166886629587921e+01
3.728544866295873561e+00
-5.744579133704128537e+00
2.583250086629588083e+01
5.708368662958811512e-01
1.951708486629587824e+01
5.307398866295876871e+00
1.478052286629587897e+01
1.004396086629587614e+01
3.728544866295877114e+00
1.951708486629587824e+01
3.728544866295873561e+00
3.214791686629587986e+01
2.425364686629587752e+01
2.109593886629588155e+01
1.478052286629587897e+01
2.149690866295877356e+00
2.109593886629587800e+01
1.320166886629588276e+01
1.793823086629587493e+01
1.951708486629587824e+01
3.372677086629587961e+01
8.465106866295872834e+00
1.162281486629587235e+01
1.478052286629587897e+01
1.478052286629587719e+01
2.899020886629587679e+01
1.951708486629587469e+01
1.793823086629587849e+01
5.708368662958775985e-01
1.951708486629587469e+01
1.635937686629587162e+01
1.478052286629587897e+01
2.899020886629588034e+01
1.004396086629587614e+01
2.109593886629587800e+01
1.004396086629588325e+01
6.886252866295876629e+00
1.951708486629587469e+01
2.425364686629588107e+01
2.583250086629588083e+01
1.004396086629587614e+01
5.307398866295876871e+00
6.886252866295873076e+00
1.635937686629587873e+01
5.708368662958775985e-01
3.056906286629588010e+01
1.320166886629588276e+01
1.951708486629588180e+01
-1.363884913370411667e+01
1.162281486629587945e+01
2.899020886629588034e+01
1.004396086629587259e+01
3.056906286629588010e+01
2.899020886629588034e+01
1.951708486629587824e+01
1.635937686629587873e+01
2.583250086629588083e+01
2.583250086629588083e+01
-1.008017133704122159e+00
1.478052286629588252e+01
2.109593886629588155e+01
2.109593886629587800e+01
1.478052286629587897e+01
2.109593886629588155e+01
3.214791686629587986e+01
2.149690866295877356e+00
3.688447886629587913e+01
3.372677086629586540e+01
2.109593886629587800e+01
8.465106866295879939e+00
-1.008017133704122159e+00
2.583250086629587727e+01
1.162281486629587945e+01
2.109593886629587800e+01
8.465106866295872834e+00
1.478052286629587186e+01
8.465106866295872834e+00
1.004396086629587970e+01
5.307398866295873319e+00
2.149690866295877356e+00
2.899020886629588034e+01
3.728544866295873561e+00
2.425364686629587752e+01
1.320166886629587211e+01
2.149690866295877356e+00
1.635937686629587517e+01
1.793823086629587493e+01
1.478052286629587186e+01
2.899020886629588034e+01
2.109593886629588155e+01
1.320166886629587921e+01
1.951708486629587824e+01
8.465106866295872834e+00
-1.008017133704122159e+00
3.530562486629587937e+01
8.465106866295872834e+00
1.004396086629587614e+01
1.951708486629587824e+01
3.056906286629588010e+01
3.372677086629587961e+01
1.004396086629587259e+01
2.741135486629588058e+01
1.635937686629588228e+01
1.951708486629587824e+01
2.899020886629587679e+01
1.320166886629588276e+01
1.793823086629587493e+01
2.741135486629587703e+01
1.162281486629587945e+01
5.307398866295873319e+00
2.899020886629587679e+01
1.162281486629587235e+01
1.162281486629587945e+01
5.307398866295873319e+00
1.951708486629587824e+01
1.004396086629587259e+01
2.267479286629587776e+01
8.465106866295872834e+00
2.109593886629588155e+01
3.056906286629587655e+01
-5.744579133704117879e+00
1.635937686629587873e+01
1.320166886629588276e+01
3.846333286629587889e+01
3.372677086629587961e+01
1.635937686629587873e+01
1.951708486629587824e+01
1.320166886629587921e+01
1.162281486629587945e+01
3.728544866295873561e+00
1.320166886629587211e+01
1.793823086629587849e+01
-7.323433133704121190e+00
6.886252866295876629e+00
2.109593886629587800e+01
1.478052286629587542e+01
1.320166886629587211e+01
3.728544866295877114e+00
5.307398866295873319e+00
1.004396086629587792e+01
2.583250086629587727e+01
3.056906286629588010e+01
2.109593886629588155e+01
3.728544866295877114e+00
1.162281486629587945e+01
2.109593886629588155e+01
2.899020886629587679e+01
1.635937686629588228e+01
1.162281486629587945e+01
1.162281486629587945e+01
1.793823086629587849e+01
1.793823086629587849e+01
5.307398866295883977e+00
3.056906286629588010e+01
-1.008017133704122159e+00
2.149690866295877356e+00
-8.902287133704128053e+00
2.899020886629588034e+01
1.320166886629588276e+01
-7.323433133704128295e+00
-2.586871133704118364e+00
1.162281486629587945e+01
1.951708486629588180e+01
1.004396086629587259e+01
2.109593886629587800e+01
2.741135486629586993e+01
2.583250086629588083e+01
1.478052286629587897e+01
-1.008017133704122159e+00
1.162281486629587945e+01
-4.165725133704121674e+00
3.214791686629587275e+01
2.267479286629587421e+01
1.004396086629587259e+01
3.214791686629587986e+01
1.635937686629587873e+01
1.320166886629587211e+01
-4.165725133704121674e+00
1.635937686629587873e+01
1.162281486629587768e+01
2.109593886629587800e+01
2.149690866295877356e+00
-2.586871133704121917e+00
1.320166886629587211e+01
2.149690866295877356e+00
1.951708486629587824e+01
1.951708486629587824e+01
1.635937686629587162e+01
8.465106866295883492e+00
3.530562486629587937e+01
1.478052286629587897e+01
2.267479286629587776e+01
5.307398866295876871e+00
1.793823086629587849e+01
3.530562486629587937e+01
6.886252866295883734e+00
1.793823086629587849e+01
2.741135486629587703e+01
5.307398866295873319e+00
4.319989486629587816e+01
3.728544866295873561e+00
3.214791686629587986e+01
2.267479286629587776e+01
1.162281486629587945e+01
2.583250086629588083e+01
2.899020886629588034e+01
1.951708486629587824e+01
-2.586871133704121917e+00
2.267479286629588131e+01
8.465106866295883492e+00
3.846333286629587889e+01
2.109593886629587445e+01
1.162281486629587235e+01
1.162281486629587945e+01
1.162281486629587945e+01
1.320166886629587211e+01
2.267479286629587776e+01
2.109593886629587445e+01
5.708368662958740458e-01
2.425364686629588107e+01
3.056906286629588010e+01
2.267479286629587776e+01
-7.323433133704121190e+00
1.951708486629587469e+01
3.056906286629587655e+01
2.899020886629587679e+01
1.478052286629588252e+01
2.267479286629588131e+01
1.004396086629587259e+01
1.478052286629587897e+01
1.004396086629587970e+01
5.307398866295873319e+00
1.793823086629587849e+01
2.267479286629587776e+01
1.635937686629587517e+01
2.109593886629587800e+01
1.951708486629587824e+01
8.465106866295872834e+00
1.635937686629587517e+01
5.708368662958775985e-01
1.635937686629587873e+01
3.688447886629587913e+01
2.425364686629588107e+01
1.951708486629588180e+01
1.793823086629587849e+01
2.425364686629588107e+01
2.741135486629588058e+01
8.465106866295879939e+00
8.465106866295876387e+00
2.583250086629587727e+01
1.004396086629588325e+01
2.109593886629587800e+01
2.267479286629587776e+01
8.465106866295883492e+00
3.372677086629587961e+01
2.425364686629587752e+01
3.372677086629587961e+01
1.004396086629587970e+01
2.109593886629587800e+01
1.951708486629587824e+01
1.793823086629587849e+01
2.583250086629587727e+01
3.056906286629588010e+01
4.004218686629587864e+01
-1.008017133704122159e+00
2.267479286629587421e+01
3.728544866295877114e+00
4.635760286629587767e+01
1.951708486629587824e+01
1.951708486629587824e+01
2.741135486629588058e+01
1.320166886629588276e+01
2.899020886629587679e+01
1.162281486629587945e+01
2.425364686629587752e+01
1.320166886629587211e+01
3.214791686629587986e+01
1.478052286629587897e+01
8.465106866295883492e+00
2.425364686629587752e+01
2.583250086629587727e+01
1.951708486629587469e+01
1.793823086629587849e+01
3.372677086629587961e+01
2.425364686629588107e+01
-1.008017133704122159e+00
1.478052286629587897e+01
-4.165725133704128780e+00
2.267479286629587776e+01
1.004396086629587259e+01
2.899020886629587679e+01
1.004396086629587614e+01
2.583250086629587727e+01
1.793823086629587849e+01
-1.008017133704122159e+00
2.583250086629587372e+01
2.899020886629588034e+01
1.793823086629587493e+01
2.267479286629587421e+01
1.004396086629587259e+01
-1.008017133704122159e+00
1.951708486629587824e+01
3.372677086629587961e+01
2.109593886629588155e+01
1.478052286629587897e+01
1.162281486629587235e+01
1.635937686629587873e+01
1.635937686629587873e+01
2.425364686629587752e+01
2.267479286629587776e+01
1.635937686629587517e+01
5.708368662958847040e-01
1.951708486629588180e+01
2.109593886629587800e+01
1.162281486629587235e+01
1.635937686629587873e+01
2.425364686629588107e+01
2.109593886629587800e+01
4.162104086629587840e+01
1.793823086629587849e+01
2.267479286629588131e+01
1.951708486629588180e+01
2.425364686629588107e+01
2.109593886629587800e+01
1.004396086629587970e+01
2.267479286629588131e+01
1.793823086629587849e+01
2.267479286629588131e+01
1.004396086629587970e+01
2.425364686629587752e+01
5.307398866295880424e+00
1.004396086629588325e+01
1.951708486629587824e+01
3.530562486629587937e+01
2.899020886629588034e+01
1.004396086629588325e+01
2.267479286629588131e+01
1.004396086629588325e+01
1.793823086629588204e+01
2.267479286629587776e+01
1.478052286629587897e+01
1.951708486629587824e+01
5.307398866295873319e+00
2.741135486629587703e+01
1.478052286629587897e+01
2.425364686629587752e+01
5.307398866295873319e+00
4.477874886629587792e+01
3.372677086629587961e+01
1.162281486629587235e+01
3.056906286629588010e+01
2.583250086629588083e+01
3.846333286629587889e+01
5.307398866295883977e+00
6.886252866295876629e+00
2.583250086629588083e+01
4.162104086629587840e+01
1.793823086629587493e+01
5.708368662958775985e-01
1.478052286629587186e+01
1.951708486629587824e+01
1.478052286629587897e+01
1.320166886629587921e+01
1.004396086629587259e+01
2.149690866295877356e+00
2.267479286629588131e+01
3.728544866295877114e+00
1.951708486629587469e+01
8.465106866295879939e+00
-2.586871133704121917e+00
2.425364686629587752e+01
8.465106866295879939e+00
1.478052286629587897e+01
6.886252866295880182e+00
1.951708486629587824e+01
4.477874886629587792e+01
2.425364686629587752e+01
2.425364686629587752e+01
3.214791686629587986e+01
1.004396086629588325e+01
1.162281486629587945e+01
6.886252866295880182e+00
3.214791686629587275e+01
2.149690866295877356e+00
1.478052286629587186e+01
-5.744579133704117879e+00
1.793823086629587849e+01
-4.165725133704118122e+00
4.004218686629587864e+01
2.267479286629587776e+01
1.793823086629587849e+01
2.109593886629588155e+01
1.478052286629587719e+01
2.899020886629588034e+01
2.109593886629587800e+01
1.162281486629587945e+01
1.320166886629588276e+01
6.886252866295876629e+00
1.951708486629587824e+01
1.951708486629588180e+01
2.583250086629587727e+01
1.320166886629587211e+01
1.004396086629587259e+01
1.478052286629587897e+01
1.478052286629587186e+01
1.793823086629587849e+01
8.465106866295872834e+00
8.465106866295872834e+00
1.162281486629588301e+01
2.109593886629587800e+01
3.214791686629587986e+01
2.267479286629588131e+01
3.728544866295877114e+00
1.004396086629588325e+01
2.109593886629587800e+01
1.320166886629588276e+01
1.004396086629587259e+01
1.951708486629588180e+01
1.951708486629587824e+01
1.635937686629587873e+01
2.149690866295873803e+00
1.635937686629587517e+01
3.372677086629587961e+01
1.320166886629588276e+01
2.425364686629588107e+01
2.741135486629588058e+01
3.688447886629587913e+01
3.372677086629587961e+01
2.267479286629588131e+01
1.793823086629587849e+01
3.530562486629587937e+01
1.320166886629587921e+01
2.583250086629587727e+01
1.004396086629587970e+01
2.267479286629587421e+01
2.425364686629588107e+01
2.425364686629588107e+01
1.951708486629587469e+01
2.267479286629588131e+01
1.478052286629588252e+01
2.149690866295884462e+00
2.109593886629587800e+01
1.635937686629587873e+01
6.886252866295873076e+00
3.846333286629587889e+01
-1.008017133704122159e+00
8.465106866295876387e+00
1.004396086629587259e+01
5.708368662958740458e-01
3.056906286629587655e+01
2.267479286629587776e+01
5.307398866295873319e+00
3.372677086629587961e+01
1.162281486629587235e+01
1.951708486629588180e+01
1.793823086629588204e+01
1.320166886629587211e+01
-2.586871133704121917e+00
2.109593886629587800e+01
3.688447886629587913e+01
1.478052286629587897e+01
1.635937686629588228e+01
1.793823086629587849e+01
1.478052286629587897e+01
2.583250086629588083e+01
1.478052286629587897e+01
-2.586871133704121917e+00
4.004218686629587864e+01
2.583250086629587727e+01
2.741135486629587703e+01
3.728544866295877114e+00
3.372677086629587961e+01
1.004396086629587614e+01
3.056906286629587655e+01
2.109593886629588155e+01
1.004396086629588325e+01
5.307398866295873319e+00
8.465106866295883492e+00
2.109593886629587445e+01
1.320166886629587211e+01
1.478052286629587897e+01
2.267479286629588131e+01
1.320166886629587921e+01
3.214791686629587986e+01
1.793823086629587493e+01
4.635760286629587767e+01
2.425364686629587752e+01
2.109593886629588155e+01
1.162281486629587235e+01
1.951708486629588180e+01
1.635937686629587873e+01
5.307398866295873319e+00
2.583250086629588083e+01
1.162281486629587235e+01
4.004218686629587864e+01
8.465106866295879939e+00
1.951708486629587824e+01
1.004396086629587792e+01
2.583250086629587727e+01
2.583250086629587372e+01
1.478052286629587897e+01
3.214791686629587986e+01
5.307398866295883977e+00
1.951708486629587824e+01
6.886252866295878405e+00
2.741135486629588058e+01
1.478052286629587542e+01
2.741135486629588058e+01
3.728544866295873561e+00
1.162281486629587235e+01
2.899020886629587679e+01
2.109593886629587800e+01
-4.165725133704121674e+00
2.109593886629587800e+01
1.478052286629587897e+01
1.793823086629587493e+01
1.478052286629588252e+01
1.162281486629587235e+01
2.109593886629588155e+01
2.425364686629587752e+01
3.728544866295877114e+00
3.056906286629587655e+01
2.109593886629588155e+01
1.478052286629587897e+01
2.583250086629587727e+01
2.109593886629587800e+01
3.056906286629588010e+01
1.635937686629587873e+01
3.056906286629588010e+01
2.267479286629587776e+01
4.477874886629587081e+01
1.162281486629587235e+01
-4.165725133704118122e+00
1.635937686629588228e+01
1.478052286629587719e+01
8.465106866295872834e+00
1.478052286629588252e+01
3.688447886629587913e+01
1.793823086629587493e+01
2.109593886629587800e+01
2.267479286629587776e+01
2.425364686629587396e+01
2.899020886629587679e+01
1.320166886629588276e+01
2.583250086629588083e+01
3.056906286629588010e+01
2.583250086629588083e+01
2.899020886629587679e+01
3.056906286629587299e+01
2.109593886629588155e+01
2.425364686629587752e+01
2.267479286629587776e+01
2.267479286629588131e+01
3.688447886629587913e+01
4.477874886629587792e+01
3.728544866295884219e+00
2.109593886629587445e+01
1.478052286629588252e+01
2.425364686629587752e+01
1.793823086629587849e+01
1.478052286629587186e+01
1.951708486629587824e+01
2.899020886629587679e+01
1.635937686629587873e+01
1.478052286629588252e+01
3.214791686629587275e+01
1.162281486629587768e+01
2.425364686629587752e+01
3.056906286629587655e+01
2.583250086629588083e+01
1.162281486629587235e+01
-1.008017133704122159e+00
2.425364686629587752e+01
2.109593886629587445e+01
1.478052286629587897e+01
1.793823086629587849e+01
1.004396086629588325e+01
1.478052286629587897e+01
-1.008017133704122159e+00
2.425364686629587752e+01
6.886252866295873076e+00
1.793823086629587849e+01
1.162281486629587235e+01
1.951708486629587824e+01
6.886252866295873076e+00
2.267479286629587776e+01
2.109593886629587800e+01
1.478052286629587897e+01
8.465106866295872834e+00
1.478052286629587897e+01
2.899020886629588034e+01
1.162281486629587945e+01
1.162281486629588301e+01
2.899020886629588034e+01
1.004396086629588325e+01
2.583250086629588083e+01
3.728544866295877114e+00
2.583250086629587727e+01
1.478052286629587897e+01
2.425364686629588107e+01
1.635937686629587873e+01
2.425364686629587752e+01
3.372677086629587961e+01
5.708368662958775985e-01
2.267479286629587776e+01
1.478052286629587897e+01
1.162281486629587235e+01
1.793823086629587493e+01
1.635937686629587873e+01
6.886252866295873076e+00
1.320166886629587921e+01
3.056906286629588010e+01
1.793823086629587849e+01
3.530562486629587937e+01
1.635937686629587873e+01
5.708368662958775985e-01
2.149690866295877356e+00
2.109593886629587800e+01
2.899020886629588034e+01
1.635937686629588228e+01
1.320166886629587921e+01
5.708368662958847040e-01
1.635937686629587873e+01
3.214791686629587986e+01
2.583250086629587727e+01
1.162281486629587235e+01
2.899020886629587679e+01
1.635937686629587873e+01
1.793823086629587849e+01
6.886252866295883734e+00
1.635937686629588228e+01
2.149690866295873803e+00
1.004396086629587259e+01
3.056906286629588010e+01
3.372677086629587961e+01
1.951708486629587824e+01
3.372677086629587961e+01
1.635937686629587873e+01
1.951708486629587469e+01
1.635937686629587517e+01
2.583250086629587727e+01
3.530562486629587937e+01
2.425364686629588107e+01
-5.744579133704128537e+00
1.478052286629587897e+01
1.635937686629587517e+01
1.478052286629587897e+01
1.004396086629588325e+01
2.899020886629588034e+01
1.951708486629587824e+01
1.793823086629587849e+01
2.425364686629587752e+01
1.951708486629587469e+01
2.149690866295877356e+00
2.583250086629587727e+01
1.004396086629587970e+01
2.583250086629587727e+01
2.425364686629588107e+01
1.004396086629588325e+01
1.635937686629587517e+01
1.320166886629587211e+01
3.846333286629587889e+01
3.214791686629587986e+01
1.320166886629587921e+01
8.465106866295872834e+00
1.951708486629587824e+01
2.899020886629587679e+01
3.056906286629587655e+01
1.478052286629587897e+01
1.793823086629587849e+01
-1.008017133704122159e+00
2.109593886629588155e+01
2.899020886629588034e+01
2.583250086629588083e+01
2.109593886629587800e+01
1.162281486629587235e+01
4.635760286629587057e+01
3.372677086629587961e+01
3.056906286629587655e+01
2.425364686629588107e+01
8.465106866295872834e+00
1.951708486629588180e+01
2.267479286629588131e+01
2.109593886629587800e+01
1.793823086629587849e+01
3.530562486629587227e+01
5.708368662958775985e-01
2.149690866295877356e+00
2.899020886629588034e+01
2.109593886629587445e+01
8.465106866295872834e+00
2.583250086629587727e+01
1.951708486629587824e+01
2.109593886629587800e+01
2.109593886629588155e+01
1.320166886629587211e+01
2.899020886629587679e+01
2.267479286629587421e+01
2.109593886629587445e+01
3.056906286629587655e+01
2.267479286629587776e+01
2.109593886629587800e+01
1.320166886629587921e+01
1.004396086629587259e+01
3.530562486629587227e+01
3.214791686629587986e+01
3.846333286629587889e+01
2.109593886629587800e+01
1.951708486629587469e+01
3.214791686629587275e+01
5.708368662958847040e-01
3.372677086629587961e+01
5.307398866295876871e+00
1.478052286629587897e+01
1.793823086629587849e+01
2.425364686629588107e+01
1.951708486629587824e+01
4.004218686629587864e+01
1.951708486629587824e+01
2.425364686629587752e+01
1.793823086629587849e+01
3.056906286629588010e+01
1.635937686629587873e+01
3.056906286629588010e+01
2.425364686629587752e+01
2.425364686629587752e+01
2.741135486629587703e+01
3.056906286629588010e+01
-2.586871133704121917e+00
2.741135486629588058e+01
3.214791686629587986e+01
1.793823086629588204e+01
4.951531086629587008e+01
3.372677086629587961e+01
1.793823086629587849e+01
1.320166886629588276e+01
2.899020886629587679e+01
3.214791686629587986e+01
4.477874886629587792e+01
4.004218686629587864e+01
2.583250086629587727e+01
4.319989486629587105e+01
2.741135486629588058e+01
2.741135486629588058e+01
2.109593886629587800e+01
2.109593886629588155e+01
2.583250086629587372e+01
2.741135486629587703e+01
2.267479286629587776e+01
1.951708486629587824e+01
4.319989486629587816e+01
1.635937686629587873e+01
2.109593886629587445e+01
5.307398866295873319e+00
1.162281486629587945e+01
1.004396086629588325e+01
3.214791686629587986e+01
1.793823086629587849e+01
1.793823086629587849e+01
3.056906286629587655e+01
3.530562486629587937e+01
2.149690866295873803e+00
2.109593886629587800e+01
2.583250086629587727e+01
2.425364686629587752e+01
3.728544866295877114e+00
2.109593886629588155e+01
6.886252866295876629e+00
1.162281486629588301e+01
2.267479286629587776e+01
2.109593886629587800e+01
1.635937686629587873e+01
2.425364686629588107e+01
2.267479286629587776e+01
1.004396086629587259e+01
1.635937686629587517e+01
6.886252866295880182e+00
2.267479286629587776e+01
3.846333286629587178e+01
1.478052286629587897e+01
1.320166886629587921e+01
2.109593886629587800e+01
1.951708486629587824e+01
2.425364686629587752e+01
4.951531086629587719e+01
6.886252866295876629e+00
3.688447886629587913e+01
2.899020886629588034e+01
1.793823086629587849e+01
1.320166886629587921e+01
2.425364686629587752e+01
3.056906286629588010e+01
1.635937686629587873e+01
2.425364686629587752e+01
3.728544866295877114e+00
6.886252866295883734e+00
1.478052286629587897e+01
1.162281486629588301e+01
2.741135486629587703e+01
1.793823086629587493e+01
2.267479286629588131e+01
2.899020886629587679e+01
3.530562486629587937e+01
2.899020886629587324e+01
2.109593886629587800e+01
3.688447886629587913e+01
1.478052286629587542e+01
5.109416486629587695e+01
2.899020886629587679e+01
2.583250086629588083e+01
3.214791686629587986e+01
-4.165725133704121674e+00
2.425364686629587752e+01
2.425364686629587752e+01
2.267479286629588131e+01
2.899020886629587679e+01
2.109593886629587800e+01
2.109593886629587800e+01
3.214791686629587986e+01
2.741135486629587703e+01
3.846333286629587889e+01
2.899020886629587679e+01
3.372677086629587961e+01
2.267479286629587776e+01
5.708368662958775985e-01
2.109593886629587800e+01
2.267479286629587776e+01
2.109593886629587800e+01
1.951708486629587824e+01
3.530562486629587227e+01
1.162281486629587235e+01
3.372677086629587961e+01
1.793823086629588204e+01
2.899020886629588034e+01
-1.008017133704122159e+00
3.688447886629587913e+01
2.583250086629588083e+01
1.162281486629588301e+01
3.688447886629587913e+01
1.951708486629588180e+01
3.056906286629587655e+01
3.214791686629587275e+01
3.056906286629587655e+01
2.267479286629587776e+01
2.899020886629587679e+01
1.478052286629587897e+01
2.741135486629588058e+01
3.056906286629588010e+01
2.583250086629587727e+01
4.319989486629587816e+01
2.583250086629587727e+01
1.951708486629587824e+01
2.741135486629588058e+01
1.793823086629587849e+01
4.004218686629587864e+01
3.214791686629587986e+01
8.465106866295883492e+00
1.320166886629587211e+01
3.688447886629587913e+01
3.728544866295877114e+00
3.056906286629588010e+01
1.162281486629588301e+01
1.793823086629587849e+01
2.741135486629587703e+01
3.530562486629587937e+01
3.372677086629587961e+01
1.793823086629587849e+01
2.583250086629587727e+01
3.846333286629587889e+01
2.267479286629587776e+01
2.267479286629587776e+01
1.478052286629587186e+01
2.741135486629588058e+01
-5.744579133704117879e+00
1.951708486629587824e+01
2.583250086629587727e+01
1.478052286629587897e+01
1.793823086629587849e+01
2.109593886629588155e+01
2.425364686629587752e+01
1.320166886629587921e+01
2.425364686629588107e+01
1.793823086629587493e+01
2.899020886629587679e+01
4.162104086629587130e+01
3.846333286629587178e+01
4.319989486629587816e+01
1.162281486629588301e+01
2.583250086629588083e+01
1.162281486629588301e+01
1.635937686629587517e+01
2.899020886629588034e+01
1.793823086629587849e+01
2.583250086629587727e+01
6.886252866295883734e+00
4.162104086629587840e+01
3.056906286629588010e+01
3.214791686629587986e+01
2.741135486629587703e+01
1.951708486629588180e+01
1.793823086629587849e+01
3.728544866295873561e+00
2.899020886629588034e+01
2.267479286629587776e+01
1.951708486629587824e+01
2.109593886629587800e+01
2.741135486629588058e+01
2.899020886629588034e+01
1.951708486629588180e+01
2.425364686629588107e+01
3.728544866295877114e+00
1.635937686629587162e+01
1.951708486629587824e+01
1.478052286629587186e+01
1.004396086629588325e+01
1.004396086629587614e+01
1.793823086629587493e+01
5.708368662958775985e-01
2.267479286629587776e+01
3.728544866295873561e+00
3.056906286629588010e+01
1.635937686629588228e+01
3.728544866295877114e+00
4.635760286629586346e+01
1.635937686629587517e+01
3.846333286629587178e+01
1.004396086629587259e+01
2.267479286629587776e+01
1.951708486629587469e+01
3.056906286629587655e+01
2.741135486629588058e+01
1.951708486629587469e+01
2.267479286629588131e+01
1.162281486629588301e+01
3.372677086629587961e+01
1.793823086629587849e+01
1.635937686629587873e+01
1.162281486629587235e+01
2.583250086629587372e+01
2.899020886629587324e+01
2.109593886629587800e+01
4.162104086629587840e+01
4.162104086629587840e+01
2.741135486629588058e+01
2.109593886629588155e+01
1.320166886629587921e+01
3.728544866295884219e+00
1.004396086629588325e+01
-1.008017133704122159e+00
1.635937686629587162e+01
1.162281486629588301e+01
2.267479286629587776e+01
2.267479286629588131e+01
1.793823086629587849e+01
2.741135486629587703e+01
2.267479286629587776e+01
2.899020886629587679e+01
4.004218686629587864e+01
1.951708486629587824e+01
3.056906286629588010e+01
1.162281486629587945e+01
2.741135486629587703e+01
3.688447886629587913e+01
2.583250086629588083e+01
1.793823086629587849e+01
1.793823086629587849e+01
2.899020886629588034e+01
1.320166886629587921e+01
1.951708486629587469e+01
1.162281486629587945e+01
2.425364686629587752e+01
2.425364686629587752e+01
2.267479286629588131e+01
1.793823086629587493e+01
1.793823086629587849e+01
3.728544866295873561e+00
1.793823086629587849e+01
3.056906286629587655e+01
1.951708486629587824e+01
2.741135486629587703e+01
5.708368662958740458e-01
3.728544866295877114e+00
2.899020886629588034e+01
2.741135486629587703e+01
2.583250086629588083e+01
6.886252866295876629e+00
2.741135486629587703e+01
2.741135486629587703e+01
2.425364686629587752e+01
3.214791686629587986e+01
1.004396086629588325e+01
1.635937686629587873e+01
3.728544866295877114e+00
2.583250086629587727e+01
2.899020886629588034e+01
1.635937686629587873e+01
3.530562486629587227e+01
1.793823086629587849e+01
2.741135486629587703e+01
1.162281486629587590e+01
3.372677086629587961e+01
3.056906286629588010e+01
8.465106866295872834e+00
2.149690866295873803e+00
8.465106866295876387e+00
2.741135486629588058e+01
1.478052286629587542e+01
2.109593886629588155e+01
-2.586871133704118364e+00
1.320166886629588276e+01
1.793823086629588204e+01
1.320166886629587211e+01
1.951708486629587824e+01
1.793823086629588204e+01
2.741135486629588058e+01
2.741135486629587703e+01
2.583250086629587372e+01
1.793823086629587849e+01
1.162281486629587945e+01
1.478052286629587897e+01
3.056906286629586944e+01
2.899020886629588034e+01
1.162281486629587235e+01
2.899020886629587679e+01
8.465106866295883492e+00
2.267479286629588131e+01
2.899020886629588034e+01
2.267479286629587776e+01
2.425364686629587752e+01
2.741135486629587703e+01
1.320166886629587921e+01
2.109593886629587800e+01
2.741135486629588058e+01
1.951708486629587824e+01
2.899020886629587679e+01
1.320166886629587921e+01
-1.008017133704122159e+00
2.583250086629588083e+01
3.530562486629587937e+01
1.793823086629587493e+01
1.478052286629587897e+01
3.056906286629588010e+01
1.320166886629587566e+01
2.583250086629587727e+01
5.109416486629587695e+01
3.214791686629587986e+01
2.899020886629587679e+01
8.465106866295883492e+00
3.056906286629587655e+01
1.793823086629587849e+01
2.267479286629587776e+01
2.425364686629588107e+01
8.465106866295872834e+00
3.056906286629588010e+01
1.320166886629587921e+01
3.214791686629587986e+01
1.004396086629587970e+01
1.478052286629587897e+01
2.425364686629588107e+01
1.635937686629587873e+01
1.320166886629588276e+01
3.372677086629587961e+01
1.951708486629587824e+01
2.741135486629588058e+01
3.530562486629587937e+01
1.004396086629587259e+01
1.004396086629588325e+01
3.056906286629588010e+01
3.372677086629587961e+01
3.530562486629587937e+01
-5.744579133704121432e+00
1.162281486629587945e+01
2.583250086629587727e+01
3.056906286629587655e+01
1.320166886629587921e+01
1.320166886629587211e+01
1.951708486629587824e+01
2.109593886629587800e+01
1.951708486629588180e+01
2.583250086629587372e+01
3.846333286629587889e+01
2.741135486629587703e+01
8.465106866295883492e+00
1.635937686629588228e+01
2.109593886629587800e+01
4.004218686629587864e+01
1.793823086629588204e+01
3.214791686629587275e+01
5.583072686629587622e+01
3.214791686629587275e+01
1.004396086629588325e+01
2.109593886629588155e+01
8.465106866295883492e+00
2.583250086629587727e+01
2.109593886629587800e+01
1.951708486629587824e+01
3.056906286629587655e+01
1.635937686629588228e+01
8.465106866295883492e+00
3.530562486629587937e+01
2.741135486629587703e+01
1.793823086629587849e+01
3.372677086629587961e+01
1.478052286629588252e+01
4.162104086629587840e+01
1.635937686629588228e+01
1.951708486629587469e+01
1.635937686629588228e+01
1.320166886629587211e+01
3.846333286629587178e+01
1.951708486629587824e+01
1.635937686629587873e+01
3.372677086629587961e+01
3.688447886629587913e+01
1.162281486629587945e+01
3.056906286629588010e+01
1.793823086629587493e+01
3.214791686629587275e+01
4.477874886629587792e+01
3.214791686629587986e+01
2.899020886629587679e+01
1.951708486629587824e+01
1.004396086629587970e+01
3.214791686629587275e+01
2.109593886629587800e+01
6.886252866295883734e+00
1.320166886629587211e+01
1.793823086629587493e+01
2.899020886629587679e+01
1.320166886629587211e+01
1.320166886629587921e+01
1.635937686629587873e+01
1.951708486629587824e+01
2.109593886629587800e+01
1.478052286629587897e+01
2.583250086629587727e+01
1.951708486629587469e+01
3.372677086629587961e+01
8.465106866295879939e+00
2.149690866295877356e+00
3.056906286629587655e+01
3.530562486629587937e+01
1.004396086629588325e+01
2.741135486629588058e+01
1.162281486629587235e+01
2.899020886629588034e+01
2.149690866295877356e+00
1.478052286629587897e+01
3.530562486629587227e+01
2.899020886629588034e+01
1.478052286629587897e+01
1.793823086629588204e+01
2.267479286629587776e+01
3.728544866295884219e+00
3.372677086629587961e+01
1.635937686629587873e+01
3.372677086629587961e+01
1.478052286629587897e+01
2.425364686629587752e+01
3.214791686629587986e+01
4.004218686629587864e+01
1.951708486629588180e+01
3.056906286629587655e+01
2.741135486629588058e+01
2.267479286629587776e+01
4.635760286629587767e+01
2.109593886629588155e+01
2.267479286629588131e+01
3.056906286629588010e+01
3.214791686629587275e+01
3.214791686629587986e+01
3.728544866295877114e+00
1.951708486629588180e+01
1.793823086629587493e+01
2.899020886629587324e+01
5.307398866295876871e+00
1.478052286629587542e+01
2.899020886629587679e+01
1.162281486629588301e+01
2.583250086629587727e+01
1.951708486629587824e+01
2.741135486629588058e+01
1.320166886629587921e+01
1.951708486629588180e+01
3.214791686629587275e+01
6.886252866295876629e+00
3.372677086629587961e+01
1.793823086629587849e+01
2.267479286629588131e+01
3.530562486629587937e+01
3.846333286629587178e+01
1.162281486629588301e+01
1.162281486629587590e+01
2.899020886629588034e+01
8.465106866295883492e+00
5.708368662958740458e-01
1.951708486629588180e+01
1.635937686629587162e+01
3.056906286629588010e+01
1.162281486629588301e+01
8.465106866295872834e+00
4.004218686629587864e+01
5.307398866295883977e+00
3.372677086629587961e+01
6.886252866295883734e+00
2.267479286629587776e+01
1.004396086629588325e+01
3.530562486629587937e+01
2.425364686629587396e+01
3.688447886629587913e+01
2.149690866295877356e+00
2.899020886629587679e+01
1.162281486629588301e+01
1.793823086629587849e+01
2.109593886629588155e+01
3.530562486629587937e+01
3.056906286629587655e+01
2.109593886629588155e+01
3.530562486629587937e+01
1.951708486629587824e+01
2.267479286629588131e+01
4.319989486629587816e+01
5.307398866295883977e+00
3.530562486629587937e+01
6.886252866295883734e+00
3.688447886629587913e+01
5.307398866295876871e+00
3.214791686629587986e+01
3.688447886629587913e+01
1.162281486629587945e+01
3.214791686629587986e+01
1.162281486629588301e+01
3.214791686629587986e+01
1.793823086629587849e+01
3.846333286629587889e+01
2.583250086629587727e+01
1.793823086629587493e+01
2.109593886629587800e+01
1.635937686629587873e+01
3.056906286629586944e+01
5.307398866295873319e+00
1.320166886629587921e+01
4.162104086629587840e+01
2.267479286629587776e+01
2.425364686629587752e+01
2.109593886629587800e+01
3.728544866295884219e+00
1.793823086629587849e+01
1.162281486629587945e+01
2.109593886629587800e+01
2.109593886629587445e+01
3.688447886629587913e+01
2.109593886629587800e+01
3.530562486629587937e+01
1.162281486629588301e+01
1.793823086629587849e+01
1.162281486629587945e+01
1.162281486629588301e+01
3.214791686629587275e+01
2.425364686629588107e+01
3.056906286629587655e+01
5.307398866295876871e+00
1.635937686629587873e+01
3.372677086629587961e+01
2.267479286629588131e+01
5.307398866295876871e+00
1.162281486629587945e+01
2.109593886629587800e+01
1.162281486629587235e+01
2.899020886629588034e+01
1.320166886629588276e+01
2.583250086629587727e+01
2.109593886629588155e+01
4.635760286629587767e+01
1.162281486629588301e+01
1.635937686629587873e+01
4.635760286629587767e+01
1.162281486629588301e+01
3.056906286629586944e+01
2.267479286629588131e+01
3.728544866295877114e+00
1.320166886629587921e+01
3.372677086629587961e+01
3.214791686629587986e+01
2.149690866295877356e+00
4.004218686629587154e+01
8.465106866295883492e+00
2.741135486629588058e+01
6.886252866295883734e+00
3.846333286629587889e+01
3.530562486629587937e+01
1.951708486629587824e+01
1.004396086629587970e+01
1.793823086629587849e+01
2.425364686629587752e+01
2.109593886629588155e+01
4.793645686629587033e+01
2.425364686629587752e+01
2.267479286629587776e+01
5.740958086629587598e+01
2.109593886629588155e+01
2.109593886629587800e+01
5.307398866295876871e+00
3.214791686629587986e+01
2.425364686629587752e+01
3.214791686629587986e+01
2.425364686629588107e+01
3.056906286629587655e+01
1.951708486629587824e+01
-1.008017133704122159e+00
3.056906286629588010e+01
1.635937686629587517e+01
2.741135486629587703e+01
2.583250086629588083e+01
2.741135486629588058e+01
3.214791686629587275e+01
2.425364686629587752e+01
1.004396086629587970e+01
6.886252866295873076e+00
3.214791686629587986e+01
3.056906286629588010e+01
4.004218686629587864e+01
6.886252866295880182e+00
1.635937686629587873e+01
1.793823086629587849e+01
2.267479286629587776e+01
3.372677086629587961e+01
6.886252866295883734e+00
3.688447886629587913e+01
6.886252866295883734e+00
4.004218686629587864e+01
1.320166886629587921e+01
1.162281486629587235e+01
2.109593886629588155e+01
6.886252866295883734e+00
3.056906286629587655e+01
2.583250086629587727e+01
3.372677086629587961e+01
2.109593886629587800e+01
1.478052286629587897e+01
3.530562486629587227e+01
6.886252866295876629e+00
2.583250086629588083e+01
6.886252866295876629e+00
4.319989486629586395e+01
1.478052286629587186e+01
1.635937686629588228e+01
3.056906286629587655e+01
2.741135486629587703e+01
4.004218686629587864e+01
6.886252866295883734e+00
2.741135486629587703e+01
1.635937686629587873e+01
3.214791686629587986e+01
1.162281486629587235e+01
2.741135486629587703e+01
4.477874886629587792e+01
1.004396086629588325e+01
1.635937686629587162e+01
1.162281486629587235e+01
2.741135486629588058e+01
4.162104086629587130e+01
2.583250086629587727e+01
3.728544866295884219e+00
2.149690866295877356e+00
2.109593886629587445e+01
1.320166886629587744e+01
3.372677086629587961e+01
2.425364686629587752e+01
1.004396086629587970e+01
1.478052286629587186e+01
2.109593886629587800e+01
1.635937686629587873e+01
3.688447886629587913e+01
1.320166886629587921e+01
-8.902287133704128053e+00
1.951708486629587824e+01
-4.165725133704128780e+00
3.728544866295884219e+00
2.583250086629588083e+01
2.741135486629587703e+01
2.583250086629588083e+01
1.951708486629587824e+01
3.728544866295873561e+00
1.162281486629587945e+01
2.583250086629587727e+01
1.951708486629588180e+01
1.004396086629588325e+01
1.635937686629588228e+01
2.583250086629588083e+01
5.109416486629587695e+01
5.307398866295883977e+00
3.530562486629587937e+01
3.056906286629586944e+01
2.741135486629587703e+01
8.465106866295883492e+00
1.793823086629587849e+01
2.583250086629587727e+01
3.372677086629587961e+01
2.583250086629587727e+01
2.583250086629588083e+01
3.056906286629587655e+01
2.425364686629587752e+01
2.425364686629587752e+01
4.319989486629587816e+01
1.162281486629588301e+01
2.741135486629587703e+01
1.478052286629588252e+01
4.004218686629587864e+01
2.109593886629587800e+01
3.846333286629587889e+01
1.320166886629587921e+01
2.109593886629587800e+01
3.372677086629587961e+01
2.267479286629587776e+01
1.320166886629587211e+01
2.267479286629588131e+01
2.741135486629588058e+01
1.951708486629587469e+01
3.530562486629587227e+01
2.741135486629587703e+01
1.478052286629587897e+01
1.951708486629587824e+01
-2.586871133704129022e+00
2.267479286629587776e+01
3.372677086629587961e+01
3.214791686629587986e+01
1.478052286629587186e+01
5.307398866295883977e+00
2.741135486629587703e+01
1.478052286629587897e+01
4.951531086629587719e+01
3.728544866295873561e+00
2.741135486629588058e+01
5.109416486629587695e+01
5.186460876993227487e+01
-1.028630832300677582e+02
2.186638276993227947e+01
5.186460876993227487e+01
2.344523676993227923e+01
1.341280769932278183e+00
-1.286840523006772052e+01
-1.816427230067721332e+00
-9.710697230067719232e+00
-2.375732300677217967e-01
-2.234152923006772085e+01
1.341280769932278183e+00
-8.131843230067719475e+00
-1.286840523006772052e+01
-1.816427230067720444e+00
-1.918382123006772133e+01
1.081440476993227762e+01
-1.128955123006772077e+01
1.341280769932279071e+00
1.555096676993227867e+01
-1.286840523006772230e+01
1.081440476993227406e+01
4.498988769932278586e+00
1.397211276993227536e+01
-1.816427230067720444e+00
-8.131843230067721251e+00
9.235550769932277859e+00
1.341280769932278183e+00
1.081440476993227762e+01
1.712982076993227665e+01
2.028752876993227972e+01
2.920134769932277496e+00
7.656696769932279878e+00
1.712982076993227665e+01
1.341280769932279515e+00
-3.395281230067721534e+00
1.341280769932279071e+00
2.028752876993227261e+01
-2.375732300677217967e-01
1.341280769932278183e+00
1.341280769932278183e+00
6.077842769932278344e+00
2.028752876993227972e+01
1.081440476993227406e+01
1.081440476993227762e+01
-1.286840523006772052e+01
4.498988769932278586e+00
-1.816427230067722665e+00
7.656696769932276325e+00
1.397211276993227713e+01
-1.602611323006772182e+01
1.397211276993227891e+01
-3.395281230067721978e+00
1.555096676993227334e+01
1.341280769932278183e+00
1.239325876993227737e+01
2.660294476993227875e+01
2.344523676993227568e+01
-1.128955123006772077e+01
6.077842769932278344e+00
1.397211276993227536e+01
6.077842769932278344e+00
2.028752876993227972e+01
1.341280769932278849e+00
1.712982076993227665e+01
1.239325876993227915e+01
1.555096676993227867e+01
9.235550769932277859e+00
4.498988769932278586e+00
6.077842769932278344e+00
2.920134769932278829e+00
-6.552989230067719717e+00
9.235550769932277859e+00
2.920134769932277496e+00
2.920134769932278385e+00
-3.395281230067721978e+00
6.077842769932278344e+00
9.235550769932279636e+00
1.239325876993227737e+01
-2.375732300677189102e-01
6.077842769932277456e+00
6.077842769932277456e+00
2.186638276993227592e+01
-2.375732300677215747e-01
1.712982076993227665e+01
1.341280769932277295e+00
-2.375732300677211306e-01
-2.375732300677189102e-01
2.028752876993227972e+01
-3.395281230067721978e+00
1.081440476993227406e+01
1.081440476993227939e+01
1.555096676993227334e+01
2.920134769932278829e+00
3.133950676993227447e+01
-9.710697230067722785e+00
-4.974135230067721736e+00
3.291836076993227778e+01
-6.552989230067721493e+00
2.186638276993227237e+01
1.870867476993227285e+01
-2.375732300677211306e-01
1.397211276993227891e+01
-3.395281230067721978e+00
1.555096676993227867e+01
2.818179876993227850e+01
-8.131843230067721251e+00
-1.816427230067722220e+00
7.656696769932278102e+00
2.660294476993227875e+01
1.341280769932279071e+00
7.656696769932278102e+00
1.397211276993227891e+01
4.498988769932278586e+00
-9.710697230067722785e+00
-1.816427230067722665e+00
7.656696769932278102e+00
7.656696769932279878e+00
2.920134769932278829e+00
-6.552989230067721493e+00
-9.710697230067719232e+00
-2.076267523006772109e+01
1.081440476993227762e+01
1.870867476993227996e+01
1.870867476993227996e+01
7.656696769932274549e+00
-1.286840523006771875e+01
9.235550769932277859e+00
7.656696769932278102e+00
9.235550769932279636e+00
1.341280769932279071e+00
-1.286840523006771875e+01
-3.395281230067721978e+00
-1.816427230067722220e+00
1.555096676993227689e+01
1.341280769932277295e+00
2.920134769932278829e+00
4.498988769932276810e+00
4.498988769932278586e+00
2.344523676993227568e+01
-1.816427230067720444e+00
6.077842769932278344e+00
-1.128955123006771899e+01
6.077842769932278344e+00
1.397211276993227713e+01
2.660294476993227875e+01
2.344523676993227568e+01
-4.974135230067721736e+00
1.341280769932278849e+00
7.656696769932278102e+00
1.397211276993227713e+01
6.077842769932276568e+00
1.555096676993227689e+01
-3.395281230067720202e+00
-4.974135230067721736e+00
1.870867476993227640e+01
-1.816427230067720444e+00
2.920134769932278829e+00
7.656696769932277213e+00
2.502409076993227899e+01
-6.552989230067721493e+00
-2.076267523006772109e+01
4.498988769932278586e+00
1.239325876993227382e+01
1.870867476993227996e+01
7.656696769932278102e+00
-1.816427230067722220e+00
7.656696769932278990e+00
2.186638276993227947e+01
1.397211276993227536e+01
1.341280769932277295e+00
9.235550769932277859e+00
7.656696769932279878e+00
9.235550769932277859e+00
1.341280769932273742e+00
2.818179876993227140e+01
1.239325876993227737e+01
-2.375732300677211306e-01
4.498988769932276810e+00
2.344523676993227568e+01
7.656696769932274549e+00
1.870867476993227640e+01
2.186638276993227237e+01
-4.974135230067721736e+00
1.555096676993227689e+01
1.555096676993227689e+01
2.502409076993227899e+01
2.186638276993227237e+01
-9.710697230067719232e+00
2.920134769932278829e+00
-9.710697230067719232e+00
1.081440476993227939e+01
1.870867476993227640e+01
4.498988769932278586e+00
-8.131843230067723027e+00
1.341280769932277295e+00
1.870867476993227640e+01
7.656696769932274549e+00
2.818179876993227850e+01
2.920134769932273500e+00
-4.974135230067721736e+00
1.397211276993227536e+01
4.498988769932278586e+00
-2.375732300677220188e-01
1.081440476993227762e+01
4.498988769932278586e+00
6.077842769932277456e+00
2.028752876993227616e+01
-3.395281230067721978e+00
4.498988769932278586e+00
1.870867476993227996e+01
1.555096676993227867e+01
-8.131843230067721251e+00
-3.395281230067721978e+00
2.344523676993227923e+01
3.607606876993227729e+01
-9.710697230067722785e+00
-1.816427230067722220e+00
6.077842769932277456e+00
1.555096676993227689e+01
1.712982076993227665e+01
4.498988769932277698e+00
-2.375732300677220188e-01
-1.128955123006772077e+01
9.235550769932274306e+00
-4.974135230067719959e+00
4.498988769932278586e+00
1.081440476993227406e+01
6.077842769932278344e+00
-1.602611323006771826e+01
1.081440476993227939e+01
1.341280769932279515e+00
9.235550769932277859e+00
6.077842769932278344e+00
-1.286840523006772052e+01
1.081440476993227939e+01
-1.816427230067718668e+00
2.028752876993227261e+01
4.498988769932278586e+00
7.656696769932278102e+00
2.186638276993227592e+01
1.081440476993227584e+01
4.498988769932276810e+00
2.920134769932278829e+00
1.555096676993227334e+01
-1.816427230067718668e+00
2.920134769932278829e+00
1.081440476993227584e+01
4.498988769932278586e+00
-1.816427230067722220e+00
-1.286840523006772230e+01
1.239325876993227737e+01
2.818179876993227850e+01
7.656696769932278102e+00
-2.375732300677224629e-01
-8.131843230067723027e+00
1.870867476993227640e+01
2.028752876993227972e+01
2.920134769932280605e+00
7.656696769932279878e+00
1.870867476993227640e+01
1.081440476993227406e+01
1.712982076993228020e+01
-2.375732300677189102e-01
-2.375732300677189102e-01
1.555096676993227689e+01
1.239325876993227737e+01
4.498988769932278586e+00
1.081440476993227939e+01
1.712982076993227665e+01
1.081440476993227762e+01
9.235550769932277859e+00
1.870867476993227640e+01
-2.375732300677242392e-01
3.133950676993227802e+01
1.081440476993227762e+01
6.077842769932278344e+00
2.502409076993227544e+01
2.344523676993227923e+01
1.555096676993227867e+01
-6.552989230067719717e+00
1.870867476993227640e+01
1.555096676993227689e+01
-4.974135230067721736e+00
-1.816427230067721776e+00
-1.816427230067721776e+00
2.028752876993227616e+01
1.870867476993227996e+01
1.555096676993227689e+01
9.235550769932277859e+00
2.660294476993227519e+01
-2.076267523006772109e+01
7.656696769932278102e+00
2.344523676993227923e+01
2.920134769932278829e+00
1.555096676993227689e+01
1.341280769932277295e+00
7.656696769932278102e+00
1.081440476993227939e+01
-1.816427230067722220e+00
-2.375732300677211306e-01
7.656696769932277213e+00
1.239325876993227737e+01
-4.974135230067721736e+00
2.028752876993227261e+01
-6.552989230067719717e+00
4.498988769932278586e+00
1.870867476993227640e+01
1.870867476993227640e+01
2.028752876993227972e+01
1.081440476993227762e+01
2.660294476993227875e+01
1.555096676993227689e+01
-6.552989230067719717e+00
-1.128955123006771899e+01
1.239325876993227737e+01
1.397211276993227713e+01
6.077842769932277456e+00
4.498988769932278586e+00
9.235550769932277859e+00
1.397211276993227713e+01
2.920134769932278829e+00
1.341280769932277295e+00
6.077842769932280120e+00
1.081440476993227939e+01
1.555096676993227867e+01
2.660294476993227875e+01
1.341280769932277295e+00
1.397211276993227713e+01
9.235550769932274306e+00
1.397211276993227536e+01
1.081440476993227939e+01
-8.131843230067719475e+00
9.235550769932277859e+00
6.077842769932278344e+00
1.239325876993227737e+01
1.870867476993227285e+01
9.235550769932277859e+00
9.235550769932276083e+00
-8.131843230067721251e+00
1.555096676993227867e+01
2.186638276993227592e+01
1.239325876993227737e+01
2.344523676993227923e+01
2.186638276993227947e+01
1.870867476993227640e+01
1.239325876993227382e+01
1.081440476993227762e+01
1.397211276993227713e+01
3.449721476993227043e+01
1.712982076993228020e+01
2.344523676993227213e+01
6.077842769932276568e+00
-3.395281230067722422e+00
7.656696769932278102e+00
4.498988769932278586e+00
2.186638276993227237e+01
7.656696769932278102e+00
2.660294476993227875e+01
6.077842769932276568e+00
7.656696769932278102e+00
1.712982076993227665e+01
1.870867476993227996e+01
3.923377676993226970e+01
2.920134769932273500e+00
6.077842769932278344e+00
2.502409076993227899e+01
4.498988769932278586e+00
1.870867476993227640e+01
-9.710697230067719232e+00
1.712982076993227665e+01
-4.974135230067719959e+00
2.502409076993227899e+01
1.397211276993227536e+01
1.081440476993227939e+01
1.555096676993227867e+01
-1.816427230067722220e+00
1.555096676993227867e+01
-1.816427230067722220e+00
-9.710697230067719232e+00
7.656696769932278102e+00
1.341280769932277295e+00
1.870867476993227640e+01
2.920134769932277052e+00
-8.131843230067721251e+00
1.341280769932279071e+00
1.712982076993228020e+01
1.397211276993227713e+01
4.498988769932278586e+00
2.976065276993227116e+01
-8.131843230067721251e+00
2.186638276993227592e+01
-6.552989230067720605e+00
1.081440476993227762e+01
1.397211276993227713e+01
1.712982076993227665e+01
7.656696769932278102e+00
2.028752876993227616e+01
1.870867476993227640e+01
1.870867476993227640e+01
-1.128955123006772254e+01
-4.974135230067719959e+00
4.498988769932278586e+00
1.555096676993227867e+01
2.920134769932277052e+00
1.555096676993227867e+01
6.077842769932276568e+00
2.186638276993227592e+01
2.920134769932278829e+00
2.186638276993227947e+01
6.077842769932277456e+00
2.502409076993227899e+01
1.341280769932279071e+00
-6.552989230067719717e+00
2.028752876993227972e+01
1.341280769932277295e+00
6.077842769932278344e+00
7.656696769932278102e+00
3.449721476993227753e+01
1.081440476993227584e+01
1.397211276993227713e+01
-6.552989230067719717e+00
2.920134769932277496e+00
4.554919276993226873e+01
1.397211276993227713e+01
2.660294476993227519e+01
-4.974135230067721736e+00
1.555096676993227689e+01
6.077842769932280120e+00
1.081440476993227406e+01
9.235550769932277859e+00
1.555096676993227689e+01
1.712982076993228020e+01
1.712982076993227665e+01
1.870867476993227285e+01
2.186638276993227237e+01
7.656696769932279878e+00
-6.552989230067719717e+00
2.818179876993227850e+01
2.344523676993227923e+01
9.235550769932277859e+00
1.555096676993227867e+01
-2.392038323006772060e+01
1.341280769932279071e+00
1.081440476993227939e+01
1.555096676993227689e+01
6.077842769932278344e+00
-1.128955123006772254e+01
1.397211276993227713e+01
-1.286840523006772230e+01
2.660294476993227875e+01
7.656696769932277213e+00
1.555096676993227689e+01
6.077842769932278344e+00
6.077842769932276568e+00
7.656696769932277213e+00
2.920134769932278829e+00
1.239325876993227382e+01
2.660294476993227164e+01
2.028752876993227972e+01
7.656696769932278102e+00
1.712982076993228020e+01
1.555096676993227689e+01
-1.816427230067722220e+00
3.291836076993227778e+01
4.498988769932278586e+00
4.498988769932278586e+00
2.920134769932278829e+00
9.235550769932276083e+00
1.555096676993227689e+01
2.976065276993227116e+01
1.870867476993227996e+01
1.870867476993227285e+01
3.133950676993227802e+01
2.028752876993227972e+01
2.186638276993227947e+01
1.081440476993227762e+01
6.077842769932278344e+00
1.555096676993227334e+01
1.870867476993227285e+01
2.028752876993227616e+01
6.077842769932278344e+00
2.028752876993227261e+01
1.081440476993227406e+01
-8.131843230067723027e+00
2.920134769932278829e+00
1.870867476993227996e+01
1.397211276993227891e+01
-2.375732300677189102e-01
1.555096676993227689e+01
1.341280769932277295e+00
1.239325876993227737e+01
2.818179876993227495e+01
6.077842769932276568e+00
2.818179876993227850e+01
9.235550769932277859e+00
4.239148476993227632e+01
-1.602611323006771826e+01
-3.395281230067721534e+00
7.656696769932274549e+00
-2.375732300677224629e-01
1.870867476993227996e+01
1.341280769932279071e+00
1.555096676993227867e+01
4.498988769932278586e+00
1.870867476993227996e+01
2.920134769932278829e+00
9.235550769932277859e+00
1.555096676993227867e+01
-1.816427230067722220e+00
2.920134769932273500e+00
-1.444725923006772028e+01
1.555096676993227867e+01
9.235550769932277859e+00
1.239325876993227737e+01
2.660294476993227875e+01
2.344523676993227568e+01
9.235550769932277859e+00
-2.375732300677224629e-01
2.976065276993227471e+01
1.341280769932280847e+00
1.712982076993228020e+01
1.712982076993227665e+01
2.920134769932278829e+00
-2.375732300677224629e-01
1.397211276993227713e+01
-3.395281230067720202e+00
1.712982076993227665e+01
9.235550769932277859e+00
-4.974135230067721736e+00
1.397211276993227891e+01
9.235550769932277859e+00
7.656696769932276325e+00
1.870867476993227996e+01
2.818179876993227850e+01
2.344523676993227213e+01
2.344523676993227923e+01
2.660294476993227519e+01
1.712982076993227665e+01
7.656696769932278102e+00
9.235550769932277859e+00
1.081440476993227762e+01
2.660294476993227875e+01
1.712982076993227309e+01
2.028752876993227261e+01
2.660294476993227875e+01
1.239325876993227737e+01
1.555096676993227689e+01
1.397211276993227713e+01
7.656696769932278102e+00
1.239325876993227915e+01
2.920134769932278829e+00
4.498988769932278586e+00
2.028752876993227261e+01
7.656696769932278102e+00
1.239325876993227737e+01
3.291836076993227778e+01
9.235550769932277859e+00
2.028752876993227261e+01
1.397211276993227713e+01
3.133950676993227802e+01
1.081440476993227939e+01
1.397211276993227713e+01
1.555096676993227867e+01
1.341280769932279071e+00
1.239325876993227737e+01
1.712982076993227665e+01
1.239325876993227737e+01
1.870867476993227996e+01
2.344523676993227923e+01
6.077842769932277456e+00
1.397211276993227891e+01
1.555096676993227867e+01
2.028752876993227616e+01
2.344523676993227568e+01
6.077842769932276568e+00
-3.395281230067720202e+00
-2.375732300677215747e-01
1.870867476993227996e+01
7.656696769932278102e+00
9.235550769932279636e+00
1.712982076993228020e+01
-9.710697230067719232e+00
1.081440476993227762e+01
-6.552989230067721493e+00
1.870867476993227996e+01
9.235550769932276083e+00
1.397211276993227713e+01
2.976065276993227471e+01
-8.131843230067721251e+00
1.555096676993227867e+01
3.607606876993227729e+01
2.502409076993227188e+01
1.081440476993227762e+01
2.344523676993227923e+01
1.081440476993227939e+01
-3.395281230067720202e+00
-6.552989230067719717e+00
1.870867476993227640e+01
1.081440476993227762e+01
2.186638276993227947e+01
-2.375732300677224629e-01
1.081440476993227762e+01
1.239325876993227382e+01
1.341280769932277739e+00
1.397211276993227891e+01
4.498988769932278586e+00
7.656696769932278102e+00
1.397211276993227713e+01
1.870867476993227285e+01
-3.395281230067720202e+00
-4.974135230067721736e+00
6.077842769932276568e+00
1.870867476993227640e+01
1.555096676993227689e+01
7.656696769932279878e+00
-6.552989230067719717e+00
2.920134769932278829e+00
1.081440476993227762e+01
1.870867476993227640e+01
1.239325876993227915e+01
-1.816427230067722220e+00
-2.375732300677189102e-01
2.028752876993227972e+01
1.239325876993227737e+01
9.235550769932277859e+00
7.656696769932276325e+00
7.656696769932278102e+00
1.555096676993227867e+01
1.712982076993227309e+01
-2.234152923006772085e+01
7.656696769932278102e+00
4.498988769932277698e+00
9.235550769932274306e+00
1.341280769932277295e+00
1.712982076993227309e+01
1.712982076993228020e+01
1.397211276993227713e+01
4.498988769932278586e+00
1.341280769932278849e+00
-9.710697230067719232e+00
9.235550769932277859e+00
6.077842769932276568e+00
1.712982076993228020e+01
-6.552989230067719717e+00
1.555096676993227867e+01
7.656696769932278102e+00
1.341280769932280847e+00
1.397211276993227891e+01
4.498988769932278586e+00
2.186638276993227592e+01
1.239325876993227205e+01
1.239325876993227737e+01
1.870867476993227640e+01
1.081440476993227584e+01
2.920134769932278829e+00
1.397211276993227713e+01
1.397211276993227713e+01
1.870867476993227640e+01
1.239325876993227737e+01
1.555096676993227511e+01
9.235550769932274306e+00
1.712982076993228020e+01
1.239325876993227737e+01
2.028752876993227261e+01
1.239325876993227737e+01
4.239148476993227632e+01
2.028752876993227261e+01
2.186638276993227592e+01
7.656696769932274549e+00
2.660294476993227875e+01
-2.375732300677206865e-01
1.870867476993227996e+01
1.081440476993227762e+01
1.712982076993227665e+01
-2.375732300677224629e-01
2.186638276993227237e+01
1.239325876993227737e+01
2.028752876993227972e+01
-3.395281230067721978e+00
2.920134769932278829e+00
7.656696769932278102e+00
2.186638276993227592e+01
1.555096676993227689e+01
1.712982076993227665e+01
1.397211276993227713e+01
2.028752876993227616e+01
9.235550769932279636e+00
1.081440476993227762e+01
9.235550769932279636e+00
3.133950676993227091e+01
1.397211276993227536e+01
6.077842769932278344e+00
1.397211276993227713e+01
4.498988769932278586e+00
1.870867476993227285e+01
1.870867476993227996e+01
1.397211276993227713e+01
2.186638276993227592e+01
1.555096676993227689e+01
1.341280769932277295e+00
1.341280769932275518e+00
4.498988769932278586e+00
2.920134769932277941e+00
-2.375732300677211306e-01
1.870867476993227996e+01
2.502409076993227544e+01
1.712982076993227665e+01
-1.816427230067722220e+00
1.712982076993228020e+01
1.239325876993227915e+01
-1.602611323006772182e+01
2.920134769932277052e+00
-1.816427230067722220e+00
-6.552989230067719717e+00
2.344523676993227568e+01
-3.395281230067720202e+00
1.870867476993227285e+01
2.186638276993227592e+01
-6.552989230067719717e+00
1.239325876993227737e+01
9.235550769932277859e+00
-6.552989230067720605e+00
2.920134769932278829e+00
3.133950676993227802e+01
9.235550769932277859e+00
1.081440476993227939e+01
6.077842769932277456e+00
7.656696769932277213e+00
-4.974135230067719959e+00
2.660294476993227164e+01
2.976065276993227826e+01
-1.128955123006771899e+01
2.920134769932278829e+00
1.555096676993227867e+01
2.028752876993227972e+01
1.239325876993227737e+01
-4.974135230067721736e+00
1.239325876993227737e+01
1.397211276993227713e+01
-6.552989230067723270e+00
-1.816427230067722665e+00
6.077842769932276568e+00
2.920134769932278829e+00
1.239325876993227915e+01
-3.395281230067721534e+00
2.920134769932277941e+00
1.397211276993227891e+01
-3.395281230067721978e+00
1.397211276993227713e+01
6.077842769932280120e+00
1.239325876993227737e+01
-1.816427230067722665e+00
1.397211276993227536e+01
1.081440476993227762e+01
7.656696769932277213e+00
1.555096676993227689e+01
-6.552989230067721493e+00
1.081440476993227584e+01
1.555096676993227867e+01
2.976065276993227826e+01
1.081440476993227406e+01
-3.395281230067721978e+00
2.502409076993227899e+01
-2.375732300677220188e-01
1.397211276993227536e+01
1.712982076993227309e+01
6.077842769932278344e+00
-3.395281230067721978e+00
2.502409076993227899e+01
-2.375732300677224629e-01
-2.375732300677224629e-01
1.712982076993228020e+01
1.341280769932279071e+00
2.502409076993227544e+01
9.235550769932277859e+00
1.712982076993227665e+01
-2.375732300677220188e-01
-1.128955123006771899e+01
6.077842769932278344e+00
4.498988769932278586e+00
1.870867476993227996e+01
-1.816427230067722665e+00
2.920134769932278385e+00
7.656696769932279878e+00
2.502409076993227544e+01
7.656696769932276325e+00
9.235550769932277859e+00
1.555096676993227511e+01
9.235550769932279636e+00
1.712982076993227665e+01
1.712982076993227665e+01
2.660294476993227875e+01
2.028752876993227972e+01
1.081440476993227939e+01
1.341280769932277295e+00
1.239325876993227737e+01
2.028752876993227972e+01
2.028752876993227616e+01
6.077842769932278344e+00
3.291836076993227778e+01
2.502409076993227544e+01
6.077842769932278344e+00
9.235550769932276083e+00
9.235550769932276083e+00
1.341280769932280847e+00
3.133950676993227447e+01
9.235550769932279636e+00
1.555096676993227867e+01
2.344523676993227213e+01
-1.444725923006772028e+01
2.028752876993227616e+01
1.341280769932275518e+00
1.239325876993227737e+01
1.555096676993227689e+01
2.660294476993227875e+01
2.344523676993227213e+01
3.291836076993227778e+01
2.920134769932278829e+00
1.870867476993227996e+01
1.239325876993227737e+01
-2.375732300677189102e-01
2.976065276993227471e+01
1.712982076993227665e+01
9.235550769932279636e+00
2.920134769932278829e+00
1.081440476993227762e+01
1.341280769932277295e+00
1.712982076993227665e+01
1.712982076993227309e+01
6.077842769932280120e+00
2.818179876993227850e+01
1.239325876993227560e+01
7.656696769932278102e+00
-3.395281230067720202e+00
7.656696769932278102e+00
1.870867476993227640e+01
2.920134769932278829e+00
2.660294476993227875e+01
2.186638276993227592e+01
7.656696769932278102e+00
-2.375732300677224629e-01
1.081440476993227762e+01
4.498988769932278586e+00
2.920134769932278829e+00
6.077842769932277456e+00
4.498988769932278586e+00
7.656696769932278990e+00
1.341280769932279071e+00
4.498988769932278586e+00
1.239325876993227382e+01
-1.918382123006772133e+01
2.344523676993227923e+01
1.555096676993227867e+01
9.235550769932279636e+00
1.712982076993227665e+01
-1.816427230067722220e+00
2.660294476993227875e+01
-2.375732300677220188e-01
1.555096676993227867e+01
1.341280769932275518e+00
2.344523676993227923e+01
2.920134769932278829e+00
1.397211276993227536e+01
2.344523676993227568e+01
-6.552989230067723270e+00
1.712982076993227665e+01
-3.395281230067720202e+00
2.660294476993227164e+01
7.656696769932276325e+00
1.870867476993227640e+01
9.235550769932276083e+00
2.186638276993227237e+01
1.239325876993227737e+01
1.081440476993227939e+01
3.133950676993227802e+01
4.498988769932278586e+00
1.870867476993227285e+01
1.870867476993227640e+01
1.239325876993227737e+01
1.870867476993227996e+01
2.502409076993227544e+01
1.081440476993227762e+01
2.920134769932277052e+00
1.081440476993227762e+01
1.712982076993227665e+01
1.397211276993227891e+01
9.235550769932277859e+00
1.555096676993227689e+01
9.235550769932277859e+00
-2.234152923006772085e+01
3.607606876993227729e+01
-2.375732300677189102e-01
3.449721476993227753e+01
1.712982076993227665e+01
9.235550769932277859e+00
6.077842769932277456e+00
1.712982076993227665e+01
2.344523676993227568e+01
1.870867476993227640e+01
2.502409076993227544e+01
-1.816427230067722220e+00
-3.395281230067721978e+00
1.712982076993227665e+01
4.498988769932278586e+00
2.920134769932277052e+00
-4.974135230067721736e+00
4.498988769932278586e+00
1.397211276993227891e+01
3.449721476993227753e+01
-8.131843230067723027e+00
1.239325876993227737e+01
4.498988769932278586e+00
3.133950676993227802e+01
1.870867476993227285e+01
6.077842769932276568e+00
1.239325876993227737e+01
-2.375732300677224629e-01
2.344523676993227923e+01
1.239325876993227915e+01
2.344523676993227568e+01
1.239325876993227737e+01
6.077842769932277456e+00
2.028752876993227972e+01
1.397211276993227536e+01
1.239325876993227560e+01
1.239325876993227915e+01
9.235550769932276083e+00
-8.131843230067719475e+00
6.077842769932280120e+00
2.660294476993227519e+01
7.656696769932279878e+00
2.344523676993227923e+01
1.555096676993227689e+01
1.870867476993227996e+01
1.341280769932280847e+00
1.341280769932275518e+00
2.660294476993227875e+01
1.081440476993227939e+01
2.186638276993227592e+01
-3.395281230067720202e+00
3.133950676993227447e+01
-1.128955123006771899e+01
6.077842769932280120e+00
1.341280769932278849e+00
9.235550769932277859e+00
1.870867476993227640e+01
7.656696769932278102e+00
1.870867476993227640e+01
-2.375732300677220188e-01
-1.816427230067722220e+00
-9.710697230067721009e+00
3.449721476993227753e+01
3.291836076993227778e+01
4.498988769932278586e+00
9.235550769932277859e+00
1.081440476993227939e+01
-3.395281230067722422e+00
-3.395281230067721978e+00
1.239325876993227737e+01
-1.816427230067722220e+00
-2.375732300677224629e-01
1.397211276993227713e+01
1.239325876993227737e+01
1.712982076993228020e+01
6.077842769932278344e+00
6.077842769932277456e+00
9.235550769932277859e+00
9.235550769932277859e+00
2.186638276993227592e+01
-9.710697230067719232e+00
2.186638276993227592e+01
1.341280769932275518e+00
7.656696769932274549e+00
1.397211276993227713e+01
2.186638276993227237e+01
2.186638276993227947e+01
1.712982076993227665e+01
1.397211276993227536e+01
1.397211276993227713e+01
1.341280769932280847e+00
7.656696769932279878e+00
-4.974135230067719959e+00
2.660294476993227875e+01
4.498988769932278586e+00
2.186638276993227592e+01
2.186638276993227947e+01
1.555096676993227867e+01
1.555096676993227867e+01
1.870867476993227640e+01
6.077842769932276568e+00
2.344523676993227923e+01
1.397211276993227713e+01
1.555096676993227334e+01
2.186638276993227592e+01
2.186638276993227947e+01
2.186638276993227237e+01
1.555096676993227689e+01
2.028752876993227616e+01
1.341280769932273742e+00
-1.816427230067720444e+00
2.344523676993227568e+01
1.397211276993227536e+01
2.028752876993227616e+01
-9.710697230067721009e+00
-4.974135230067721736e+00
6.077842769932278344e+00
6.077842769932278344e+00
1.712982076993227665e+01
-1.816427230067718668e+00
7.656696769932279878e+00
1.712982076993227665e+01
1.712982076993227665e+01
1.341280769932280847e+00
1.870867476993227996e+01
2.502409076993227544e+01
2.920134769932273500e+00
2.660294476993227164e+01
2.660294476993227875e+01
3.765492276993227705e+01
-1.128955123006772077e+01
2.186638276993227237e+01
1.870867476993227996e+01
2.344523676993227568e+01
1.081440476993227939e+01
1.239325876993227737e+01
2.818179876993227850e+01
4.498988769932278586e+00
1.555096676993227689e+01
1.555096676993227689e+01
1.081440476993227939e+01
2.976065276993227826e+01
1.081440476993227762e+01
2.186638276993227947e+01
7.656696769932278102e+00
-1.128955123006772254e+01
9.235550769932277859e+00
9.235550769932279636e+00
9.235550769932274306e+00
1.397211276993227713e+01
1.870867476993227996e+01
-6.552989230067723270e+00
1.555096676993227689e+01
2.660294476993227519e+01
1.870867476993227285e+01
-2.375732300677189102e-01
2.920134769932280605e+00
-2.375732300677220188e-01
1.397211276993227713e+01
2.186638276993227237e+01
9.235550769932277859e+00
1.712982076993227665e+01
-2.375732300677224629e-01
2.186638276993227947e+01
2.920134769932278829e+00
-3.395281230067721978e+00
2.920134769932278829e+00
4.498988769932276810e+00
2.186638276993227947e+01
1.870867476993227285e+01
7.656696769932278102e+00
9.235550769932279636e+00
1.081440476993227406e+01
2.344523676993227213e+01
1.555096676993227867e+01
1.397211276993227536e+01
2.028752876993227972e+01
2.920134769932278385e+00
1.239325876993227737e+01
9.235550769932279636e+00
4.498988769932278586e+00
9.235550769932277859e+00
2.186638276993227592e+01
2.028752876993227616e+01
2.660294476993227875e+01
2.920134769932278829e+00
1.239325876993227737e+01
-3.395281230067721978e+00
2.660294476993227875e+01
4.498988769932276810e+00
-3.395281230067721978e+00
3.923377676993227681e+01
7.656696769932278102e+00
1.397211276993227713e+01
6.077842769932276568e+00
1.555096676993227689e+01
1.870867476993227285e+01
1.341280769932273742e+00
1.397211276993227536e+01
9.235550769932277859e+00
2.660294476993227519e+01
-3.395281230067720202e+00
-1.286840523006771875e+01
1.712982076993227665e+01
2.186638276993227592e+01
2.028752876993227972e+01
1.870867476993227285e+01
2.920134769932278829e+00
6.077842769932276568e+00
1.239325876993227915e+01
-4.974135230067719959e+00
2.818179876993227495e+01
2.344523676993227213e+01
-2.375732300677224629e-01
1.555096676993227689e+01
2.920134769932278829e+00
1.397211276993227713e+01
2.502409076993227899e+01
-3.395281230067720202e+00
1.712982076993228020e+01
9.235550769932279636e+00
3.449721476993227753e+01
7.656696769932278102e+00
1.341280769932279071e+00
-9.710697230067721009e+00
7.656696769932278102e+00
-6.552989230067721493e+00
2.920134769932278829e+00
2.920134769932278829e+00
7.656696769932278102e+00
2.660294476993227875e+01
-1.816427230067722665e+00
2.186638276993227592e+01
6.077842769932278344e+00
7.656696769932279878e+00
1.555096676993227689e+01
2.028752876993227616e+01
3.291836076993227778e+01
7.656696769932276325e+00
1.555096676993227867e+01
2.344523676993227923e+01
2.502409076993227544e+01
-2.375732300677211306e-01
1.081440476993227939e+01
1.239325876993227737e+01
-1.816427230067721776e+00
3.449721476993227753e+01
4.498988769932276810e+00
9.235550769932277859e+00
7.656696769932278102e+00
-6.552989230067723270e+00
2.976065276993227471e+01
1.081440476993227584e+01
3.291836076993227778e+01
-1.816427230067722220e+00
1.081440476993227584e+01
-1.816427230067720444e+00
2.186638276993227237e+01
-3.395281230067720202e+00
7.656696769932278990e+00
2.028752876993227972e+01
2.502409076993227899e+01
1.870867476993227640e+01
2.502409076993227899e+01
2.976065276993227826e+01
1.555096676993227867e+01
2.660294476993227875e+01
1.239325876993227737e+01
1.397211276993227891e+01
3.765492276993227705e+01
1.712982076993227309e+01
2.028752876993227261e+01
4.498988769932278586e+00
1.081440476993227584e+01
9.235550769932277859e+00
2.186638276993227592e+01
1.712982076993227665e+01
1.555096676993227689e+01
1.712982076993228020e+01
1.870867476993227640e+01
1.081440476993227584e+01
2.028752876993227616e+01
2.344523676993227568e+01
3.291836076993227778e+01
2.920134769932278829e+00
2.344523676993227213e+01
2.502409076993227544e+01
4.498988769932276810e+00
6.077842769932278344e+00
1.397211276993227713e+01
1.712982076993227665e+01
7.656696769932279878e+00
2.028752876993227972e+01
9.235550769932277859e+00
2.186638276993227237e+01
-4.974135230067721736e+00
1.341280769932279071e+00
2.344523676993227923e+01
-4.974135230067719959e+00
1.239325876993227382e+01
-3.395281230067721090e+00
1.239325876993227737e+01
2.502409076993227899e+01
2.186638276993227237e+01
1.870867476993227640e+01
-8.131843230067719475e+00
1.239325876993227915e+01
7.656696769932278102e+00
2.344523676993227923e+01
6.077842769932276568e+00
2.976065276993227826e+01
9.235550769932277859e+00
7.656696769932279878e+00
1.239325876993227737e+01
9.235550769932277859e+00
1.239325876993227915e+01
1.341280769932279071e+00
2.186638276993227592e+01
9.235550769932276083e+00
2.344523676993227923e+01
1.870867476993227996e+01
1.712982076993227665e+01
1.712982076993228020e+01
-1.128955123006772254e+01
2.028752876993227972e+01
-2.375732300677224629e-01
1.081440476993227939e+01
1.397211276993227713e+01
-4.974135230067721736e+00
1.341280769932279515e+00
7.656696769932278102e+00
1.341280769932280847e+00
1.239325876993227737e+01
7.656696769932279878e+00
6.077842769932277456e+00
2.818179876993227850e+01
2.502409076993227188e+01
-1.760496723006772157e+01
2.028752876993227616e+01
-1.444725923006772028e+01
9.235550769932277859e+00
-1.816427230067722220e+00
9.235550769932279636e+00
1.341280769932279071e+00
7.656696769932277213e+00
1.712982076993227665e+01
1.239325876993227915e+01
1.081440476993227762e+01
1.870867476993227640e+01
2.186638276993227947e+01
2.028752876993227261e+01
-1.816427230067722220e+00
1.341280769932279071e+00
1.555096676993227334e+01
1.712982076993228020e+01
-1.816427230067722220e+00
2.344523676993227923e+01
6.077842769932277456e+00
9.235550769932277859e+00
1.239325876993227737e+01
9.235550769932279636e+00
-1.816427230067721554e+00
7.656696769932278102e+00
1.555096676993227511e+01
2.186638276993227237e+01
1.341280769932279071e+00
7.656696769932276325e+00
2.186638276993227592e+01
6.077842769932278344e+00
6.077842769932277456e+00
1.870867476993227640e+01
1.397211276993227891e+01
1.341280769932275518e+00
1.081440476993227762e+01
1.555096676993227689e+01
2.502409076993227899e+01
7.656696769932278990e+00
1.555096676993227689e+01
1.239325876993227382e+01
1.239325876993227737e+01
2.818179876993227495e+01
1.397211276993227713e+01
1.870867476993227996e+01
9.235550769932279636e+00
1.397211276993227891e+01
2.660294476993227519e+01
1.397211276993227536e+01
6.077842769932276568e+00
6.077842769932278344e+00
1.239325876993227737e+01
1.081440476993227939e+01
1.555096676993227689e+01
1.341280769932280847e+00
1.239325876993227737e+01
6.077842769932278344e+00
2.976065276993227826e+01
6.077842769932278344e+00
1.712982076993227665e+01
2.920134769932278829e+00
1.239325876993227737e+01
2.660294476993227875e+01
9.235550769932277859e+00
1.081440476993227762e+01
9.235550769932277859e+00
1.712982076993227665e+01
-3.395281230067721978e+00
2.502409076993227544e+01
2.344523676993227923e+01
1.397211276993227713e+01
1.870867476993227996e+01
1.081440476993227584e+01
4.498988769932278586e+00
1.397211276993227713e+01
2.028752876993227616e+01
6.077842769932278344e+00
9.235550769932279636e+00
6.077842769932278344e+00
2.344523676993227923e+01
-4.974135230067721736e+00
1.870867476993227640e+01
9.235550769932277859e+00
1.341280769932275518e+00
-6.552989230067719717e+00
1.081440476993227762e+01
2.920134769932278829e+00
1.341280769932275518e+00
4.498988769932278586e+00
1.239325876993227737e+01
7.656696769932278102e+00
1.081440476993227762e+01
1.239325876993227737e+01
9.235550769932279636e+00
2.976065276993227471e+01
2.920134769932280605e+00
1.239325876993227915e+01
7.656696769932278102e+00
7.656696769932274549e+00
-3.395281230067720202e+00
1.397211276993227180e+01
1.712982076993227665e+01
7.656696769932278102e+00
7.656696769932277213e+00
2.818179876993227850e+01
2.660294476993227875e+01
1.239325876993227382e+01
2.818179876993227140e+01
1.397211276993227713e+01
2.920134769932280605e+00
9.235550769932276083e+00
2.186638276993227947e+01
6.077842769932278344e+00
2.186638276993227947e+01
1.712982076993227665e+01
1.239325876993227737e+01
3.291836076993227778e+01
1.341280769932279515e+00
2.028752876993227616e+01
2.502409076993227544e+01
2.344523676993227568e+01
7.656696769932278990e+00
4.239148476993227632e+01
2.028752876993227261e+01
2.502409076993227544e+01
1.870867476993227640e+01
1.397211276993227713e+01
2.502409076993227544e+01
1.555096676993227334e+01
2.344523676993227568e+01
-2.375732300677189102e-01
1.712982076993228020e+01
4.498988769932276810e+00
7.656696769932274549e+00
1.081440476993227762e+01
2.660294476993227875e+01
1.555096676993227867e+01
4.498988769932278586e+00
-4.974135230067721736e+00
-4.974135230067719959e+00
1.870867476993227996e+01
1.081440476993227762e+01
6.077842769932278344e+00
4.498988769932277698e+00
7.656696769932276325e+00
2.028752876993227616e+01
2.920134769932273500e+00
1.870867476993227640e+01
7.656696769932276325e+00
-8.131843230067719475e+00
2.344523676993227213e+01
2.920134769932278829e+00
4.498988769932278586e+00
1.870867476993227285e+01
6.077842769932277456e+00
-2.375732300677220188e-01
-8.131843230067723027e+00
4.498988769932278586e+00
1.870867476993227996e+01
1.239325876993227737e+01
4.498988769932278586e+00
2.920134769932278829e+00
1.870867476993227285e+01
-6.552989230067719717e+00
9.235550769932277859e+00
-1.444725923006772206e+01
4.498988769932278586e+00
6.077842769932280120e+00
-2.375732300677220188e-01
1.870867476993227640e+01
-6.552989230067720605e+00
1.081440476993227406e+01
-3.395281230067721978e+00
1.712982076993227665e+01
6.077842769932278344e+00
2.502409076993227544e+01
-3.395281230067718425e+00
7.656696769932278102e+00
2.920134769932277052e+00
2.344523676993227923e+01
2.344523676993227213e+01
-4.974135230067721736e+00
1.239325876993227737e+01
2.920134769932278829e+00
-8.131843230067721251e+00
-1.128955123006771899e+01
2.186638276993227592e+01
2.920134769932278829e+00
2.660294476993227164e+01
9.235550769932279636e+00
2.028752876993227261e+01
1.341280769932279071e+00
-1.602611323006772182e+01
7.656696769932274549e+00
2.818179876993227850e+01
2.502409076993227188e+01
2.660294476993227875e+01
-3.395281230067721978e+00
1.341280769932279071e+00
9.235550769932277859e+00
1.397211276993227891e+01
7.656696769932276325e+00
-2.375732300677220188e-01
2.186638276993227592e+01
6.077842769932278344e+00
1.239325876993227737e+01
1.081440476993227406e+01
2.344523676993227923e+01
-1.816427230067718668e+00
1.870867476993227996e+01
-6.552989230067719717e+00
1.870867476993227996e+01
-8.131843230067723027e+00
2.920134769932277052e+00
1.239325876993227382e+01
2.344523676993227568e+01
2.976065276993227826e+01
-6.552989230067721493e+00
4.498988769932278586e+00
1.870867476993227640e+01
4.498988769932278586e+00
1.555096676993227689e+01
7.656696769932278990e+00
2.920134769932278829e+00
7.656696769932278990e+00
4.498988769932278586e+00
2.028752876993227972e+01
-1.816427230067722665e+00
2.660294476993227875e+01
-2.375732300677189102e-01
3.291836076993227067e+01
6.077842769932278344e+00
1.081440476993227939e+01
2.660294476993227875e+01
1.397211276993227713e+01
2.028752876993227972e+01
6.077842769932278344e+00
2.028752876993227972e+01
9.235550769932276083e+00
1.555096676993227867e+01
1.870867476993227285e+01
1.397211276993227713e+01
2.028752876993227616e+01
1.397211276993227536e+01
1.239325876993227737e+01
7.656696769932278102e+00
2.818179876993227850e+01
4.498988769932276810e+00
1.239325876993227382e+01
7.656696769932276325e+00
2.502409076993227544e+01
2.920134769932278829e+00
1.081440476993227762e+01
2.818179876993227140e+01
3.765492276993227705e+01
2.920134769932278829e+00
1.239325876993227915e+01
1.712982076993227309e+01
1.397211276993227891e+01
1.397211276993227891e+01
2.028752876993227261e+01
-4.974135230067719959e+00
1.870867476993227996e+01
2.920134769932277052e+00
2.502409076993227188e+01
1.397211276993227891e+01
1.555096676993227689e+01
2.818179876993227850e+01
6.077842769932277456e+00
3.133950676993227091e+01
1.555096676993227334e+01
6.077842769932278344e+00
4.498988769932278586e+00
9.235550769932277859e+00
2.818179876993227850e+01
-1.286840523006772230e+01
2.186638276993227592e+01
-4.974135230067719959e+00
2.818179876993227850e+01
1.712982076993227309e+01
1.712982076993228020e+01
1.081440476993227406e+01
-1.816427230067721776e+00
1.397211276993227713e+01
1.081440476993227762e+01
1.712982076993227665e+01
1.239325876993227737e+01
9.235550769932277859e+00
7.656696769932279878e+00
1.870867476993227996e+01
2.186638276993227947e+01
2.920134769932277052e+00
3.449721476993227753e+01
1.239325876993227737e+01
1.081440476993227584e+01
2.920134769932278829e+00
1.712982076993227665e+01
4.498988769932278586e+00
9.235550769932277859e+00
1.555096676993227867e+01
6.077842769932276568e+00
2.660294476993227875e+01
9.235550769932274306e+00
3.291836076993227778e+01
9.235550769932277859e+00
-2.375732300677242392e-01
2.186638276993227947e+01
2.028752876993227261e+01
2.186638276993227592e+01
2.186638276993227592e+01
9.235550769932279636e+00
2.502409076993227544e+01
6.077842769932277456e+00
1.081440476993227762e+01
1.239325876993227737e+01
1.397211276993227713e+01
-2.375732300677206865e-01
3.133950676993227091e+01
1.341280769932277295e+00
1.712982076993228020e+01
2.920134769932278829e+00
-4.974135230067719959e+00
1.081440476993227762e+01
-4.974135230067719959e+00
-2.375732300677224629e-01
-1.816427230067721776e+00
9.235550769932277859e+00
6.077842769932278344e+00
9.235550769932277859e+00
7.656696769932276325e+00
2.502409076993227544e+01
3.133950676993227802e+01
1.341280769932279071e+00
4.498988769932278586e+00
-2.375732300677224629e-01
2.028752876993227616e+01
2.028752876993227616e+01
7.656696769932274549e+00
2.502409076993227899e+01
-8.131843230067719475e+00
1.555096676993227689e+01
1.081440476993227939e+01
2.344523676993227923e+01
2.028752876993227972e+01
-3.395281230067721978e+00
-2.375732300677189102e-01
2.920134769932278829e+00
3.449721476993227043e+01
1.555096676993227867e+01
1.081440476993227584e+01
1.341280769932279071e+00
1.081440476993227762e+01
1.870867476993227640e+01
1.081440476993227939e+01
1.870867476993227640e+01
-3.395281230067720202e+00
2.028752876993227972e+01
1.397211276993227713e+01
2.818179876993227140e+01
2.502409076993227899e+01
2.186638276993227947e+01
1.870867476993227640e+01
-4.974135230067721736e+00
2.344523676993227213e+01
-8.131843230067723027e+00
9.235550769932277859e+00
1.341280769932279071e+00
1.239325876993227915e+01
4.498988769932276810e+00
7.656696769932278102e+00
1.555096676993227867e+01
2.028752876993227616e+01
3.133950676993227091e+01
-4.974135230067719959e+00
-3.395281230067720202e+00
-1.286840523006772052e+01
2.186638276993227947e+01
9.235550769932277859e+00
7.656696769932279878e+00
3.291836076993227778e+01
-8.131843230067719475e+00
2.186638276993227947e+01
2.028752876993227972e+01
1.712982076993227665e+01
7.656696769932276325e+00
6.077842769932278344e+00
1.870867476993227996e+01
-2.375732300677224629e-01
1.555096676993227689e+01
2.186638276993227947e+01
3.765492276993227705e+01
1.239325876993227737e+01
2.818179876993227850e+01
1.712982076993227309e+01
4.498988769932276810e+00
-2.375732300677224629e-01
1.397211276993227891e+01
2.344523676993227568e+01
9.235550769932279636e+00
1.081440476993227406e+01
2.344523676993227568e+01
-2.375732300677206865e-01
2.502409076993227899e+01
1.081440476993227406e+01
1.712982076993228020e+01
4.498988769932278586e+00
1.081440476993227406e+01
2.028752876993227972e+01
1.555096676993227867e+01
2.660294476993227164e+01
4.498988769932278586e+00
2.502409076993227188e+01
4.498988769932278586e+00
9.235550769932277859e+00
1.239325876993227737e+01
2.186638276993227947e+01
9.235550769932277859e+00
6.077842769932276568e+00
6.077842769932277456e+00
1.555096676993227334e+01
1.081440476993227939e+01
-9.710697230067719232e+00
9.235550769932276083e+00
3.133950676993227802e+01
2.818179876993227850e+01
-2.375732300677189102e-01
-6.552989230067721493e+00
1.397211276993227713e+01
1.555096676993227689e+01
1.081440476993227406e+01
1.712982076993227665e+01
-6.552989230067719717e+00
3.449721476993227753e+01
1.341280769932279071e+00
1.341280769932277295e+00
7.656696769932278102e+00
2.186638276993227592e+01
-8.131843230067723027e+00
6.077842769932280120e+00
2.818179876993227850e+01
9.235550769932276083e+00
4.498988769932278586e+00
9.235550769932276083e+00
4.498988769932278586e+00
1.555096676993227867e+01
-3.395281230067720202e+00
7.656696769932278990e+00
2.920134769932280605e+00
1.397211276993227713e+01
9.235550769932277859e+00
2.028752876993227616e+01
4.397033876993227608e+01
1.555096676993227689e+01
7.656696769932278102e+00
2.818179876993227850e+01
2.186638276993227947e+01
4.498988769932278586e+00
2.660294476993227875e+01
2.976065276993227471e+01
2.028752876993227261e+01
1.239325876993227737e+01
1.870867476993227640e+01
2.344523676993227923e+01
1.341280769932273742e+00
4.081263076993227656e+01
1.712982076993227665e+01
2.028752876993227616e+01
3.133950676993227802e+01
7.656696769932278102e+00
1.712982076993227665e+01
2.920134769932278829e+00
-4.974135230067721736e+00
3.607606876993227729e+01
1.239325876993227737e+01
-1.816427230067722220e+00
2.186638276993227237e+01
4.498988769932278586e+00
2.502409076993227544e+01
1.712982076993227665e+01
4.498988769932278586e+00
2.186638276993227237e+01
-1.816427230067720444e+00
1.397211276993227713e+01
1.712982076993227665e+01
1.397211276993227713e+01
7.656696769932278102e+00
9.235550769932279636e+00
-1.816427230067722220e+00
2.818179876993227140e+01
2.028752876993227972e+01
4.498988769932277698e+00
1.239325876993227382e+01
1.712982076993228020e+01
1.712982076993227665e+01
1.712982076993227665e+01
4.498988769932277698e+00
1.555096676993227689e+01
1.397211276993227713e+01
1.239325876993227737e+01
1.870867476993227640e+01
1.555096676993227689e+01
-1.444725923006772028e+01
1.397211276993227713e+01
1.555096676993227867e+01
1.341280769932279071e+00
1.712982076993227665e+01
7.656696769932276325e+00
2.976065276993227826e+01
7.656696769932278102e+00
4.498988769932278586e+00
1.712982076993228020e+01
-3.395281230067721978e+00
1.397211276993227713e+01
6.077842769932280120e+00
1.397211276993227713e+01
9.235550769932274306e+00
1.081440476993227939e+01
9.235550769932279636e+00
1.081440476993227584e+01
2.818179876993227850e+01
7.656696769932278102e+00
-1.816427230067720444e+00
1.397211276993227891e+01
2.186638276993227237e+01
1.397211276993227891e+01
1.555096676993227689e+01
1.870867476993227640e+01
4.498988769932278586e+00
9.235550769932277859e+00
1.081440476993227762e+01
3.765492276993226994e+01
2.186638276993227947e+01
7.656696769932278102e+00
2.660294476993227875e+01
2.920134769932278829e+00
1.397211276993227891e+01
1.239325876993227737e+01
1.397211276993227891e+01
2.502409076993227188e+01
4.498988769932278586e+00
2.028752876993227616e+01
1.081440476993227406e+01
3.291836076993227778e+01
1.712982076993227665e+01
2.502409076993227188e+01
9.235550769932277859e+00
2.344523676993227923e+01
4.712804676993227559e+01
3.133950676993227091e+01
3.449721476993227753e+01
9.235550769932274306e+00
1.239325876993227737e+01
1.870867476993227285e+01
4.498988769932278586e+00
-1.816427230067718668e+00
6.077842769932276568e+00
6.077842769932277456e+00
-9.710697230067719232e+00
2.660294476993227875e+01
2.818179876993227140e+01
-6.552989230067721493e+00
-1.128955123006771899e+01
2.186638276993227237e+01
1.081440476993227939e+01
9.235550769932277859e+00
-1.286840523006772230e+01
1.870867476993227996e+01
1.341280769932280847e+00
4.498988769932278586e+00
2.660294476993227875e+01
2.186638276993227947e+01
1.397211276993227713e+01
-6.552989230067719717e+00
1.555096676993227689e+01
2.344523676993227923e+01
1.712982076993227665e+01
2.920134769932278829e+00
2.344523676993227568e+01
2.920134769932278829e+00
6.077842769932278344e+00
3.449721476993227753e+01
7.656696769932278102e+00
1.870867476993227640e+01
1.341280769932280847e+00
1.239325876993227737e+01
1.712982076993227309e+01
1.239325876993227915e+01
2.344523676993227568e+01
2.344523676993227213e+01
1.555096676993227867e+01
2.660294476993227519e+01
6.077842769932278344e+00
-4.974135230067721736e+00
2.186638276993227947e+01
9.235550769932276083e+00
2.818179876993227850e+01
3.765492276993226994e+01
1.239325876993227737e+01
1.870867476993227996e+01
1.712982076993228020e+01
3.449721476993227043e+01
2.818179876993227850e+01
2.186638276993227592e+01
1.870867476993227640e+01
1.870867476993227996e+01
2.028752876993227261e+01
2.818179876993227850e+01
2.920134769932278829e+00
1.712982076993227665e+01
1.081440476993227762e+01
1.712982076993227665e+01
1.870867476993227996e+01
1.870867476993227640e+01
2.976065276993227826e+01
3.133950676993227447e+01
1.712982076993227665e+01
2.344523676993227568e+01
1.239325876993227737e+01
1.555096676993227334e+01
2.818179876993227850e+01
1.555096676993227867e+01
9.235550769932277859e+00
3.923377676993226970e+01
3.923377676993226970e+01
1.712982076993227665e+01
2.344523676993227568e+01
1.397211276993227713e+01
2.976065276993227116e+01
2.660294476993227519e+01
-8.131843230067719475e+00
2.502409076993227899e+01
2.818179876993227140e+01
2.344523676993227568e+01
2.920134769932278829e+00
2.818179876993227495e+01
3.133950676993227091e+01
2.028752876993227616e+01
2.976065276993227471e+01
-1.286840523006772052e+01
2.344523676993227213e+01
1.239325876993227737e+01
1.555096676993227689e+01
2.976065276993227116e+01
2.186638276993227592e+01
4.712804676993226849e+01
-1.816427230067722220e+00
2.502409076993227188e+01
9.235550769932274306e+00
3.923377676993226970e+01
2.186638276993227592e+01
1.870867476993227996e+01
1.870867476993227640e+01
2.186638276993227592e+01
2.186638276993227592e+01
1.555096676993227689e+01
2.028752876993227616e+01
1.870867476993227640e+01
2.976065276993227826e+01
2.818179876993227495e+01
1.239325876993227382e+01
2.660294476993227519e+01
1.341280769932279071e+00
1.712982076993227309e+01
1.397211276993227180e+01
3.449721476993227753e+01
1.555096676993227867e+01
2.502409076993227188e+01
1.081440476993227762e+01
9.235550769932276083e+00
1.081440476993227939e+01
3.133950676993227802e+01
3.133950676993227802e+01
1.555096676993227689e+01
2.186638276993227947e+01
1.712982076993227665e+01
4.498988769932278586e+00
1.397211276993227713e+01
7.656696769932278102e+00
1.870867476993227640e+01
2.818179876993227495e+01
2.028752876993227616e+01
3.449721476993227043e+01
2.660294476993227164e+01
3.291836076993227067e+01
2.344523676993227568e+01
9.235550769932277859e+00
1.712982076993227665e+01
2.976065276993227116e+01
2.920134769932278829e+00
3.607606876993227019e+01
1.555096676993227867e+01
2.186638276993227592e+01
7.656696769932274549e+00
2.028752876993227616e+01
1.397211276993227891e+01
1.397211276993227713e+01
4.498988769932278586e+00
6.077842769932280120e+00
1.081440476993227762e+01
1.239325876993227915e+01
1.555096676993227867e+01
2.028752876993227616e+01
9.235550769932277859e+00
1.397211276993227713e+01
1.081440476993227939e+01
1.870867476993227285e+01
7.656696769932278102e+00
-3.395281230067720202e+00
1.341280769932275518e+00
-1.128955123006771899e+01
1.555096676993227689e+01
1.239325876993227205e+01
1.555096676993227689e+01
1.081440476993227939e+01
1.397211276993227713e+01
-2.375732300677242392e-01
1.870867476993227996e+01
1.397211276993227891e+01
2.502409076993227899e+01
1.397211276993227891e+01
1.555096676993227334e+01
3.765492276993226994e+01
-1.816427230067722220e+00
4.498988769932277698e+00
2.186638276993227592e+01
1.555096676993227867e+01
-4.974135230067719959e+00
2.660294476993227164e+01
7.656696769932278102e+00
2.028752876993227616e+01
6.077842769932276568e+00
2.344523676993227213e+01
-3.395281230067721534e+00
1.712982076993227665e+01
1.239325876993227737e+01
-1.816427230067721554e+00
1.712982076993227665e+01
1.712982076993227665e+01
1.239325876993227737e+01
1.712982076993228020e+01
1.870867476993227640e+01
1.081440476993227762e+01
1.397211276993227713e+01
1.555096676993227867e+01
1.341280769932277295e+00
2.818179876993227850e+01
9.235550769932277859e+00
2.344523676993227213e+01
1.239325876993227560e+01
1.555096676993227867e+01
2.186638276993227592e+01
6.077842769932278344e+00
9.235550769932276083e+00
9.235550769932279636e+00
1.239325876993227737e+01
9.235550769932277859e+00
3.291836076993227778e+01
1.239325876993227382e+01
3.449721476993227043e+01
4.498988769932278586e+00
1.081440476993227762e+01
2.028752876993227616e+01
1.712982076993227309e+01
2.502409076993227544e+01
1.870867476993227640e+01
1.555096676993227867e+01
1.397211276993227536e+01
3.291836076993227778e+01
2.660294476993227519e+01
2.976065276993227116e+01
2.186638276993227592e+01
9.235550769932279636e+00
2.660294476993227875e+01
6.077842769932278344e+00
2.976065276993227471e+01
1.555096676993227689e+01
9.235550769932279636e+00
3.449721476993227753e+01
1.870867476993227996e+01
2.818179876993227495e+01
6.077842769932278344e+00
2.502409076993227544e+01
2.028752876993227616e+01
2.976065276993227116e+01
-1.816427230067718668e+00
9.235550769932279636e+00
1.870867476993227640e+01
6.077842769932280120e+00
2.660294476993227519e+01
1.081440476993227762e+01
2.028752876993227616e+01
1.712982076993227665e+01
2.344523676993227213e+01
9.235550769932277859e+00
2.660294476993227164e+01
3.449721476993227043e+01
1.712982076993228020e+01
2.660294476993227519e+01
1.239325876993227737e+01
1.712982076993227665e+01
2.344523676993227568e+01
2.028752876993227616e+01
1.870867476993227640e+01
-1.816427230067722220e+00
2.028752876993227972e+01
1.712982076993228020e+01
2.660294476993227875e+01
-2.375732300677224629e-01
1.341280769932279071e+00
3.607606876993227729e+01
2.502409076993227544e+01
2.976065276993227826e+01
2.186638276993227592e+01
2.818179876993227140e+01
1.239325876993227915e+01
7.656696769932276325e+00
2.976065276993227116e+01
2.186638276993227592e+01
2.344523676993227568e+01
7.656696769932278990e+00
4.081263076993226946e+01
2.028752876993227616e+01
2.502409076993227899e+01
9.235550769932279636e+00
-1.602611323006772182e+01
7.656696769932278102e+00
2.818179876993227850e+01
2.344523676993227568e+01
3.133950676993227802e+01
1.397211276993227713e+01
-1.128955123006772077e+01
2.920134769932273500e+00
2.502409076993227899e+01
-8.131843230067719475e+00
2.344523676993227923e+01
9.235550769932277859e+00
2.028752876993227261e+01
-9.710697230067722785e+00
2.344523676993227923e+01
2.186638276993227947e+01
1.081440476993227762e+01
2.186638276993227237e+01
-9.710697230067722785e+00
1.081440476993227762e+01
-1.816427230067722220e+00
1.870867476993227640e+01
1.870867476993227640e+01
6.077842769932276568e+00
1.239325876993227737e+01
1.712982076993228020e+01
2.976065276993227471e+01
1.239325876993227382e+01
3.449721476993227043e+01
1.712982076993227665e+01
7.656696769932278990e+00
7.656696769932278990e+00
1.081440476993227939e+01
1.239325876993227737e+01
2.186638276993227592e+01
2.186638276993227237e+01
2.660294476993227164e+01
1.555096676993227867e+01
-3.395281230067720202e+00
2.028752876993227616e+01
2.502409076993227899e+01
1.081440476993227762e+01
1.341280769932277295e+00
1.870867476993227996e+01
2.344523676993227213e+01
-1.602611323006772182e+01
3.449721476993227753e+01
1.239325876993227737e+01
1.341280769932280847e+00
2.920134769932278829e+00
3.133950676993227802e+01
6.077842769932276568e+00
2.502409076993227899e+01
1.397211276993227536e+01
2.028752876993227972e+01
1.712982076993227309e+01
-3.395281230067721978e+00
-8.131843230067721251e+00
2.502409076993227899e+01
2.028752876993227616e+01
1.239325876993227915e+01
1.712982076993228020e+01
1.239325876993227737e+01
-1.128955123006771899e+01
1.555096676993227334e+01
1.397211276993227536e+01
7.656696769932279878e+00
1.397211276993227536e+01
1.239325876993227737e+01
-6.552989230067721493e+00
1.870867476993227996e+01
1.870867476993227285e+01
3.133950676993227802e+01
6.077842769932278344e+00
2.976065276993227116e+01
2.920134769932277941e+00
2.028752876993227616e+01
2.976065276993227826e+01
1.081440476993227939e+01
2.344523676993227568e+01
7.656696769932276325e+00
-6.552989230067719717e+00
4.498988769932278586e+00
2.818179876993227850e+01
1.397211276993227713e+01
1.870867476993227996e+01
6.077842769932276568e+00
1.081440476993227939e+01
4.498988769932278586e+00
9.235550769932279636e+00
1.081440476993227939e+01
6.077842769932276568e+00
1.081440476993227584e+01
-3.395281230067720202e+00
1.081440476993227939e+01
3.923377676993227681e+01
2.660294476993227519e+01
1.081440476993227762e+01
2.976065276993227116e+01
-2.375732300677206865e-01
2.344523676993227568e+01
1.397211276993227713e+01
2.660294476993227164e+01
1.081440476993227406e+01
-6.552989230067721493e+00
4.498988769932278586e+00
1.870867476993227285e+01
1.870867476993227640e+01
2.818179876993227140e+01
1.341280769932279515e+00
1.712982076993227665e+01
1.870867476993227285e+01
1.712982076993227665e+01
2.818179876993227495e+01
2.028752876993227616e+01
1.712982076993228020e+01
6.077842769932278344e+00
3.765492276993226994e+01
2.920134769932278385e+00
3.923377676993226970e+01
4.498988769932278586e+00
1.081440476993227939e+01
6.077842769932278344e+00
1.081440476993227762e+01
1.712982076993227665e+01
2.818179876993227850e+01
2.502409076993227544e+01
3.291836076993227778e+01
4.498988769932278586e+00
1.712982076993227665e+01
6.077842769932276568e+00
1.239325876993227915e+01
1.341280769932279071e+00
1.712982076993227309e+01
2.344523676993227213e+01
1.712982076993227665e+01
2.502409076993227188e+01
-2.375732300677189102e-01
3.291836076993227067e+01
2.502409076993227899e+01
1.870867476993227640e+01
2.028752876993227261e+01
1.870867476993227996e+01
2.920134769932278829e+00
2.186638276993227592e+01
2.028752876993227616e+01
-3.395281230067718425e+00
1.397211276993227713e+01
-8.131843230067723027e+00
7.656696769932279878e+00
4.498988769932276810e+00
2.818179876993227495e+01
1.712982076993227665e+01
4.081263076993226946e+01
1.870867476993227640e+01
2.344523676993227568e+01
6.077842769932278344e+00
1.555096676993227867e+01
4.498988769932278586e+00
2.976065276993227826e+01
1.555096676993227689e+01
1.081440476993227762e+01
6.077842769932276568e+00
-8.131843230067719475e+00
1.712982076993228020e+01
1.081440476993227762e+01
1.712982076993227665e+01
2.028752876993227616e+01
1.239325876993227737e+01
2.920134769932278829e+00
7.656696769932278102e+00
1.397211276993227713e+01
1.397211276993227713e+01
1.239325876993227915e+01
2.920134769932278829e+00
1.870867476993227640e+01
2.818179876993227140e+01
3.765492276993226994e+01
2.028752876993227261e+01
1.397211276993227713e+01
7.656696769932279878e+00
1.870867476993227640e+01
9.235550769932277859e+00
2.502409076993227899e+01
1.239325876993227382e+01
7.656696769932276325e+00
2.920134769932277052e+00
2.920134769932278385e+00
4.498988769932278586e+00
1.397211276993227713e+01
2.028752876993227972e+01
2.818179876993227140e+01
1.081440476993227939e+01
2.976065276993227826e+01
6.077842769932278344e+00
2.344523676993227923e+01
2.186638276993227592e+01
3.607606876993227019e+01
1.239325876993227737e+01
1.870867476993227640e+01
4.239148476993226922e+01
2.186638276993227947e+01
1.870867476993227640e+01
1.239325876993227737e+01
-4.974135230067719959e+00
1.555096676993227334e+01
2.502409076993227544e+01
-2.375732300677206865e-01
-1.816427230067722220e+00
1.555096676993227689e+01
2.818179876993227140e+01
4.397033876993227608e+01
1.239325876993227915e+01
1.870867476993227996e+01
1.712982076993227665e+01
1.397211276993227536e+01
9.235550769932279636e+00
1.870867476993227996e+01
-1.128955123006772254e+01
3.449721476993227753e+01
2.502409076993227899e+01
1.555096676993227867e+01
2.818179876993227140e+01
7.656696769932278102e+00
1.555096676993227689e+01
2.028752876993227972e+01
2.186638276993227592e+01
1.712982076993227309e+01
2.186638276993227592e+01
1.341280769932279071e+00
1.239325876993227915e+01
2.186638276993227592e+01
2.344523676993227568e+01
4.498988769932278586e+00
2.502409076993227544e+01
2.344523676993227923e+01
7.656696769932278102e+00
7.656696769932278102e+00
2.502409076993227544e+01
1.341280769932275518e+00
1.870867476993227640e+01
1.341280769932277295e+00
1.555096676993227867e+01
-2.375732300677206865e-01
1.239325876993227737e+01
2.028752876993227261e+01
2.186638276993227592e+01
1.870867476993227640e+01
4.498988769932278586e+00
1.555096676993227689e+01
3.291836076993227778e+01
4.498988769932278586e+00
2.344523676993227568e+01
2.028752876993227616e+01
1.239325876993227737e+01
1.870867476993227285e+01
1.555096676993227334e+01
4.498988769932278586e+00
3.765492276993226994e+01
4.498988769932278586e+00
2.186638276993227947e+01
9.235550769932279636e+00
1.397211276993227713e+01
-2.375732300677224629e-01
1.081440476993227762e+01
6.077842769932278344e+00
4.498988769932278586e+00
2.502409076993227544e+01
1.397211276993227891e+01
3.133950676993227802e+01
1.712982076993228020e+01
-3.395281230067720202e+00
2.186638276993227947e+01
4.498988769932278586e+00
2.344523676993227568e+01
1.397211276993227536e+01
9.235550769932277859e+00
2.920134769932273500e+00
2.920134769932278829e+00
2.186638276993227237e+01
2.028752876993227972e+01
2.186638276993227592e+01
2.502409076993227188e+01
1.341280769932277295e+00
6.077842769932278344e+00
3.923377676993227681e+01
9.235550769932276083e+00
1.081440476993227762e+01
9.235550769932277859e+00
2.186638276993227237e+01
2.502409076993227899e+01
1.081440476993227762e+01
2.028752876993227616e+01
1.555096676993227689e+01
1.239325876993227737e+01
1.712982076993227309e+01
1.555096676993227689e+01
1.555096676993227511e+01
7.656696769932279878e+00
2.976065276993227826e+01
2.660294476993227164e+01
1.341280769932273742e+00
1.341280769932279071e+00
-1.816427230067718668e+00
3.765492276993226994e+01
1.397211276993227358e+01
2.660294476993227875e+01
2.660294476993227875e+01
1.341280769932280847e+00
2.818179876993227850e+01
1.397211276993227891e+01
3.607606876993227019e+01
2.028752876993227972e+01
2.976065276993227116e+01
2.920134769932277052e+00
2.502409076993227899e+01
-2.375732300677224629e-01
2.186638276993227592e+01
7.656696769932278102e+00
2.660294476993227519e+01
1.712982076993227665e+01
3.133950676993227091e+01
2.344523676993227923e+01
2.502409076993227899e+01
1.081440476993227762e+01
4.498988769932278586e+00
1.555096676993227334e+01
2.818179876993227140e+01
9.235550769932277859e+00
2.186638276993227592e+01
1.341280769932280847e+00
-2.375732300677224629e-01
2.028752876993227616e+01
6.077842769932276568e+00
2.920134769932278829e+00
1.081440476993227762e+01
2.344523676993227923e+01
2.920134769932277052e+00
1.870867476993227640e+01
2.502409076993227188e+01
2.502409076993227544e+01
2.186638276993227592e+01
7.656696769932277213e+00
2.028752876993227616e+01
-6.552989230067719717e+00
2.660294476993227875e+01
1.081440476993227762e+01
4.397033876993227608e+01
1.712982076993227309e+01
2.028752876993227616e+01
2.976065276993227826e+01
9.235550769932277859e+00
2.976065276993227826e+01
2.186638276993227592e+01
1.870867476993227285e+01
6.077842769932276568e+00
1.081440476993227939e+01
3.449721476993227043e+01
-4.974135230067719959e+00
7.656696769932276325e+00
9.235550769932277859e+00
3.291836076993227067e+01
6.077842769932278344e+00
1.239325876993227382e+01
2.818179876993227850e+01
1.239325876993227737e+01
3.765492276993226994e+01
2.028752876993227616e+01
2.186638276993227592e+01
4.498988769932277698e+00
2.186638276993227947e+01
7.656696769932279878e+00
-8.131843230067721251e+00
2.028752876993227261e+01
1.081440476993227762e+01
1.239325876993227915e+01
1.870867476993227285e+01
9.235550769932279636e+00
1.555096676993227689e+01
1.712982076993227665e+01
2.028752876993227972e+01
1.081440476993227406e+01
-1.816427230067722220e+00
7.656696769932278102e+00
1.239325876993227737e+01
1.239325876993227737e+01
1.555096676993227689e+01
3.291836076993227778e+01
1.081440476993227939e+01
3.607606876993227729e+01
2.818179876993227850e+01
3.133950676993227802e+01
-2.375732300677224629e-01
1.239325876993227737e+01
1.239325876993227737e+01
1.555096676993227867e+01
3.923377676993226970e+01
1.712982076993228020e+01
2.186638276993227592e+01
2.660294476993227519e+01
1.239325876993227737e+01
6.077842769932278344e+00
1.239325876993227737e+01
2.660294476993227164e+01
-1.286840523006772230e+01
1.712982076993227309e+01
-4.974135230067719959e+00
3.133950676993227802e+01
1.712982076993227665e+01
2.920134769932278385e+00
1.712982076993227309e+01
2.028752876993227261e+01
2.660294476993227875e+01
1.081440476993227762e+01
3.133950676993227802e+01
2.660294476993227875e+01
2.976065276993227826e+01
-1.816427230067722220e+00
1.555096676993227867e+01
1.239325876993227915e+01
6.077842769932278344e+00
4.554919276993227584e+01
3.291836076993227067e+01
1.870867476993227640e+01
3.291836076993227778e+01
3.923377676993227681e+01
9.235550769932277859e+00
-2.375732300677206865e-01
3.607606876993227019e+01
2.344523676993227568e+01
3.765492276993227705e+01
9.235550769932276083e+00
2.660294476993227875e+01
1.712982076993227665e+01
4.498988769932278586e+00
2.344523676993227923e+01
4.498988769932278586e+00
1.239325876993227915e+01
-3.395281230067720202e+00
2.028752876993227261e+01
1.712982076993227665e+01
2.920134769932278829e+00
3.291836076993227778e+01
4.498988769932278586e+00
3.133950676993227802e+01
-1.816427230067722220e+00
2.818179876993227495e+01
9.235550769932277859e+00
2.032549496265946942e+01
2.934672369626595128e+02
4.558715896265945844e+01
2.664091096265947556e+01
4.558715896265945844e+01
6.611226096265947660e+01
7.084882296265945456e+01
7.716423896265945359e+01
6.769111496265946926e+01
6.769111496265946926e+01
6.926996896265947612e+01
7.242767696265944721e+01
7.242767696265946142e+01
4.716601296265947951e+01
6.295455296265946288e+01
5.979684496265946336e+01
5.663913696265946385e+01
5.663913696265946385e+01
6.926996896265944770e+01
3.611403496265947410e+01
4.716601296265946530e+01
5.190257496265945747e+01
4.716601296265946530e+01
3.769288896265948097e+01
4.085059696265946627e+01
4.085059696265946627e+01
5.032372096265947903e+01
5.348142896265947854e+01
5.979684496265946336e+01
4.558715896265947265e+01
3.453518096265946724e+01
3.453518096265948145e+01
5.190257496265945747e+01
5.348142896265946433e+01
5.348142896265946433e+01
7.400653096265946829e+01
3.769288896265948097e+01
7.242767696265944721e+01
3.611403496265947410e+01
4.716601296265947951e+01
3.295632696265947459e+01
3.137747296265947128e+01
5.663913696265946385e+01
3.611403496265947410e+01
5.032372096265946482e+01
4.558715896265945844e+01
7.084882296265945456e+01
3.611403496265947410e+01
4.085059696265948048e+01
3.611403496265947410e+01
4.558715896265947265e+01
4.242945096265947313e+01
5.348142896265946433e+01
5.663913696265946385e+01
5.821799096265947071e+01
5.348142896265947854e+01
5.979684496265947757e+01
4.085059696265948048e+01
5.979684496265946336e+01
3.453518096265948145e+01
6.926996896265946191e+01
5.032372096265947192e+01
4.716601296265946530e+01
5.190257496265947168e+01
5.821799096265945650e+01
4.874486696265947216e+01
3.927174296265947362e+01
5.821799096265945650e+01
5.663913696265946385e+01
7.716423896265946780e+01
4.085059696265946627e+01
4.242945096265945892e+01
5.506028296265948541e+01
4.558715896265945844e+01
6.295455296265947709e+01
5.506028296265947120e+01
5.348142896265947854e+01
5.663913696265947806e+01
4.874486696265947216e+01
5.821799096265945650e+01
5.821799096265947071e+01
4.874486696265945795e+01
4.400830496265946579e+01
6.453340696265945553e+01
5.348142896265947854e+01
3.611403496265947410e+01
5.032372096265947903e+01
5.821799096265947071e+01
5.821799096265947071e+01
4.558715896265945844e+01
4.874486696265947216e+01
4.242945096265947313e+01
5.190257496265945747e+01
4.874486696265947216e+01
5.190257496265945747e+01
5.190257496265947168e+01
4.716601296265946530e+01
6.295455296265947709e+01
5.190257496265947168e+01
5.979684496265946336e+01
6.137569896265947023e+01
4.242945096265947313e+01
4.874486696265947216e+01
4.400830496265946579e+01
4.242945096265947313e+01
5.348142896265946433e+01
5.348142896265946433e+01
4.085059696265948048e+01
5.348142896265946433e+01
5.190257496265947168e+01
5.032372096265947903e+01
4.558715896265945844e+01
3.769288896265946676e+01
5.348142896265947854e+01
5.979684496265946336e+01
6.295455296265946288e+01
4.874486696265947216e+01
5.821799096265945650e+01
5.663913696265947806e+01
4.716601296265946530e+01
5.348142896265947854e+01
6.137569896265947023e+01
3.927174296265947362e+01
4.558715896265947265e+01
5.821799096265947071e+01
4.242945096265947313e+01
4.242945096265945892e+01
3.295632696265947459e+01
4.085059696265946627e+01
6.295455296265946288e+01
4.085059696265948048e+01
3.769288896265948097e+01
5.979684496265946336e+01
5.663913696265947806e+01
4.716601296265947951e+01
4.716601296265947951e+01
4.874486696265947216e+01
5.663913696265946385e+01
4.716601296265946530e+01
4.874486696265947216e+01
5.032372096265947903e+01
3.927174296265947362e+01
4.716601296265946530e+01
4.558715896265947265e+01
4.400830496265946579e+01
5.506028296265947120e+01
5.348142896265946433e+01
5.821799096265947782e+01
3.295632696265947459e+01
6.295455296265946288e+01
5.032372096265947903e+01
6.137569896265945601e+01
5.032372096265946482e+01
3.295632696265947459e+01
5.032372096265947903e+01
4.558715896265947265e+01
5.348142896265946433e+01
5.032372096265946482e+01
5.821799096265945650e+01
5.348142896265947854e+01
4.558715896265947265e+01
6.137569896265947023e+01
3.769288896265946676e+01
4.874486696265947216e+01
5.032372096265946482e+01
4.085059696265948048e+01
5.663913696265947095e+01
4.716601296265946530e+01
5.979684496265946336e+01
5.032372096265947903e+01
3.137747296265947128e+01
5.821799096265947071e+01
5.348142896265946433e+01
5.348142896265946433e+01
4.558715896265945844e+01
4.085059696265946627e+01
6.295455296265946288e+01
4.558715896265945844e+01
3.927174296265947362e+01
5.506028296265947120e+01
6.295455296265946998e+01
5.348142896265947854e+01
5.348142896265946433e+01
4.874486696265947216e+01
5.348142896265946433e+01
5.506028296265945698e+01
5.821799096265948492e+01
4.874486696265947216e+01
4.874486696265947216e+01
3.611403496265947410e+01
3.611403496265947410e+01
2.979861896265947863e+01
3.769288896265948097e+01
4.716601296265946530e+01
5.032372096265946482e+01
4.085059696265948048e+01
3.137747296265947128e+01
3.927174296265947362e+01
5.190257496265948589e+01
4.242945096265947313e+01
3.927174296265947362e+01
5.506028296265947120e+01
5.348142896265946433e+01
5.348142896265946433e+01
4.558715896265947265e+01
4.242945096265947313e+01
4.085059696265946627e+01
4.558715896265947265e+01
4.400830496265948000e+01
4.716601296265946530e+01
4.558715896265947265e+01
6.769111496265945505e+01
4.242945096265947313e+01
4.400830496265946579e+01
5.348142896265946433e+01
5.032372096265946482e+01
4.242945096265947313e+01
5.190257496265947168e+01
4.874486696265947216e+01
7.242767696265947563e+01
4.558715896265945844e+01
5.348142896265946433e+01
3.611403496265947410e+01
4.558715896265947265e+01
5.032372096265946482e+01
5.979684496265947047e+01
3.769288896265948097e+01
5.821799096265947071e+01
7.242767696265947563e+01
4.558715896265945844e+01
4.400830496265948000e+01
4.558715896265947265e+01
5.190257496265947168e+01
4.558715896265945844e+01
4.085059696265948048e+01
5.348142896265946433e+01
6.137569896265947023e+01
5.821799096265947071e+01
4.716601296265946530e+01
5.190257496265947168e+01
7.400653096265948250e+01
5.348142896265947854e+01
4.716601296265946530e+01
5.348142896265946433e+01
5.979684496265946336e+01
4.716601296265946530e+01
4.400830496265946579e+01
6.926996896265947612e+01
4.558715896265945844e+01
4.400830496265946579e+01
6.611226096265947660e+01
6.611226096265946239e+01
4.716601296265946530e+01
6.453340696265945553e+01
4.242945096265947313e+01
6.137569896265947023e+01
4.874486696265945795e+01
6.137569896265945601e+01
5.032372096265946482e+01
3.611403496265947410e+01
6.295455296265947709e+01
5.821799096265947071e+01
5.190257496265948589e+01
7.400653096265946829e+01
5.190257496265947168e+01
3.611403496265947410e+01
5.032372096265947903e+01
5.032372096265946482e+01
5.821799096265945650e+01
7.242767696265946142e+01
4.558715896265947265e+01
4.558715896265947265e+01
5.032372096265946482e+01
5.190257496265947168e+01
5.821799096265947071e+01
5.506028296265945698e+01
7.084882296265946877e+01
4.874486696265947216e+01
4.874486696265947216e+01
4.716601296265946530e+01
3.769288896265948097e+01
6.453340696265946974e+01
3.927174296265947362e+01
4.558715896265947265e+01
5.190257496265945747e+01
5.663913696265947806e+01
4.400830496265948000e+01
5.190257496265948589e+01
5.190257496265945747e+01
5.506028296265945698e+01
4.242945096265947313e+01
5.821799096265947071e+01
5.821799096265947071e+01
5.821799096265945650e+01
4.716601296265947951e+01
4.400830496265946579e+01
4.085059696265946627e+01
4.716601296265946530e+01
4.400830496265948000e+01
4.716601296265946530e+01
3.453518096265948145e+01
4.085059696265946627e+01
5.663913696265946385e+01
3.453518096265946724e+01
3.927174296265947362e+01
1.558893296265945949e+01
4.400830496265946579e+01
2.190434896265947984e+01
7.242767696265946142e+01
4.558715896265947265e+01
4.242945096265947313e+01
5.032372096265947903e+01
4.242945096265947313e+01
5.190257496265947168e+01
4.558715896265947265e+01
5.348142896265947854e+01
6.453340696265946974e+01
5.663913696265946385e+01
5.821799096265945650e+01
4.874486696265945795e+01
8.032194696265946732e+01
4.242945096265947313e+01
6.769111496265946926e+01
4.716601296265947951e+01
5.506028296265948541e+01
5.190257496265947168e+01
1.558893296265946660e+01
7.084882296265946877e+01
5.663913696265946385e+01
8.032194696265946732e+01
5.348142896265946433e+01
4.716601296265946530e+01
4.400830496265946579e+01
4.716601296265947951e+01
6.611226096265947660e+01
4.716601296265947951e+01
7.084882296265945456e+01
3.769288896265946676e+01
4.400830496265948000e+01
2.032549496265947298e+01
5.190257496265948589e+01
4.242945096265947313e+01
5.348142896265946433e+01
6.137569896265947023e+01
6.611226096265946239e+01
5.190257496265945747e+01
4.874486696265947216e+01
3.927174296265947362e+01
4.400830496265948000e+01
4.242945096265947313e+01
3.927174296265947362e+01
4.085059696265946627e+01
5.979684496265946336e+01
3.295632696265947459e+01
4.874486696265945795e+01
3.769288896265946676e+01
6.926996896265946191e+01
6.295455296265947709e+01
4.558715896265947265e+01
4.874486696265947216e+01
3.769288896265948097e+01
5.821799096265948492e+01
3.611403496265947410e+01
5.663913696265947806e+01
2.979861896265947152e+01
3.295632696265947459e+01
6.453340696265946974e+01
3.611403496265947410e+01
4.400830496265946579e+01
4.085059696265948048e+01
5.979684496265946336e+01
6.611226096265946239e+01
5.663913696265947806e+01
5.821799096265947071e+01
5.032372096265946482e+01
5.190257496265945747e+01
4.558715896265945844e+01
5.348142896265946433e+01
4.085059696265946627e+01
5.663913696265946385e+01
4.874486696265947216e+01
4.874486696265948638e+01
6.926996896265947612e+01
4.400830496265946579e+01
5.032372096265947903e+01
5.663913696265947095e+01
6.611226096265946239e+01
3.611403496265947410e+01
5.348142896265946433e+01
4.558715896265947265e+01
6.295455296265946288e+01
3.295632696265947459e+01
2.979861896265947863e+01
6.926996896265946191e+01
5.506028296265947120e+01
5.821799096265947071e+01
4.400830496265946579e+01
5.348142896265947854e+01
5.032372096265946482e+01
5.190257496265947168e+01
6.453340696265945553e+01
4.558715896265947265e+01
6.769111496265946926e+01
5.821799096265947071e+01
5.979684496265947757e+01
5.979684496265946336e+01
4.085059696265948048e+01
6.295455296265946288e+01
4.874486696265945795e+01
4.874486696265947216e+01
3.927174296265947362e+01
6.295455296265946288e+01
3.927174296265947362e+01
5.663913696265946385e+01
5.348142896265946433e+01
4.085059696265948048e+01
4.400830496265946579e+01
4.400830496265948000e+01
6.295455296265946288e+01
2.979861896265947863e+01
4.400830496265948000e+01
5.348142896265946433e+01
3.769288896265946676e+01
6.611226096265947660e+01
4.874486696265947216e+01
5.190257496265947168e+01
3.927174296265947362e+01
4.242945096265947313e+01
3.295632696265947459e+01
5.032372096265946482e+01
6.926996896265947612e+01
5.032372096265946482e+01
4.558715896265947265e+01
5.032372096265946482e+01
5.979684496265947757e+01
3.453518096265948145e+01
3.927174296265947362e+01
7.084882296265946877e+01
4.716601296265946530e+01
5.190257496265947168e+01
5.032372096265947903e+01
6.453340696265946974e+01
6.769111496265946926e+01
5.032372096265946482e+01
2.664091096265948622e+01
4.242945096265947313e+01
5.032372096265947903e+01
4.242945096265947313e+01
5.032372096265947903e+01
4.558715896265947265e+01
5.506028296265945698e+01
4.558715896265945844e+01
4.242945096265947313e+01
5.821799096265947071e+01
3.295632696265947459e+01
6.295455296265947709e+01
5.821799096265947071e+01
5.821799096265947071e+01
3.453518096265946724e+01
8.347965496265946683e+01
5.190257496265945747e+01
4.716601296265946530e+01
5.506028296265947120e+01
3.927174296265945941e+01
5.979684496265946336e+01
6.453340696265946974e+01
5.190257496265947168e+01
5.032372096265946482e+01
4.874486696265947216e+01
5.663913696265946385e+01
6.611226096265946239e+01
5.348142896265946433e+01
6.611226096265946239e+01
5.190257496265947168e+01
3.927174296265947362e+01
5.032372096265946482e+01
4.874486696265947216e+01
5.979684496265946336e+01
4.874486696265947216e+01
5.032372096265946482e+01
4.085059696265948048e+01
4.558715896265947265e+01
3.769288896265948097e+01
6.769111496265946926e+01
3.611403496265947410e+01
4.085059696265948048e+01
5.821799096265945650e+01
7.716423896265948201e+01
5.190257496265945747e+01
5.663913696265946385e+01
5.032372096265946482e+01
4.558715896265947265e+01
3.927174296265945941e+01
3.611403496265947410e+01
6.295455296265946288e+01
3.769288896265946676e+01
4.085059696265946627e+01
5.032372096265946482e+01
6.611226096265946239e+01
4.242945096265947313e+01
4.400830496265948000e+01
5.032372096265946482e+01
3.611403496265947410e+01
4.242945096265947313e+01
3.137747296265947838e+01
5.821799096265947071e+01
4.874486696265947216e+01
5.506028296265947120e+01
5.663913696265947806e+01
5.663913696265947806e+01
3.927174296265947362e+01
5.506028296265945698e+01
4.242945096265945892e+01
5.663913696265946385e+01
3.137747296265947838e+01
3.137747296265947128e+01
4.716601296265946530e+01
5.348142896265947854e+01
6.769111496265946926e+01
4.242945096265947313e+01
5.032372096265946482e+01
5.190257496265947168e+01
4.400830496265948000e+01
6.453340696265946974e+01
3.927174296265947362e+01
5.190257496265945747e+01
3.611403496265947410e+01
5.032372096265946482e+01
5.348142896265946433e+01
4.558715896265947265e+01
5.348142896265946433e+01
5.821799096265945650e+01
4.874486696265947216e+01
3.927174296265947362e+01
5.032372096265946482e+01
3.295632696265947459e+01
5.032372096265947903e+01
4.874486696265947216e+01
3.927174296265947362e+01
5.506028296265947120e+01
4.242945096265947313e+01
5.032372096265947903e+01
4.242945096265947313e+01
5.032372096265946482e+01
6.926996896265946191e+01
4.558715896265945844e+01
5.663913696265946385e+01
5.348142896265947854e+01
4.716601296265947951e+01
5.348142896265947854e+01
4.716601296265946530e+01
4.085059696265948048e+01
3.927174296265947362e+01
5.821799096265947071e+01
4.242945096265947313e+01
4.085059696265948048e+01
5.032372096265946482e+01
5.506028296265947120e+01
6.295455296265946288e+01
5.348142896265946433e+01
5.032372096265946482e+01
5.506028296265945698e+01
5.979684496265946336e+01
4.085059696265946627e+01
6.295455296265946288e+01
5.032372096265946482e+01
3.295632696265947459e+01
5.821799096265947071e+01
3.611403496265947410e+01
7.400653096265945408e+01
4.085059696265946627e+01
3.769288896265946676e+01
7.874309296265946045e+01
7.084882296265945456e+01
3.927174296265947362e+01
7.242767696265947563e+01
7.242767696265947563e+01
5.663913696265946385e+01
4.085059696265946627e+01
6.137569896265947023e+01
5.979684496265946336e+01
5.348142896265946433e+01
5.348142896265946433e+01
4.716601296265947951e+01
6.453340696265946974e+01
5.821799096265947071e+01
5.979684496265947757e+01
8.190080096265947418e+01
4.085059696265946627e+01
4.716601296265947951e+01
5.506028296265945698e+01
5.979684496265946336e+01
4.085059696265946627e+01
5.348142896265946433e+01
5.821799096265947071e+01
3.769288896265946676e+01
4.874486696265947216e+01
4.558715896265947265e+01
5.663913696265946385e+01
4.558715896265947265e+01
6.611226096265946239e+01
7.084882296265946877e+01
3.927174296265947362e+01
5.979684496265946336e+01
5.032372096265947903e+01
5.506028296265945698e+01
4.242945096265945892e+01
5.979684496265946336e+01
6.926996896265946191e+01
5.190257496265947168e+01
5.821799096265945650e+01
4.242945096265945892e+01
5.348142896265946433e+01
5.663913696265946385e+01
6.611226096265947660e+01
5.348142896265946433e+01
4.716601296265946530e+01
4.716601296265946530e+01
6.611226096265946239e+01
4.242945096265947313e+01
3.927174296265947362e+01
3.927174296265947362e+01
5.506028296265947120e+01
5.190257496265947168e+01
4.716601296265946530e+01
6.295455296265946288e+01
5.506028296265945698e+01
4.716601296265947951e+01
6.137569896265945601e+01
5.663913696265946385e+01
5.190257496265947168e+01
4.716601296265946530e+01
6.295455296265946288e+01
6.453340696265945553e+01
4.716601296265946530e+01
6.769111496265946926e+01
3.927174296265947362e+01
5.663913696265946385e+01
5.190257496265947168e+01
5.506028296265945698e+01
5.190257496265945747e+01
4.716601296265946530e+01
6.769111496265946926e+01
2.664091096265948977e+01
5.663913696265947806e+01
5.663913696265946385e+01
5.821799096265947071e+01
3.295632696265947459e+01
4.558715896265948686e+01
4.874486696265945795e+01
4.716601296265946530e+01
5.821799096265948492e+01
4.558715896265947265e+01
6.611226096265944818e+01
5.190257496265947168e+01
5.821799096265945650e+01
4.400830496265948000e+01
5.821799096265945650e+01
5.663913696265946385e+01
5.032372096265946482e+01
4.085059696265948048e+01
4.874486696265948638e+01
6.453340696265946974e+01
4.400830496265946579e+01
5.506028296265945698e+01
6.769111496265945505e+01
4.716601296265947951e+01
5.190257496265945747e+01
5.190257496265947168e+01
5.821799096265947071e+01
4.400830496265946579e+01
6.611226096265946239e+01
6.769111496265946926e+01
4.242945096265947313e+01
4.400830496265946579e+01
6.611226096265946239e+01
7.558538496265946094e+01
6.295455296265946288e+01
6.295455296265946288e+01
4.400830496265946579e+01
6.769111496265945505e+01
5.663913696265946385e+01
4.716601296265946530e+01
4.874486696265945795e+01
5.506028296265947120e+01
5.979684496265946336e+01
7.084882296265946877e+01
5.032372096265946482e+01
5.190257496265945747e+01
6.453340696265946974e+01
6.137569896265947023e+01
6.137569896265947023e+01
5.032372096265946482e+01
5.821799096265945650e+01
5.663913696265946385e+01
5.190257496265947168e+01
6.769111496265946926e+01
5.979684496265946336e+01
6.137569896265947023e+01
4.400830496265946579e+01
6.611226096265946239e+01
8.032194696265946732e+01
4.558715896265947265e+01
6.137569896265945601e+01
6.769111496265945505e+01
6.611226096265944818e+01
5.506028296265947120e+01
5.821799096265947071e+01
6.926996896265946191e+01
4.400830496265948000e+01
6.611226096265947660e+01
5.979684496265947757e+01
7.558538496265946094e+01
6.137569896265947023e+01
6.453340696265945553e+01
6.295455296265946288e+01
5.506028296265947120e+01
2.979861896265947152e+01
4.085059696265946627e+01
5.348142896265946433e+01
6.295455296265946998e+01
6.926996896265944770e+01
4.242945096265947313e+01
5.979684496265946336e+01
5.821799096265945650e+01
5.663913696265946385e+01
4.874486696265945795e+01
4.716601296265946530e+01
7.242767696265947563e+01
4.716601296265947951e+01
6.295455296265947709e+01
5.979684496265946336e+01
3.611403496265947410e+01
6.137569896265945601e+01
3.927174296265945941e+01
4.085059696265946627e+01
6.926996896265946191e+01
5.821799096265945650e+01
6.926996896265946191e+01
5.506028296265945698e+01
7.084882296265946877e+01
5.979684496265946336e+01
6.769111496265946926e+01
3.769288896265948097e+01
3.927174296265947362e+01
5.506028296265945698e+01
5.979684496265946336e+01
7.242767696265947563e+01
4.242945096265947313e+01
6.611226096265947660e+01
6.295455296265947709e+01
5.663913696265946385e+01
6.611226096265946239e+01
5.821799096265947071e+01
5.348142896265947854e+01
3.137747296265947128e+01
6.926996896265946191e+01
5.663913696265946385e+01
6.137569896265947023e+01
7.400653096265946829e+01
6.769111496265946926e+01
5.348142896265946433e+01
5.506028296265945698e+01
8.032194696265946732e+01
5.190257496265945747e+01
6.137569896265945601e+01
5.190257496265947168e+01
7.558538496265946094e+01
5.821799096265947071e+01
6.453340696265946974e+01
5.821799096265948492e+01
4.874486696265945795e+01
6.611226096265946239e+01
5.348142896265946433e+01
5.506028296265945698e+01
4.874486696265945795e+01
5.979684496265946336e+01
7.084882296265946877e+01
5.190257496265948589e+01
7.716423896265946780e+01
5.821799096265945650e+01
7.400653096265948250e+01
6.137569896265945601e+01
7.400653096265946829e+01
5.979684496265946336e+01
5.663913696265946385e+01
7.558538496265946094e+01
6.769111496265946926e+01
5.190257496265947168e+01
5.663913696265946385e+01
6.611226096265947660e+01
6.611226096265946239e+01
6.453340696265946974e+01
6.769111496265946926e+01
5.506028296265947120e+01
3.295632696265947459e+01
6.769111496265946926e+01
5.663913696265946385e+01
6.295455296265946288e+01
4.085059696265946627e+01
7.400653096265948250e+01
1.874664096265948388e+01
5.190257496265947168e+01
4.085059696265946627e+01
7.400653096265946829e+01
5.190257496265947168e+01
5.663913696265946385e+01
6.453340696265946974e+01
5.663913696265946385e+01
5.506028296265947120e+01
6.611226096265946239e+01
5.032372096265946482e+01
5.032372096265946482e+01
5.348142896265947854e+01
4.874486696265947216e+01
4.558715896265945844e+01
5.190257496265947168e+01
5.821799096265947071e+01
7.084882296265946877e+01
4.242945096265947313e+01
5.821799096265945650e+01
4.400830496265948000e+01
5.821799096265945650e+01
5.979684496265946336e+01
4.400830496265946579e+01
6.611226096265946239e+01
6.137569896265945601e+01
6.769111496265946926e+01
5.979684496265947757e+01
6.769111496265946926e+01
4.242945096265947313e+01
4.242945096265945892e+01
5.821799096265947071e+01
6.611226096265946239e+01
6.926996896265946191e+01
4.716601296265946530e+01
5.663913696265947806e+01
3.295632696265947459e+01
4.558715896265945844e+01
5.663913696265946385e+01
7.084882296265946877e+01
5.979684496265947757e+01
6.137569896265945601e+01
5.979684496265946336e+01
5.821799096265947071e+01
5.663913696265946385e+01
5.821799096265947071e+01
5.821799096265945650e+01
4.558715896265947265e+01
3.295632696265947459e+01
7.084882296265946877e+01
5.506028296265947120e+01
3.927174296265947362e+01
5.348142896265946433e+01
5.348142896265946433e+01
3.769288896265948097e+01
6.769111496265946926e+01
5.506028296265947120e+01
5.506028296265945698e+01
5.190257496265945747e+01
5.663913696265946385e+01
5.663913696265946385e+01
6.926996896265946191e+01
5.663913696265946385e+01
6.137569896265945601e+01
5.032372096265946482e+01
3.769288896265946676e+01
6.137569896265945601e+01
6.453340696265945553e+01
6.137569896265947023e+01
5.821799096265947071e+01
7.400653096265946829e+01
5.506028296265945698e+01
6.137569896265947023e+01
5.979684496265946336e+01
3.453518096265948145e+01
7.558538496265946094e+01
4.558715896265947265e+01
5.821799096265945650e+01
4.716601296265946530e+01
5.348142896265946433e+01
6.769111496265945505e+01
6.453340696265946974e+01
3.611403496265947410e+01
5.190257496265947168e+01
4.400830496265948000e+01
5.821799096265947071e+01
4.085059696265948048e+01
5.979684496265946336e+01
5.506028296265947120e+01
3.295632696265947459e+01
6.769111496265946926e+01
5.663913696265946385e+01
7.400653096265945408e+01
6.295455296265946288e+01
6.137569896265947023e+01
6.453340696265945553e+01
6.611226096265946239e+01
4.874486696265947216e+01
5.348142896265946433e+01
6.769111496265946926e+01
5.663913696265946385e+01
5.979684496265947757e+01
4.716601296265946530e+01
6.769111496265945505e+01
5.348142896265947854e+01
6.611226096265946239e+01
6.137569896265947023e+01
5.190257496265947168e+01
6.137569896265945601e+01
4.242945096265947313e+01
6.137569896265947023e+01
5.663913696265946385e+01
3.769288896265946676e+01
5.821799096265947071e+01
7.242767696265947563e+01
6.453340696265946974e+01
6.295455296265946288e+01
5.190257496265945747e+01
4.558715896265945844e+01
6.295455296265946288e+01
5.821799096265947071e+01
4.874486696265947216e+01
5.190257496265945747e+01
6.769111496265945505e+01
6.926996896265947612e+01
5.506028296265947120e+01
6.295455296265946288e+01
4.874486696265947216e+01
5.348142896265946433e+01
5.190257496265945747e+01
6.295455296265947709e+01
5.979684496265946336e+01
3.769288896265946676e+01
5.821799096265948492e+01
7.558538496265946094e+01
5.663913696265946385e+01
5.506028296265947120e+01
5.348142896265946433e+01
6.137569896265945601e+01
7.874309296265946045e+01
7.874309296265947467e+01
5.506028296265948541e+01
5.190257496265947168e+01
6.295455296265946288e+01
6.453340696265945553e+01
7.874309296265947467e+01
5.821799096265945650e+01
4.558715896265945844e+01
6.926996896265947612e+01
3.453518096265948145e+01
5.663913696265946385e+01
5.821799096265947071e+01
5.190257496265947168e+01
6.295455296265946288e+01
5.348142896265947854e+01
6.611226096265946239e+01
4.874486696265947216e+01
6.295455296265946288e+01
4.874486696265947216e+01
6.611226096265944818e+01
7.242767696265947563e+01
5.979684496265946336e+01
6.295455296265946288e+01
6.611226096265946239e+01
5.979684496265947047e+01
4.242945096265947313e+01
5.821799096265945650e+01
6.453340696265946974e+01
4.716601296265947951e+01
4.874486696265945795e+01
5.190257496265947168e+01
5.506028296265947120e+01
4.400830496265946579e+01
4.242945096265947313e+01
5.821799096265947071e+01
5.032372096265946482e+01
5.506028296265945698e+01
5.348142896265946433e+01
4.242945096265945892e+01
4.400830496265946579e+01
5.663913696265946385e+01
6.769111496265945505e+01
5.663913696265946385e+01
6.137569896265945601e+01
5.663913696265946385e+01
6.295455296265946288e+01
4.558715896265947265e+01
2.506205696265947225e+01
3.611403496265947410e+01
6.926996896265946191e+01
5.979684496265946336e+01
5.821799096265947071e+01
5.190257496265947168e+01
6.137569896265945601e+01
4.242945096265947313e+01
4.400830496265946579e+01
5.348142896265946433e+01
4.558715896265947265e+01
5.190257496265947168e+01
3.927174296265947362e+01
4.400830496265946579e+01
5.821799096265947071e+01
3.769288896265948097e+01
6.611226096265946239e+01
5.032372096265947903e+01
5.032372096265946482e+01
4.874486696265945795e+01
4.874486696265947216e+01
4.874486696265945795e+01
5.821799096265945650e+01
6.137569896265947023e+01
4.400830496265946579e+01
6.453340696265946974e+01
5.821799096265947071e+01
6.453340696265946974e+01
5.506028296265947120e+01
5.190257496265945747e+01
4.242945096265947313e+01
5.663913696265946385e+01
4.716601296265946530e+01
4.085059696265948048e+01
5.663913696265946385e+01
5.348142896265946433e+01
4.716601296265946530e+01
6.611226096265946239e+01
4.716601296265946530e+01
4.874486696265947216e+01
5.821799096265947071e+01
4.558715896265945844e+01
5.032372096265946482e+01
6.769111496265946926e+01
6.137569896265945601e+01
4.558715896265947265e+01
4.874486696265947216e+01
6.453340696265946974e+01
7.084882296265946877e+01
6.453340696265946974e+01
6.453340696265946974e+01
5.663913696265946385e+01
4.874486696265947216e+01
5.979684496265947757e+01
5.663913696265946385e+01
6.137569896265947023e+01
4.716601296265946530e+01
6.769111496265946926e+01
5.979684496265946336e+01
7.558538496265946094e+01
5.821799096265945650e+01
6.295455296265947709e+01
6.295455296265946288e+01
4.558715896265945844e+01
5.663913696265947806e+01
4.716601296265946530e+01
4.874486696265945795e+01
6.295455296265946288e+01
5.348142896265946433e+01
6.295455296265946288e+01
4.558715896265947265e+01
6.611226096265946239e+01
5.506028296265947120e+01
4.242945096265947313e+01
4.558715896265947265e+01
4.242945096265947313e+01
5.032372096265946482e+01
4.558715896265947265e+01
5.348142896265946433e+01
4.085059696265948048e+01
8.347965496265946683e+01
3.927174296265947362e+01
6.137569896265947023e+01
6.926996896265946191e+01
6.295455296265946288e+01
6.611226096265947660e+01
4.716601296265946530e+01
6.926996896265946191e+01
6.926996896265946191e+01
6.137569896265947023e+01
6.295455296265947709e+01
4.242945096265947313e+01
7.084882296265946877e+01
6.295455296265946288e+01
4.558715896265947265e+01
3.769288896265948097e+01
4.874486696265947216e+01
5.348142896265946433e+01
6.137569896265947023e+01
6.453340696265945553e+01
5.979684496265946336e+01
7.242767696265947563e+01
3.611403496265947410e+01
7.558538496265947515e+01
6.295455296265946288e+01
5.663913696265946385e+01
5.979684496265946336e+01
5.663913696265946385e+01
6.926996896265944770e+01
5.348142896265946433e+01
5.821799096265947071e+01
5.506028296265945698e+01
5.348142896265946433e+01
6.137569896265945601e+01
6.769111496265946926e+01
8.032194696265946732e+01
6.769111496265946926e+01
5.979684496265946336e+01
5.506028296265947120e+01
5.506028296265945698e+01
5.663913696265946385e+01
5.979684496265946336e+01
6.137569896265947023e+01
4.400830496265946579e+01
6.611226096265944818e+01
6.926996896265946191e+01
6.137569896265947023e+01
6.926996896265946191e+01
6.295455296265947709e+01
7.400653096265945408e+01
5.190257496265947168e+01
5.506028296265947120e+01
6.453340696265948395e+01
6.926996896265946191e+01
4.242945096265947313e+01
5.979684496265946336e+01
3.769288896265948097e+01
5.348142896265946433e+01
6.137569896265947023e+01
6.611226096265947660e+01
6.769111496265946926e+01
7.716423896265945359e+01
5.663913696265946385e+01
6.137569896265947023e+01
5.190257496265947168e+01
7.716423896265945359e+01
7.400653096265946829e+01
4.558715896265945844e+01
5.190257496265947168e+01
7.716423896265948201e+01
5.190257496265947168e+01
5.663913696265946385e+01
5.032372096265946482e+01
5.348142896265946433e+01
5.821799096265947782e+01
7.084882296265945456e+01
6.453340696265946974e+01
5.348142896265946433e+01
5.190257496265945747e+01
4.242945096265947313e+01
5.979684496265946336e+01
6.769111496265946926e+01
6.137569896265947023e+01
6.926996896265946191e+01
4.558715896265947265e+01
5.821799096265947071e+01
4.874486696265945795e+01
7.084882296265946877e+01
6.137569896265947023e+01
5.663913696265946385e+01
6.611226096265946239e+01
4.716601296265946530e+01
6.611226096265946239e+01
4.716601296265946530e+01
6.453340696265946974e+01
5.979684496265946336e+01
6.453340696265948395e+01
7.242767696265946142e+01
7.558538496265946094e+01
6.769111496265945505e+01
5.032372096265946482e+01
3.611403496265947410e+01
6.453340696265946974e+01
5.190257496265947168e+01
4.400830496265946579e+01
7.084882296265946877e+01
7.242767696265946142e+01
5.190257496265945747e+01
5.190257496265947168e+01
4.085059696265948048e+01
6.453340696265946974e+01
4.558715896265947265e+01
5.348142896265946433e+01
7.558538496265947515e+01
6.453340696265945553e+01
5.663913696265946385e+01
5.032372096265947903e+01
7.400653096265946829e+01
5.190257496265947168e+01
8.347965496265946683e+01
4.400830496265948000e+01
5.979684496265946336e+01
4.558715896265945844e+01
4.242945096265947313e+01
7.558538496265947515e+01
6.453340696265946974e+01
7.084882296265946877e+01
6.453340696265945553e+01
4.558715896265947265e+01
6.926996896265946191e+01
6.611226096265946239e+01
6.769111496265945505e+01
6.453340696265945553e+01
5.821799096265947071e+01
5.821799096265947071e+01
5.032372096265946482e+01
6.295455296265946288e+01
6.611226096265946239e+01
7.716423896265946780e+01
6.926996896265944770e+01
5.506028296265945698e+01
5.348142896265946433e+01
6.295455296265946288e+01
5.979684496265947047e+01
6.137569896265947023e+01
6.137569896265947023e+01
7.558538496265947515e+01
6.137569896265945601e+01
4.242945096265945892e+01
6.453340696265945553e+01
3.295632696265947459e+01
7.716423896265946780e+01
5.979684496265946336e+01
6.137569896265945601e+01
6.295455296265946288e+01
4.558715896265945844e+01
7.558538496265947515e+01
5.979684496265946336e+01
5.190257496265945747e+01
5.663913696265946385e+01
4.874486696265945795e+01
6.453340696265946974e+01
5.348142896265946433e+01
7.558538496265947515e+01
4.242945096265947313e+01
5.663913696265946385e+01
5.821799096265947071e+01
5.032372096265946482e+01
5.348142896265946433e+01
7.716423896265945359e+01
5.979684496265946336e+01
5.663913696265946385e+01
5.506028296265947120e+01
4.558715896265947265e+01
4.874486696265945795e+01
4.716601296265946530e+01
5.348142896265946433e+01
6.295455296265946288e+01
6.453340696265946974e+01
6.769111496265945505e+01
6.453340696265946974e+01
7.400653096265945408e+01
7.084882296265945456e+01
5.032372096265946482e+01
8.663736296265946635e+01
7.084882296265946877e+01
7.242767696265947563e+01
5.821799096265945650e+01
7.242767696265946142e+01
4.558715896265947265e+01
5.032372096265946482e+01
4.558715896265947265e+01
7.716423896265945359e+01
6.295455296265944867e+01
8.663736296265946635e+01
6.137569896265947023e+01
5.190257496265945747e+01
8.347965496265946683e+01
5.506028296265945698e+01
4.874486696265947216e+01
4.874486696265947216e+01
5.348142896265946433e+01
5.821799096265947071e+01
4.874486696265945795e+01
5.821799096265947071e+01
6.137569896265945601e+01
7.558538496265946094e+01
4.242945096265947313e+01
5.663913696265946385e+01
5.663913696265946385e+01
5.663913696265946385e+01
4.242945096265945892e+01
4.558715896265947265e+01
6.611226096265947660e+01
7.400653096265946829e+01
4.716601296265946530e+01
6.295455296265946288e+01
5.979684496265946336e+01
6.295455296265946288e+01
6.137569896265945601e+01
5.663913696265947806e+01
6.926996896265946191e+01
3.453518096265948145e+01
5.663913696265946385e+01
7.400653096265946829e+01
6.611226096265947660e+01
5.032372096265946482e+01
6.295455296265946288e+01
4.400830496265948000e+01
6.137569896265947023e+01
4.242945096265947313e+01
5.032372096265946482e+01
6.453340696265945553e+01
5.190257496265945747e+01
6.926996896265946191e+01
5.348142896265946433e+01
4.874486696265945795e+01
6.926996896265946191e+01
8.663736296265946635e+01
5.821799096265947071e+01
4.400830496265946579e+01
6.295455296265946288e+01
5.348142896265946433e+01
4.716601296265946530e+01
5.663913696265946385e+01
6.453340696265945553e+01
5.190257496265947168e+01
4.085059696265946627e+01
4.874486696265945795e+01
6.926996896265947612e+01
6.769111496265946926e+01
5.663913696265946385e+01
6.137569896265945601e+01
6.453340696265946974e+01
7.874309296265947467e+01
6.611226096265946239e+01
8.032194696265946732e+01
5.663913696265947806e+01
5.032372096265946482e+01
7.084882296265946877e+01
6.295455296265946288e+01
7.558538496265947515e+01
3.137747296265947838e+01
4.242945096265947313e+01
7.084882296265946877e+01
6.769111496265946926e+01
5.821799096265947071e+01
5.979684496265946336e+01
5.506028296265947120e+01
4.400830496265946579e+01
5.821799096265945650e+01
4.874486696265947216e+01
4.558715896265947265e+01
5.821799096265947071e+01
7.558538496265946094e+01
5.190257496265947168e+01
6.926996896265946191e+01
6.295455296265946288e+01
6.769111496265946926e+01
6.611226096265947660e+01
6.453340696265946974e+01
5.979684496265946336e+01
7.558538496265947515e+01
6.137569896265947023e+01
3.927174296265947362e+01
5.348142896265946433e+01
5.663913696265947806e+01
5.979684496265946336e+01
7.716423896265946780e+01
6.769111496265946926e+01
5.190257496265947168e+01
6.926996896265946191e+01
4.874486696265948638e+01
6.769111496265945505e+01
5.506028296265945698e+01
7.242767696265946142e+01
4.085059696265948048e+01
7.716423896265945359e+01
6.137569896265947023e+01
6.769111496265946926e+01
5.821799096265947071e+01
5.190257496265947168e+01
7.084882296265946877e+01
4.874486696265947216e+01
5.821799096265947071e+01
7.084882296265946877e+01
6.926996896265944770e+01
6.453340696265946974e+01
5.821799096265947071e+01
5.979684496265946336e+01
5.821799096265945650e+01
7.242767696265947563e+01
5.190257496265945747e+01
6.453340696265946974e+01
7.558538496265946094e+01
5.190257496265947168e+01
6.769111496265945505e+01
5.190257496265945747e+01
8.032194696265946732e+01
6.137569896265947023e+01
8.505850896265945948e+01
6.137569896265945601e+01
5.979684496265946336e+01
6.611226096265946239e+01
7.242767696265946142e+01
6.611226096265946239e+01
5.190257496265945747e+01
5.506028296265945698e+01
6.137569896265947023e+01
5.821799096265948492e+01
5.190257496265947168e+01
5.821799096265945650e+01
5.663913696265946385e+01
7.716423896265948201e+01
5.348142896265946433e+01
7.084882296265946877e+01
4.558715896265945844e+01
7.874309296265946045e+01
7.242767696265946142e+01
5.821799096265945650e+01
6.769111496265946926e+01
6.611226096265946239e+01
7.084882296265945456e+01
5.506028296265947120e+01
5.506028296265947120e+01
6.453340696265946974e+01
6.137569896265945601e+01
6.453340696265946974e+01
5.506028296265945698e+01
6.611226096265946239e+01
5.663913696265946385e+01
5.190257496265947168e+01
5.821799096265945650e+01
7.084882296265945456e+01
7.716423896265946780e+01
5.032372096265946482e+01
6.769111496265946926e+01
6.769111496265945505e+01
7.242767696265946142e+01
6.611226096265946239e+01
6.769111496265945505e+01
5.506028296265947120e+01
7.242767696265946142e+01
5.190257496265945747e+01
4.874486696265945795e+01
6.611226096265947660e+01
3.611403496265947410e+01
5.821799096265947071e+01
4.558715896265945844e+01
6.611226096265946239e+01
5.821799096265945650e+01
6.137569896265945601e+01
5.821799096265947071e+01
6.769111496265946926e+01
7.716423896265945359e+01
7.242767696265946142e+01
6.926996896265946191e+01
5.348142896265946433e+01
5.821799096265947071e+01
6.137569896265945601e+01
4.874486696265947216e+01
5.506028296265945698e+01
6.137569896265947023e+01
5.821799096265947071e+01
5.821799096265945650e+01
6.295455296265947709e+01
5.032372096265946482e+01
6.769111496265946926e+01
5.821799096265947071e+01
6.769111496265945505e+01
7.558538496265947515e+01
6.295455296265946288e+01
5.348142896265946433e+01
5.506028296265947120e+01
6.769111496265946926e+01
5.821799096265947071e+01
3.611403496265947410e+01
5.663913696265947806e+01
5.506028296265947120e+01
5.032372096265946482e+01
7.558538496265946094e+01
3.927174296265947362e+01
5.979684496265946336e+01
5.032372096265946482e+01
6.295455296265947709e+01
5.506028296265945698e+01
4.400830496265946579e+01
6.295455296265946288e+01
5.979684496265946336e+01
3.769288896265946676e+01
7.716423896265945359e+01
5.506028296265947120e+01
6.295455296265946288e+01
6.769111496265946926e+01
6.611226096265947660e+01
7.242767696265946142e+01
6.926996896265946191e+01
7.400653096265945408e+01
6.295455296265946288e+01
6.453340696265946974e+01
7.874309296265946045e+01
4.874486696265947216e+01
7.084882296265946877e+01
6.769111496265945505e+01
6.453340696265945553e+01
7.558538496265946094e+01
6.453340696265946974e+01
5.348142896265946433e+01
3.611403496265947410e+01
6.295455296265946288e+01
8.505850896265945948e+01
4.242945096265947313e+01
4.558715896265947265e+01
5.190257496265947168e+01
6.295455296265946288e+01
5.506028296265945698e+01
5.348142896265946433e+01
5.190257496265947168e+01
5.506028296265947120e+01
6.926996896265944770e+01
5.032372096265946482e+01
5.348142896265946433e+01
6.611226096265946239e+01
7.874309296265946045e+01
6.137569896265947023e+01
5.506028296265945698e+01
5.348142896265946433e+01
6.453340696265946974e+01
6.295455296265946288e+01
6.769111496265946926e+01
6.453340696265946974e+01
7.400653096265946829e+01
5.506028296265947120e+01
4.874486696265947216e+01
6.926996896265946191e+01
5.348142896265946433e+01
5.506028296265948541e+01
7.558538496265947515e+01
5.663913696265946385e+01
6.137569896265945601e+01
5.348142896265947854e+01
7.084882296265946877e+01
6.295455296265946288e+01
6.453340696265946974e+01
5.506028296265947120e+01
6.453340696265945553e+01
5.821799096265947071e+01
5.190257496265947168e+01
6.295455296265946288e+01
4.400830496265946579e+01
5.348142896265946433e+01
4.085059696265946627e+01
6.926996896265947612e+01
5.979684496265946336e+01
6.295455296265946288e+01
6.295455296265946288e+01
5.348142896265946433e+01
5.506028296265945698e+01
5.190257496265947168e+01
6.295455296265946288e+01
5.979684496265946336e+01
6.611226096265947660e+01
6.137569896265945601e+01
4.558715896265947265e+01
5.348142896265946433e+01
5.032372096265946482e+01
7.242767696265946142e+01
5.348142896265946433e+01
6.453340696265945553e+01
6.926996896265947612e+01
4.716601296265946530e+01
6.453340696265946974e+01
7.242767696265946142e+01
6.611226096265947660e+01
5.032372096265946482e+01
7.400653096265946829e+01
8.979507096265946586e+01
4.716601296265946530e+01
6.295455296265946288e+01
5.348142896265946433e+01
5.663913696265946385e+01
4.716601296265946530e+01
6.611226096265946239e+01
4.558715896265945844e+01
5.506028296265945698e+01
5.979684496265946336e+01
3.769288896265948097e+01
5.663913696265946385e+01
4.874486696265947216e+01
5.348142896265946433e+01
7.242767696265947563e+01
4.716601296265946530e+01
6.611226096265946239e+01
6.137569896265947023e+01
6.453340696265945553e+01
4.242945096265947313e+01
6.137569896265945601e+01
5.663913696265946385e+01
5.821799096265947071e+01
4.874486696265945795e+01
5.032372096265946482e+01
6.926996896265947612e+01
5.348142896265946433e+01
5.032372096265946482e+01
6.295455296265944867e+01
5.821799096265945650e+01
5.979684496265946336e+01
6.769111496265945505e+01
5.979684496265946336e+01
6.295455296265947709e+01
7.716423896265946780e+01
4.085059696265948048e+01
6.453340696265946974e+01
6.611226096265946239e+01
6.611226096265947660e+01
8.032194696265945311e+01
4.242945096265947313e+01
6.295455296265944867e+01
7.400653096265946829e+01
6.926996896265946191e+01
6.769111496265946926e+01
6.453340696265946974e+01
7.716423896265946780e+01
7.400653096265946829e+01
7.558538496265946094e+01
4.716601296265946530e+01
7.716423896265945359e+01
4.874486696265945795e+01
6.453340696265945553e+01
6.611226096265947660e+01
8.190080096265944576e+01
7.716423896265946780e+01
6.926996896265947612e+01
5.348142896265947854e+01
6.611226096265946239e+01
7.874309296265946045e+01
6.295455296265946288e+01
6.453340696265946974e+01
7.874309296265946045e+01
5.663913696265946385e+01
8.190080096265947418e+01
5.506028296265947120e+01
6.769111496265945505e+01
6.295455296265946288e+01
8.663736296265946635e+01
5.663913696265946385e+01
6.926996896265946191e+01
6.769111496265945505e+01
4.400830496265946579e+01
6.137569896265947023e+01
6.295455296265946288e+01
7.242767696265946142e+01
7.084882296265946877e+01
5.979684496265946336e+01
5.032372096265946482e+01
5.663913696265946385e+01
6.453340696265946974e+01
6.769111496265946926e+01
6.611226096265946239e+01
5.348142896265946433e+01
5.348142896265946433e+01
7.400653096265945408e+01
6.611226096265944818e+01
7.874309296265946045e+01
6.926996896265946191e+01
6.926996896265946191e+01
6.137569896265947023e+01
7.716423896265946780e+01
4.558715896265947265e+01
7.084882296265945456e+01
7.716423896265946780e+01
5.190257496265947168e+01
6.295455296265946288e+01
6.295455296265946288e+01
7.084882296265946877e+01
7.400653096265946829e+01
7.716423896265946780e+01
7.084882296265945456e+01
6.295455296265946288e+01
7.400653096265946829e+01
6.295455296265946288e+01
7.400653096265945408e+01
7.084882296265946877e+01
8.032194696265946732e+01
8.347965496265945262e+01
6.769111496265945505e+01
7.400653096265946829e+01
5.979684496265946336e+01
5.506028296265947120e+01
4.085059696265946627e+01
8.190080096265945997e+01
6.926996896265947612e+01
5.506028296265945698e+01
7.084882296265945456e+01
5.663913696265946385e+01
6.926996896265946191e+01
6.295455296265946288e+01
5.190257496265945747e+01
6.137569896265945601e+01
6.769111496265946926e+01
5.979684496265944915e+01
7.242767696265944721e+01
6.611226096265946239e+01
7.874309296265946045e+01
7.400653096265945408e+01
6.926996896265946191e+01
5.032372096265946482e+01
8.190080096265944576e+01
6.769111496265946926e+01
5.506028296265947120e+01
6.769111496265946926e+01
7.716423896265948201e+01
6.295455296265947709e+01
5.663913696265946385e+01
6.769111496265945505e+01
6.453340696265945553e+01
5.821799096265945650e+01
4.558715896265947265e+01
5.821799096265947071e+01
5.821799096265947071e+01
9.768934096265945755e+01
5.979684496265946336e+01
7.716423896265946780e+01
6.611226096265946239e+01
7.084882296265946877e+01
8.505850896265945948e+01
6.611226096265944818e+01
7.242767696265946142e+01
5.190257496265947168e+01
5.506028296265947120e+01
5.979684496265946336e+01
8.505850896265947370e+01
6.926996896265947612e+01
5.979684496265946336e+01
5.821799096265945650e+01
7.242767696265946142e+01
6.611226096265946239e+01
6.769111496265946926e+01
8.032194696265945311e+01
4.874486696265947216e+01
6.137569896265947023e+01
9.453163296265947224e+01
6.769111496265946926e+01
8.821621696265947321e+01
7.400653096265946829e+01
6.611226096265946239e+01
5.821799096265945650e+01
5.979684496265946336e+01
8.190080096265945997e+01
7.084882296265946877e+01
7.716423896265945359e+01
4.716601296265947951e+01
6.769111496265946926e+01
5.190257496265945747e+01
6.453340696265945553e+01
6.769111496265946926e+01
7.558538496265946094e+01
8.190080096265945997e+01
5.032372096265947903e+01
5.348142896265946433e+01
5.190257496265945747e+01
6.295455296265946288e+01
6.926996896265946191e+01
6.611226096265946239e+01
5.663913696265946385e+01
6.453340696265945553e+01
6.769111496265946926e+01
5.348142896265947854e+01
5.190257496265945747e+01
6.295455296265946288e+01
5.506028296265945698e+01
7.558538496265947515e+01
4.242945096265945892e+01
6.137569896265945601e+01
4.874486696265947216e+01
6.769111496265946926e+01
4.558715896265947265e+01
8.347965496265946683e+01
8.190080096265947418e+01
6.769111496265946926e+01
4.085059696265946627e+01
5.506028296265947120e+01
4.874486696265945795e+01
5.821799096265945650e+01
8.663736296265945214e+01
5.348142896265947854e+01
5.821799096265947071e+01
7.084882296265946877e+01
6.611226096265944818e+01
8.663736296265945214e+01
8.032194696265946732e+01
6.137569896265947023e+01
5.663913696265947806e+01
6.611226096265946239e+01
6.926996896265946191e+01
6.926996896265946191e+01
6.769111496265945505e+01
5.979684496265946336e+01
7.084882296265946877e+01
6.137569896265945601e+01
6.926996896265946191e+01
7.084882296265945456e+01
7.874309296265947467e+01
5.190257496265947168e+01
4.558715896265947265e+01
7.716423896265948201e+01
5.348142896265946433e+01
8.190080096265945997e+01
7.242767696265946142e+01
6.769111496265946926e+01
7.400653096265946829e+01
7.558538496265947515e+01
7.874309296265946045e+01
5.979684496265947757e+01
8.505850896265947370e+01
8.032194696265946732e+01
5.506028296265947120e+01
5.663913696265946385e+01
5.979684496265947757e+01
8.347965496265945262e+01
8.663736296265946635e+01
5.821799096265947071e+01
6.453340696265946974e+01
4.874486696265947216e+01
6.295455296265946288e+01
5.506028296265947120e+01
6.295455296265946288e+01
8.979507096265946586e+01
6.137569896265945601e+01
6.769111496265945505e+01
5.506028296265947120e+01
5.190257496265945747e+01
6.769111496265946926e+01
5.190257496265945747e+01
5.190257496265945747e+01
4.874486696265945795e+01
5.663913696265946385e+01
5.348142896265946433e+01
8.190080096265947418e+01
4.874486696265947216e+01
5.979684496265946336e+01
5.979684496265946336e+01
8.032194696265946732e+01
6.137569896265947023e+01
6.926996896265946191e+01
6.137569896265947023e+01
7.400653096265946829e+01
6.453340696265945553e+01
5.663913696265946385e+01
7.242767696265946142e+01
5.506028296265947120e+01
5.506028296265945698e+01
5.506028296265947120e+01
7.084882296265946877e+01
6.453340696265945553e+01
6.769111496265946926e+01
6.769111496265946926e+01
7.400653096265945408e+01
3.611403496265947410e+01
6.453340696265946974e+01
6.769111496265946926e+01
6.295455296265946288e+01
4.874486696265947216e+01
4.716601296265946530e+01
4.716601296265946530e+01
4.716601296265946530e+01
5.190257496265945747e+01
5.663913696265946385e+01
7.558538496265946094e+01
6.453340696265946974e+01
4.085059696265946627e+01
8.032194696265946732e+01
7.242767696265946142e+01
6.137569896265947023e+01
9.295277896265946538e+01
4.874486696265945795e+01
6.926996896265944770e+01
6.926996896265946191e+01
5.032372096265947903e+01
6.769111496265946926e+01
6.295455296265946288e+01
7.400653096265946829e+01
6.769111496265946926e+01
4.716601296265946530e+01
8.663736296265945214e+01
5.032372096265946482e+01
5.821799096265945650e+01
6.137569896265945601e+01
5.506028296265945698e+01
6.769111496265945505e+01
6.611226096265944818e+01
7.084882296265946877e+01
5.032372096265946482e+01
7.242767696265947563e+01
5.663913696265946385e+01
6.137569896265947023e+01
5.821799096265947071e+01
7.084882296265946877e+01
7.716423896265946780e+01
5.348142896265946433e+01
7.716423896265945359e+01
6.769111496265946926e+01
7.242767696265944721e+01
5.663913696265947806e+01
8.979507096265945165e+01
6.611226096265946239e+01
7.084882296265946877e+01
7.400653096265946829e+01
6.453340696265946974e+01
8.190080096265947418e+01
5.663913696265946385e+01
6.295455296265946288e+01
5.506028296265947120e+01
7.716423896265946780e+01
7.558538496265946094e+01
5.348142896265946433e+01
5.506028296265945698e+01
7.558538496265946094e+01
7.558538496265946094e+01
5.190257496265945747e+01
7.874309296265946045e+01
5.348142896265946433e+01
8.347965496265946683e+01
7.558538496265946094e+01
6.295455296265946288e+01
6.295455296265946288e+01
4.874486696265945795e+01
5.506028296265945698e+01
4.716601296265946530e+01
5.821799096265945650e+01
8.505850896265945948e+01
5.663913696265946385e+01
7.242767696265947563e+01
7.716423896265946780e+01
6.769111496265946926e+01
5.663913696265947806e+01
6.295455296265946288e+01
7.084882296265946877e+01
7.558538496265946094e+01
7.874309296265946045e+01
6.611226096265946239e+01
5.979684496265946336e+01
5.032372096265946482e+01
7.400653096265946829e+01
6.769111496265945505e+01
9.611048696265945068e+01
5.506028296265947120e+01
6.453340696265946974e+01
7.558538496265947515e+01
5.979684496265946336e+01
7.242767696265947563e+01
8.032194696265946732e+01
6.769111496265945505e+01
6.295455296265946288e+01
7.242767696265947563e+01
8.032194696265946732e+01
7.084882296265946877e+01
6.137569896265947023e+01
6.926996896265946191e+01
7.874309296265947467e+01
7.084882296265946877e+01
5.979684496265947757e+01
6.611226096265946239e+01
8.190080096265945997e+01
6.137569896265947023e+01
5.506028296265945698e+01
5.663913696265947806e+01
6.926996896265947612e+01
5.821799096265945650e+01
7.242767696265946142e+01
7.242767696265944721e+01
6.926996896265946191e+01
5.979684496265946336e+01
7.084882296265946877e+01
7.242767696265947563e+01
7.874309296265947467e+01
7.716423896265946780e+01
6.137569896265947023e+01
4.558715896265945844e+01
6.137569896265947023e+01
6.453340696265945553e+01
5.506028296265947120e+01
6.137569896265947023e+01
5.821799096265947071e+01
7.242767696265946142e+01
5.032372096265947903e+01
7.716423896265946780e+01
6.453340696265945553e+01
4.558715896265947265e+01
5.821799096265947071e+01
5.821799096265945650e+01
6.611226096265946239e+01
5.348142896265946433e+01
5.821799096265947071e+01
6.137569896265947023e+01
4.874486696265947216e+01
7.558538496265946094e+01
5.821799096265945650e+01
7.716423896265946780e+01
6.137569896265947023e+01
6.769111496265946926e+01
5.506028296265945698e+01
6.453340696265946974e+01
7.242767696265947563e+01
4.874486696265947216e+01
6.611226096265947660e+01
5.979684496265946336e+01
6.453340696265945553e+01
4.874486696265945795e+01
6.295455296265946288e+01
6.611226096265946239e+01
3.137747296265947838e+01
6.611226096265946239e+01
6.453340696265946974e+01
6.295455296265946288e+01
7.558538496265947515e+01
6.453340696265945553e+01
4.716601296265947951e+01
5.506028296265947120e+01
5.348142896265947854e+01
4.242945096265947313e+01
7.242767696265947563e+01
4.558715896265947265e+01
4.716601296265946530e+01
5.979684496265947757e+01
6.295455296265946288e+01
7.558538496265947515e+01
7.558538496265946094e+01
6.769111496265945505e+01
5.821799096265947071e+01
7.558538496265946094e+01
3.927174296265947362e+01
6.769111496265946926e+01
6.611226096265946239e+01
5.663913696265946385e+01
5.506028296265945698e+01
5.190257496265945747e+01
7.242767696265947563e+01
6.611226096265946239e+01
4.716601296265946530e+01
7.716423896265945359e+01
5.663913696265947806e+01
8.032194696265946732e+01
6.137569896265947023e+01
8.032194696265946732e+01
5.506028296265947120e+01
5.979684496265946336e+01
6.295455296265946288e+01
9.137392496265945852e+01
6.769111496265946926e+01
6.295455296265944867e+01
8.663736296265946635e+01
7.874309296265946045e+01
8.347965496265946683e+01
6.611226096265947660e+01
7.400653096265946829e+01
8.663736296265946635e+01
4.242945096265945892e+01
8.190080096265944576e+01
5.190257496265947168e+01
5.032372096265946482e+01
5.032372096265946482e+01
6.137569896265947023e+01
6.137569896265945601e+01
9.295277896265946538e+01
5.821799096265945650e+01
7.242767696265946142e+01
5.979684496265946336e+01
6.769111496265946926e+01
7.400653096265945408e+01
5.979684496265946336e+01
7.084882296265945456e+01
5.979684496265944915e+01
5.821799096265945650e+01
6.453340696265946974e+01
7.400653096265946829e+01
6.295455296265946288e+01
5.348142896265946433e+01
7.558538496265946094e+01
8.032194696265946732e+01
7.400653096265946829e+01
6.295455296265946288e+01
8.032194696265945311e+01
7.874309296265947467e+01
5.821799096265947071e+01
6.453340696265945553e+01
5.979684496265946336e+01
6.295455296265946288e+01
5.348142896265946433e+01
7.400653096265946829e+01
5.821799096265945650e+01
5.032372096265946482e+01
5.663913696265946385e+01
7.558538496265946094e+01
7.874309296265947467e+01
5.032372096265946482e+01
5.663913696265946385e+01
6.611226096265946239e+01
4.558715896265947265e+01
6.453340696265945553e+01
5.821799096265947071e+01
7.400653096265946829e+01
6.926996896265946191e+01
6.611226096265946239e+01
7.400653096265946829e+01
8.032194696265946732e+01
6.295455296265946288e+01
5.821799096265945650e+01
6.453340696265946974e+01
6.453340696265946974e+01
6.137569896265947023e+01
7.084882296265945456e+01
5.506028296265947120e+01
7.400653096265946829e+01
5.821799096265945650e+01
6.611226096265946239e+01
6.611226096265946239e+01
8.663736296265945214e+01
4.874486696265945795e+01
7.716423896265946780e+01
6.137569896265947023e+01
5.348142896265946433e+01
6.611226096265947660e+01
7.084882296265945456e+01
8.663736296265945214e+01
5.663913696265947806e+01
7.874309296265946045e+01
7.400653096265946829e+01
6.137569896265947023e+01
5.821799096265945650e+01
7.716423896265946780e+01
6.926996896265947612e+01
5.506028296265947120e+01
7.874309296265946045e+01
4.400830496265948000e+01
7.558538496265947515e+01
7.084882296265946877e+01
6.926996896265946191e+01
7.084882296265946877e+01
4.716601296265946530e+01
7.242767696265946142e+01
6.611226096265946239e+01
8.032194696265945311e+01
5.506028296265947120e+01
6.137569896265947023e+01
6.611226096265946239e+01
7.084882296265946877e+01
7.400653096265948250e+01
5.821799096265948492e+01
4.400830496265946579e+01
3.137747296265948194e+01
5.506028296265945698e+01
6.769111496265945505e+01
7.242767696265947563e+01
7.400653096265946829e+01
5.032372096265946482e+01
4.874486696265947216e+01
6.611226096265946239e+01
6.295455296265944867e+01
6.295455296265946288e+01
6.453340696265945553e+01
6.295455296265946288e+01
7.558538496265946094e+01
7.242767696265946142e+01
5.821799096265945650e+01
7.558538496265946094e+01
6.769111496265946926e+01
7.400653096265945408e+01
6.926996896265947612e+01
8.347965496265946683e+01
8.347965496265945262e+01
7.242767696265947563e+01
8.663736296265948056e+01
6.137569896265947023e+01
5.032372096265947903e+01
5.979684496265946336e+01
7.242767696265944721e+01
7.242767696265946142e+01
7.716423896265948201e+01
9.137392496265947273e+01
6.769111496265945505e+01
7.558538496265947515e+01
5.663913696265946385e+01
5.663913696265946385e+01
7.400653096265946829e+01
7.084882296265946877e+01
5.506028296265945698e+01
5.032372096265946482e+01
6.137569896265947023e+01
6.926996896265947612e+01
4.085059696265948048e+01
6.137569896265947023e+01
7.084882296265945456e+01
6.611226096265947660e+01
5.821799096265945650e+01
5.979684496265946336e+01
6.137569896265945601e+01
7.558538496265946094e+01
6.769111496265946926e+01
6.453340696265945553e+01
5.821799096265945650e+01
6.137569896265945601e+01
8.347965496265948104e+01
4.874486696265947216e+01
7.400653096265945408e+01
6.769111496265946926e+01
7.400653096265945408e+01
7.874309296265944624e+01
7.084882296265946877e+01
6.453340696265946974e+01
6.769111496265946926e+01
6.769111496265945505e+01
6.611226096265947660e+01
3.611403496265947410e+01
5.979684496265946336e+01
7.084882296265945456e+01
6.453340696265946974e+01
6.295455296265944867e+01
6.926996896265946191e+01
7.242767696265944721e+01
7.084882296265946877e+01
6.611226096265946239e+01
6.453340696265945553e+01
5.663913696265946385e+01
7.400653096265948250e+01
6.769111496265946926e+01
7.242767696265946142e+01
5.979684496265946336e+01
7.084882296265946877e+01
8.347965496265948104e+01
6.611226096265947660e+01
7.084882296265945456e+01
8.505850896265947370e+01
7.874309296265944624e+01
8.505850896265947370e+01
7.874309296265946045e+01
6.926996896265946191e+01
8.505850896265947370e+01
6.769111496265946926e+01
5.821799096265947071e+01
6.769111496265946926e+01
8.190080096265945997e+01
7.242767696265946142e+01
5.663913696265946385e+01
6.769111496265945505e+01
5.979684496265947757e+01
7.558538496265946094e+01
5.506028296265945698e+01
7.400653096265945408e+01
5.348142896265946433e+01
6.137569896265947023e+01
5.821799096265945650e+01
7.716423896265946780e+01
5.506028296265945698e+01
5.348142896265946433e+01
6.137569896265947023e+01
6.769111496265945505e+01
6.137569896265947023e+01
5.979684496265946336e+01
7.084882296265946877e+01
7.400653096265946829e+01
5.979684496265947757e+01
6.137569896265945601e+01
7.242767696265946142e+01
6.611226096265946239e+01
7.242767696265944721e+01
6.137569896265947023e+01
6.295455296265946288e+01
7.716423896265946780e+01
5.821799096265947071e+01
4.400830496265948000e+01
8.032194696265945311e+01
8.190080096265945997e+01
8.505850896265945948e+01
5.663913696265946385e+01
4.085059696265946627e+01
6.611226096265947660e+01
8.032194696265946732e+01
6.453340696265945553e+01
6.769111496265945505e+01
8.663736296265945214e+01
6.769111496265945505e+01
5.190257496265947168e+01
6.611226096265946239e+01
7.716423896265946780e+01
7.242767696265946142e+01
5.821799096265947071e+01
6.453340696265945553e+01
6.611226096265947660e+01
8.190080096265947418e+01
7.084882296265946877e+01
7.558538496265946094e+01
9.453163296265947224e+01
7.084882296265945456e+01
6.137569896265947023e+01
6.926996896265946191e+01
8.032194696265946732e+01
6.137569896265945601e+01
7.558538496265946094e+01
7.558538496265947515e+01
7.716423896265946780e+01
6.769111496265946926e+01
6.295455296265946288e+01
6.611226096265947660e+01
8.032194696265946732e+01
5.663913696265946385e+01
6.295455296265946288e+01
6.453340696265945553e+01
7.242767696265944721e+01
6.137569896265945601e+01
5.821799096265948492e+01
7.084882296265946877e+01
8.190080096265947418e+01
5.979684496265946336e+01
6.137569896265947023e+01
6.611226096265946239e+01
5.979684496265947757e+01
5.663913696265946385e+01
5.348142896265946433e+01
6.611226096265946239e+01
6.769111496265945505e+01
6.295455296265946288e+01
7.716423896265946780e+01
7.400653096265945408e+01
6.611226096265946239e+01
6.453340696265945553e+01
6.137569896265947023e+01
8.505850896265945948e+01
8.032194696265946732e+01
6.137569896265945601e+01
7.242767696265946142e+01
8.505850896265945948e+01
6.611226096265946239e+01
5.348142896265946433e+01
6.295455296265947709e+01
5.190257496265945747e+01
6.769111496265946926e+01
5.821799096265947071e+01
7.084882296265946877e+01
7.242767696265944721e+01
6.611226096265947660e+01
8.032194696265946732e+01
8.821621696265947321e+01
5.979684496265946336e+01
5.663913696265946385e+01
6.611226096265946239e+01
6.295455296265946288e+01
6.926996896265946191e+01
6.769111496265946926e+01
7.400653096265946829e+01
4.400830496265948000e+01
5.821799096265947071e+01
5.979684496265946336e+01
5.979684496265946336e+01
6.295455296265947709e+01
5.032372096265946482e+01
6.137569896265947023e+01
5.348142896265946433e+01
6.137569896265947023e+01
5.506028296265947120e+01
5.190257496265945747e+01
6.769111496265946926e+01
6.926996896265946191e+01
7.558538496265947515e+01
7.874309296265944624e+01
5.032372096265946482e+01
6.926996896265947612e+01
7.084882296265946877e+01
7.242767696265946142e+01
6.295455296265946288e+01
5.663913696265946385e+01
6.926996896265947612e+01
6.137569896265947023e+01
7.716423896265946780e+01
7.716423896265946780e+01
5.979684496265946336e+01
5.190257496265947168e+01
7.716423896265945359e+01
7.084882296265946877e+01
7.242767696265947563e+01
4.716601296265946530e+01
6.611226096265946239e+01
6.295455296265946288e+01
4.242945096265947313e+01
5.348142896265946433e+01
7.716423896265946780e+01
7.084882296265946877e+01
6.611226096265946239e+01
7.242767696265947563e+01
7.400653096265946829e+01
8.190080096265945997e+01
6.137569896265945601e+01
6.769111496265946926e+01
7.242767696265946142e+01
6.137569896265945601e+01
8.505850896265945948e+01
4.716601296265946530e+01
6.769111496265946926e+01
5.821799096265947071e+01
7.242767696265946142e+01
7.242767696265946142e+01
8.347965496265945262e+01
8.032194696265946732e+01
6.926996896265946191e+01
8.821621696265947321e+01
8.663736296265945214e+01
8.032194696265946732e+01
6.611226096265946239e+01
6.137569896265947023e+01
8.505850896265944527e+01
7.400653096265946829e+01
8.347965496265945262e+01
6.611226096265944818e+01
6.295455296265946288e+01
8.663736296265946635e+01
6.295455296265944867e+01
6.769111496265946926e+01
6.295455296265946288e+01
8.821621696265945900e+01
7.400653096265946829e+01
6.295455296265946288e+01
6.137569896265947023e+01
5.190257496265945747e+01
7.558538496265947515e+01
5.979684496265946336e+01
6.769111496265945505e+01
4.874486696265947216e+01
7.400653096265946829e+01
4.085059696265948048e+01
8.663736296265946635e+01
9.611048696265946489e+01
5.506028296265947120e+01
7.084882296265945456e+01
5.190257496265947168e+01
6.453340696265945553e+01
5.032372096265946482e+01
6.769111496265946926e+01
7.084882296265946877e+01
5.979684496265944915e+01
9.295277896265946538e+01
6.453340696265945553e+01
6.137569896265947023e+01
7.716423896265948201e+01
6.926996896265946191e+01
6.611226096265946239e+01
7.400653096265946829e+01
6.926996896265946191e+01
5.979684496265946336e+01
7.874309296265947467e+01
7.874309296265946045e+01
7.716423896265948201e+01
7.084882296265946877e+01
8.190080096265945997e+01
6.295455296265944867e+01
7.400653096265948250e+01
7.242767696265947563e+01
4.558715896265947265e+01
1.008470489626594713e+02
4.874486696265945795e+01
6.926996896265946191e+01
5.506028296265947120e+01
5.979684496265946336e+01
6.453340696265946974e+01
3.611403496265947410e+01
7.400653096265948250e+01
5.979684496265946336e+01
7.084882296265946877e+01
6.769111496265946926e+01
7.084882296265946877e+01
6.453340696265945553e+01
6.611226096265947660e+01
6.926996896265944770e+01
4.085059696265946627e+01
8.032194696265946732e+01
6.137569896265945601e+01
5.979684496265946336e+01
8.032194696265946732e+01
6.137569896265947023e+01
6.611226096265946239e+01
3.927174296265945941e+01
7.400653096265946829e+01
5.821799096265945650e+01
7.874309296265946045e+01
5.821799096265945650e+01
7.874309296265947467e+01
6.453340696265946974e+01
3.927174296265945941e+01
4.716601296265946530e+01
6.137569896265945601e+01
7.874309296265947467e+01
6.611226096265946239e+01
6.769111496265946926e+01
5.663913696265946385e+01
5.663913696265946385e+01
6.611226096265946239e+01
6.453340696265945553e+01
7.400653096265945408e+01
7.716423896265948201e+01
6.295455296265946288e+01
5.348142896265946433e+01
6.926996896265947612e+01
6.769111496265946926e+01
5.663913696265946385e+01
6.926996896265946191e+01
5.663913696265946385e+01
8.347965496265946683e+01
6.769111496265946926e+01
7.084882296265946877e+01
6.295455296265946288e+01
5.348142896265946433e+01
7.084882296265946877e+01
4.400830496265946579e+01
8.267124486629586499e+01
-5.626790713370411368e+01
5.898843486629588995e+01
9.372322286629587040e+01
6.530385086629587477e+01
3.846333286629587889e+01
3.372677086629587961e+01
2.741135486629588058e+01
4.319989486629586395e+01
4.162104086629587840e+01
4.793645686629587033e+01
3.688447886629587913e+01
6.530385086629587477e+01
4.793645686629587033e+01
6.214614286629588946e+01
2.425364686629587396e+01
4.004218686629587864e+01
2.741135486629587348e+01
5.898843486629587574e+01
4.319989486629587816e+01
5.583072686629587622e+01
5.267301886629587671e+01
5.583072686629587622e+01
6.372499686629588211e+01
6.530385086629587477e+01
6.056728886629588260e+01
4.793645686629587743e+01
6.846155886629588849e+01
4.635760286629587767e+01
4.162104086629587130e+01
7.793468286629587283e+01
5.109416486629588405e+01
6.688270486629588163e+01
5.109416486629586984e+01
6.056728886629588260e+01
6.056728886629587549e+01
5.740958086629588308e+01
7.319812086629588066e+01
7.319812086629588066e+01
8.425009886629588607e+01
4.793645686629587033e+01
7.319812086629588066e+01
4.951531086629589140e+01
8.898666086629589245e+01
5.425187286629586936e+01
7.004041286629588114e+01
7.635582886629588018e+01
6.056728886629588260e+01
5.740958086629588308e+01
7.004041286629588114e+01
7.793468286629587283e+01
7.161926686629587380e+01
7.319812086629588066e+01
8.267124486629587921e+01
6.056728886629588970e+01
6.530385086629588898e+01
4.793645686629587033e+01
8.109239086629587234e+01
5.109416486629586984e+01
6.214614286629588946e+01
7.161926686629587380e+01
5.583072686629589043e+01
7.635582886629588018e+01
6.688270486629588163e+01
9.214436886629587775e+01
5.898843486629588995e+01
6.214614286629587525e+01
6.688270486629588163e+01
6.214614286629587525e+01
6.372499686629588211e+01
6.056728886629588260e+01
8.267124486629587921e+01
5.898843486629588995e+01
7.004041286629588114e+01
4.162104086629587130e+01
7.319812086629588066e+01
6.688270486629588163e+01
6.056728886629588260e+01
5.109416486629588405e+01
7.161926686629588801e+01
7.319812086629588066e+01
5.583072686629589043e+01
5.740958086629588308e+01
6.214614286629587525e+01
6.056728886629588260e+01
5.267301886629586960e+01
6.846155886629588849e+01
7.004041286629588114e+01
5.740958086629588308e+01
7.477697486629588752e+01
5.898843486629587574e+01
7.793468286629587283e+01
5.898843486629588995e+01
7.004041286629586693e+01
6.846155886629587428e+01
6.846155886629587428e+01
8.109239086629587234e+01
7.004041286629588114e+01
6.530385086629587477e+01
6.688270486629588163e+01
6.530385086629587477e+01
9.056551486629587089e+01
5.583072686629587622e+01
5.898843486629587574e+01
7.635582886629588018e+01
6.846155886629587428e+01
5.267301886629587671e+01
4.635760286629589189e+01
8.740780686629588558e+01
4.004218686629588575e+01
5.740958086629588308e+01
5.740958086629588308e+01
4.793645686629589164e+01
4.793645686629587033e+01
6.846155886629588849e+01
5.583072686629587622e+01
6.056728886629588260e+01
5.267301886629587671e+01
5.898843486629588995e+01
7.004041286629588114e+01
8.267124486629586499e+01
8.425009886629588607e+01
6.056728886629588260e+01
7.635582886629588018e+01
7.477697486629588752e+01
6.846155886629587428e+01
7.635582886629588018e+01
4.793645686629588454e+01
6.372499686629588211e+01
4.793645686629587033e+01
7.635582886629588018e+01
7.635582886629588018e+01
7.004041286629589536e+01
6.846155886629587428e+01
5.267301886629589092e+01
5.109416486629588405e+01
6.372499686629588922e+01
5.425187286629589067e+01
7.319812086629588066e+01
6.056728886629588260e+01
7.161926686629588801e+01
7.161926686629588801e+01
7.635582886629588018e+01
4.162104086629587130e+01
8.109239086629587234e+01
6.846155886629588849e+01
7.635582886629588018e+01
7.004041286629588114e+01
5.109416486629586984e+01
6.846155886629588849e+01
6.530385086629587477e+01
7.951353686629587969e+01
5.583072686629589043e+01
8.582895286629587872e+01
6.372499686629588211e+01
5.740958086629588308e+01
8.267124486629586499e+01
6.056728886629588260e+01
6.688270486629588163e+01
5.583072686629587622e+01
7.319812086629588066e+01
7.004041286629588114e+01
4.319989486629586395e+01
7.951353686629587969e+01
6.846155886629587428e+01
6.056728886629588260e+01
5.425187286629587646e+01
7.951353686629587969e+01
6.688270486629588163e+01
7.004041286629588114e+01
6.056728886629588260e+01
6.530385086629587477e+01
7.319812086629588066e+01
7.004041286629588114e+01
8.109239086629588655e+01
6.214614286629588946e+01
7.161926686629587380e+01
5.425187286629588357e+01
5.740958086629589019e+01
6.214614286629587525e+01
6.530385086629587477e+01
5.425187286629588357e+01
5.898843486629588284e+01
6.214614286629588946e+01
6.372499686629588211e+01
6.688270486629588163e+01
5.898843486629588995e+01
6.214614286629588946e+01
8.425009886629587186e+01
7.477697486629587331e+01
8.582895286629587872e+01
7.635582886629588018e+01
8.582895286629587872e+01
7.793468286629588704e+01
6.846155886629588849e+01
7.635582886629589439e+01
7.477697486629588752e+01
5.898843486629588995e+01
7.477697486629587331e+01
7.477697486629587331e+01
6.372499686629588211e+01
8.425009886629587186e+01
8.425009886629587186e+01
6.372499686629588211e+01
5.898843486629588284e+01
7.161926686629588801e+01
7.161926686629588801e+01
5.898843486629588995e+01
6.214614286629588236e+01
7.477697486629588752e+01
6.372499686629588211e+01
6.056728886629588260e+01
5.740958086629589019e+01
7.477697486629588752e+01
6.688270486629588163e+01
7.635582886629588018e+01
5.898843486629588995e+01
7.951353686629587969e+01
8.425009886629588607e+01
7.004041286629588114e+01
5.898843486629587574e+01
8.582895286629587872e+01
6.846155886629588849e+01
6.372499686629588211e+01
6.214614286629587525e+01
4.951531086629587719e+01
7.477697486629587331e+01
5.425187286629588357e+01
5.583072686629589043e+01
6.056728886629588260e+01
6.846155886629587428e+01
7.161926686629588801e+01
8.582895286629587872e+01
5.267301886629587671e+01
6.688270486629588163e+01
6.846155886629588849e+01
8.109239086629588655e+01
5.425187286629589067e+01
6.530385086629588898e+01
4.951531086629586298e+01
5.267301886629587671e+01
6.530385086629588898e+01
5.740958086629587598e+01
7.319812086629588066e+01
4.951531086629587719e+01
7.004041286629588114e+01
4.951531086629587719e+01
6.214614286629588946e+01
7.004041286629588114e+01
6.530385086629588898e+01
7.477697486629588752e+01
5.267301886629589092e+01
6.372499686629588211e+01
5.425187286629588357e+01
4.793645686629588454e+01
7.004041286629588114e+01
5.109416486629589116e+01
6.530385086629587477e+01
6.056728886629588260e+01
5.583072686629589043e+01
5.109416486629588405e+01
6.688270486629588163e+01
7.793468286629587283e+01
6.372499686629588211e+01
5.898843486629588284e+01
6.214614286629588946e+01
5.109416486629588405e+01
6.372499686629588211e+01
7.319812086629588066e+01
6.372499686629588211e+01
5.898843486629587574e+01
6.846155886629588849e+01
6.056728886629588260e+01
6.056728886629588260e+01
6.214614286629587525e+01
6.688270486629588163e+01
7.951353686629587969e+01
6.214614286629588946e+01
5.898843486629588995e+01
4.477874886629587081e+01
5.583072686629589043e+01
5.425187286629588357e+01
7.793468286629587283e+01
5.267301886629587671e+01
4.477874886629588502e+01
7.951353686629587969e+01
5.109416486629586984e+01
8.582895286629587872e+01
4.635760286629587767e+01
6.846155886629588849e+01
6.214614286629588946e+01
5.425187286629586936e+01
6.530385086629588898e+01
7.161926686629587380e+01
5.740958086629588308e+01
5.583072686629587622e+01
6.530385086629587477e+01
5.109416486629588405e+01
5.583072686629586912e+01
5.425187286629588357e+01
4.319989486629587816e+01
8.109239086629587234e+01
5.898843486629588995e+01
6.688270486629588163e+01
6.214614286629588946e+01
7.004041286629589536e+01
7.004041286629588114e+01
7.161926686629587380e+01
6.688270486629588163e+01
5.425187286629588357e+01
6.530385086629587477e+01
4.793645686629588454e+01
5.583072686629587622e+01
7.319812086629588066e+01
5.267301886629587671e+01
6.056728886629588260e+01
6.688270486629588163e+01
4.951531086629587719e+01
7.477697486629587331e+01
6.846155886629587428e+01
5.898843486629588995e+01
5.425187286629588357e+01
6.688270486629588163e+01
5.583072686629587622e+01
7.793468286629588704e+01
6.214614286629588236e+01
7.004041286629588114e+01
5.740958086629588308e+01
5.740958086629586887e+01
6.214614286629588946e+01
6.372499686629588211e+01
6.372499686629587501e+01
5.267301886629587671e+01
6.688270486629588163e+01
6.688270486629588163e+01
7.635582886629588018e+01
4.477874886629587081e+01
5.267301886629589092e+01
7.161926686629588801e+01
4.793645686629587033e+01
6.846155886629587428e+01
4.635760286629587767e+01
6.688270486629588163e+01
5.425187286629588357e+01
7.477697486629585910e+01
6.372499686629588211e+01
6.846155886629588849e+01
7.004041286629588114e+01
7.004041286629588114e+01
9.372322286629588461e+01
4.004218686629587154e+01
4.004218686629588575e+01
6.688270486629588163e+01
5.425187286629586936e+01
7.161926686629587380e+01
4.635760286629586346e+01
6.688270486629588163e+01
4.635760286629589189e+01
5.740958086629588308e+01
6.846155886629588849e+01
7.319812086629588066e+01
5.267301886629589092e+01
5.898843486629587574e+01
5.898843486629587574e+01
6.056728886629588970e+01
6.056728886629587549e+01
3.688447886629587913e+01
6.530385086629588898e+01
6.530385086629587477e+01
4.951531086629589140e+01
3.372677086629587251e+01
6.688270486629588163e+01
7.004041286629588114e+01
5.109416486629588405e+01
8.267124486629587921e+01
6.530385086629587477e+01
5.109416486629588405e+01
4.951531086629587719e+01
5.267301886629589092e+01
7.793468286629588704e+01
6.530385086629587477e+01
6.056728886629588260e+01
5.740958086629588308e+01
7.004041286629588114e+01
7.319812086629588066e+01
6.846155886629587428e+01
8.425009886629588607e+01
5.583072686629587622e+01
7.477697486629588752e+01
6.688270486629588163e+01
6.372499686629588211e+01
6.530385086629587477e+01
9.214436886629587775e+01
5.898843486629587574e+01
5.109416486629588405e+01
4.162104086629587130e+01
5.267301886629589092e+01
6.214614286629588236e+01
5.898843486629587574e+01
6.688270486629588163e+01
6.372499686629588211e+01
6.056728886629588260e+01
5.740958086629588308e+01
5.267301886629589092e+01
6.846155886629587428e+01
5.267301886629587671e+01
6.214614286629588946e+01
4.635760286629588478e+01
6.214614286629588946e+01
5.425187286629588357e+01
4.635760286629587767e+01
5.898843486629587574e+01
5.109416486629588405e+01
5.898843486629587574e+01
4.162104086629587130e+01
4.635760286629586346e+01
6.688270486629588163e+01
4.477874886629588502e+01
8.267124486629589342e+01
5.583072686629587622e+01
7.951353686629587969e+01
4.793645686629587033e+01
6.688270486629588163e+01
6.056728886629588260e+01
6.214614286629587525e+01
9.845978486629587678e+01
5.425187286629588357e+01
6.056728886629588260e+01
5.109416486629586984e+01
3.846333286629588599e+01
6.688270486629588163e+01
8.740780686629588558e+01
5.425187286629588357e+01
7.477697486629587331e+01
6.530385086629588898e+01
6.530385086629587477e+01
8.425009886629587186e+01
6.688270486629588163e+01
8.109239086629587234e+01
4.004218686629588575e+01
5.267301886629589092e+01
7.793468286629588704e+01
5.583072686629587622e+01
6.688270486629588163e+01
7.477697486629588752e+01
7.477697486629587331e+01
7.951353686629587969e+01
6.846155886629588849e+01
5.583072686629589043e+01
6.056728886629588260e+01
8.582895286629587872e+01
6.846155886629587428e+01
7.161926686629587380e+01
6.056728886629587549e+01
7.004041286629588114e+01
5.898843486629588995e+01
6.688270486629588163e+01
7.635582886629588018e+01
5.740958086629588308e+01
6.056728886629588260e+01
6.372499686629588211e+01
5.898843486629587574e+01
7.477697486629588752e+01
6.214614286629588946e+01
7.793468286629588704e+01
6.688270486629588163e+01
7.477697486629587331e+01
6.372499686629588211e+01
6.846155886629587428e+01
5.740958086629588308e+01
6.056728886629588260e+01
5.267301886629587671e+01
7.635582886629589439e+01
7.319812086629588066e+01
5.740958086629588308e+01
6.530385086629587477e+01
6.530385086629587477e+01
6.530385086629588898e+01
6.214614286629588236e+01
5.740958086629588308e+01
7.793468286629588704e+01
6.688270486629588163e+01
6.372499686629588211e+01
6.688270486629588163e+01
8.109239086629587234e+01
5.898843486629588284e+01
7.477697486629587331e+01
5.898843486629588995e+01
5.898843486629588995e+01
6.530385086629587477e+01
5.583072686629587622e+01
5.267301886629589092e+01
6.214614286629588236e+01
7.004041286629588114e+01
7.161926686629588801e+01
7.635582886629588018e+01
8.267124486629587921e+01
6.846155886629588849e+01
7.319812086629588066e+01
7.477697486629587331e+01
7.319812086629588066e+01
5.425187286629588357e+01
7.477697486629587331e+01
6.846155886629588849e+01
5.898843486629588995e+01
8.425009886629587186e+01
7.319812086629588066e+01
6.372499686629588211e+01
7.004041286629588114e+01
7.477697486629588752e+01
6.214614286629588946e+01
7.004041286629588114e+01
7.004041286629589536e+01
7.951353686629587969e+01
6.846155886629588849e+01
5.425187286629588357e+01
7.477697486629587331e+01
6.530385086629588898e+01
7.004041286629588114e+01
7.477697486629587331e+01
4.319989486629588527e+01
7.319812086629588066e+01
6.688270486629588163e+01
4.477874886629588502e+01
6.846155886629588849e+01
7.319812086629588066e+01
6.846155886629588849e+01
6.530385086629588898e+01
7.161926686629588801e+01
7.635582886629588018e+01
7.635582886629588018e+01
6.846155886629588849e+01
5.109416486629588405e+01
5.267301886629589092e+01
6.214614286629588946e+01
7.635582886629588018e+01
7.635582886629588018e+01
6.214614286629587525e+01
6.214614286629588946e+01
8.109239086629588655e+01
7.161926686629588801e+01
6.372499686629588211e+01
4.793645686629587743e+01
8.109239086629588655e+01
6.214614286629587525e+01
8.425009886629587186e+01
7.319812086629588066e+01
5.740958086629588308e+01
6.056728886629588260e+01
5.583072686629587622e+01
8.425009886629587186e+01
6.372499686629588211e+01
6.372499686629587501e+01
6.372499686629588211e+01
6.214614286629587525e+01
7.319812086629588066e+01
6.530385086629588898e+01
7.793468286629588704e+01
6.214614286629588236e+01
5.583072686629589043e+01
5.740958086629589019e+01
6.688270486629588163e+01
7.161926686629587380e+01
7.319812086629588066e+01
7.004041286629588114e+01
7.635582886629589439e+01
5.898843486629588995e+01
4.951531086629587719e+01
5.425187286629588357e+01
7.951353686629587969e+01
6.056728886629588260e+01
5.898843486629587574e+01
5.740958086629588308e+01
4.951531086629587719e+01
5.898843486629587574e+01
6.214614286629587525e+01
6.846155886629588849e+01
7.161926686629588801e+01
5.425187286629588357e+01
7.477697486629587331e+01
4.477874886629588502e+01
6.372499686629588211e+01
6.056728886629588970e+01
4.793645686629587033e+01
7.635582886629588018e+01
4.793645686629588454e+01
7.477697486629587331e+01
6.372499686629588211e+01
6.846155886629588849e+01
7.161926686629588801e+01
6.846155886629588849e+01
7.004041286629588114e+01
6.530385086629587477e+01
6.846155886629587428e+01
7.635582886629588018e+01
6.372499686629588211e+01
6.688270486629588163e+01
6.056728886629588260e+01
6.846155886629588849e+01
7.319812086629588066e+01
7.004041286629588114e+01
7.161926686629588801e+01
7.161926686629588801e+01
6.846155886629587428e+01
6.214614286629588946e+01
6.688270486629588163e+01
6.214614286629588236e+01
8.109239086629588655e+01
6.688270486629588163e+01
7.161926686629588801e+01
6.688270486629588163e+01
7.477697486629588752e+01
7.635582886629586596e+01
5.425187286629588357e+01
6.056728886629588260e+01
6.372499686629588922e+01
6.846155886629588849e+01
6.372499686629588211e+01
6.688270486629588163e+01
8.109239086629587234e+01
6.056728886629588260e+01
7.793468286629587283e+01
2.583250086629586662e+01
6.530385086629587477e+01
6.846155886629588849e+01
6.688270486629588163e+01
8.109239086629588655e+01
8.109239086629587234e+01
5.425187286629588357e+01
6.688270486629588163e+01
5.425187286629588357e+01
6.530385086629588898e+01
6.530385086629587477e+01
6.846155886629588849e+01
5.583072686629589043e+01
6.214614286629588946e+01
7.951353686629587969e+01
7.161926686629587380e+01
7.635582886629588018e+01
6.688270486629588163e+01
9.056551486629587089e+01
5.898843486629587574e+01
6.688270486629588163e+01
8.582895286629587872e+01
5.898843486629587574e+01
5.583072686629586912e+01
5.267301886629587671e+01
5.898843486629587574e+01
6.214614286629587525e+01
5.267301886629587671e+01
7.161926686629587380e+01
4.635760286629586346e+01
8.109239086629588655e+01
6.530385086629588898e+01
7.161926686629587380e+01
7.635582886629589439e+01
8.267124486629587921e+01
5.425187286629588357e+01
7.161926686629587380e+01
6.530385086629587477e+01
6.372499686629588211e+01
7.161926686629588801e+01
5.267301886629587671e+01
7.161926686629587380e+01
7.477697486629587331e+01
6.688270486629588163e+01
6.846155886629588849e+01
6.688270486629588163e+01
5.898843486629586863e+01
4.951531086629587719e+01
6.056728886629588260e+01
7.477697486629588752e+01
4.793645686629587033e+01
7.004041286629588114e+01
4.004218686629587864e+01
5.898843486629588995e+01
7.161926686629588801e+01
6.688270486629588163e+01
7.319812086629588066e+01
5.898843486629587574e+01
7.161926686629588801e+01
5.425187286629588357e+01
6.056728886629588260e+01
7.004041286629589536e+01
7.793468286629588704e+01
7.161926686629588801e+01
6.530385086629587477e+01
8.109239086629588655e+01
6.214614286629588236e+01
6.688270486629588163e+01
6.372499686629588922e+01
5.740958086629587598e+01
4.477874886629588502e+01
6.372499686629588211e+01
5.425187286629588357e+01
7.004041286629588114e+01
7.004041286629588114e+01
4.793645686629587033e+01
7.004041286629588114e+01
5.109416486629588405e+01
7.477697486629588752e+01
3.530562486629587937e+01
7.004041286629588114e+01
5.425187286629588357e+01
5.109416486629588405e+01
5.898843486629588284e+01
7.793468286629588704e+01
7.004041286629588114e+01
5.583072686629589043e+01
8.267124486629587921e+01
7.793468286629587283e+01
5.425187286629589067e+01
8.898666086629587824e+01
7.793468286629587283e+01
8.109239086629587234e+01
6.688270486629588163e+01
8.740780686629588558e+01
6.056728886629588260e+01
8.582895286629587872e+01
6.688270486629588163e+01
5.267301886629587671e+01
8.267124486629587921e+01
5.267301886629587671e+01
5.740958086629588308e+01
7.161926686629587380e+01
7.319812086629588066e+01
7.319812086629588066e+01
7.635582886629588018e+01
6.530385086629587477e+01
5.740958086629589019e+01
7.635582886629588018e+01
6.056728886629588260e+01
7.635582886629588018e+01
5.740958086629588308e+01
5.740958086629588308e+01
5.898843486629587574e+01
4.951531086629587719e+01
6.846155886629588849e+01
5.740958086629588308e+01
5.898843486629588995e+01
6.214614286629588946e+01
6.846155886629587428e+01
5.740958086629588308e+01
3.688447886629587202e+01
6.372499686629588211e+01
4.635760286629588478e+01
7.477697486629588752e+01
7.004041286629588114e+01
7.004041286629588114e+01
7.477697486629588752e+01
7.477697486629588752e+01
7.951353686629587969e+01
5.898843486629588995e+01
4.635760286629587767e+01
5.267301886629589092e+01
8.425009886629588607e+01
5.267301886629589092e+01
6.372499686629588211e+01
5.898843486629588284e+01
5.898843486629587574e+01
5.267301886629589092e+01
6.214614286629587525e+01
7.477697486629588752e+01
5.740958086629588308e+01
7.004041286629588114e+01
6.688270486629588163e+01
7.319812086629588066e+01
5.898843486629588284e+01
5.583072686629588333e+01
6.530385086629587477e+01
6.846155886629588849e+01
6.056728886629588260e+01
7.635582886629588018e+01
6.214614286629588946e+01
7.635582886629588018e+01
6.372499686629588211e+01
8.109239086629588655e+01
6.214614286629588946e+01
8.267124486629587921e+01
7.319812086629588066e+01
7.004041286629588114e+01
6.530385086629588898e+01
5.583072686629587622e+01
6.214614286629588946e+01
6.056728886629588260e+01
9.372322286629588461e+01
5.583072686629587622e+01
7.004041286629588114e+01
7.951353686629587969e+01
6.530385086629588898e+01
5.898843486629587574e+01
7.477697486629587331e+01
7.951353686629587969e+01
5.267301886629587671e+01
6.530385086629587477e+01
7.793468286629587283e+01
6.214614286629587525e+01
7.635582886629586596e+01
5.898843486629587574e+01
8.267124486629587921e+01
7.793468286629587283e+01
6.372499686629588211e+01
6.372499686629588211e+01
7.635582886629586596e+01
6.372499686629588211e+01
6.846155886629588849e+01
8.425009886629587186e+01
3.372677086629587251e+01
5.425187286629586936e+01
7.004041286629588114e+01
5.898843486629587574e+01
6.846155886629588849e+01
5.109416486629588405e+01
8.267124486629589342e+01
5.109416486629588405e+01
8.425009886629588607e+01
5.898843486629588995e+01
7.635582886629588018e+01
5.583072686629589043e+01
7.793468286629588704e+01
9.372322286629588461e+01
4.951531086629588430e+01
6.688270486629588163e+01
6.214614286629588946e+01
7.477697486629588752e+01
8.425009886629587186e+01
7.793468286629587283e+01
6.372499686629588211e+01
4.793645686629589164e+01
6.214614286629587525e+01
6.214614286629588946e+01
7.951353686629587969e+01
5.109416486629588405e+01
4.951531086629589140e+01
6.372499686629588211e+01
6.056728886629588260e+01
7.319812086629588066e+01
4.951531086629586298e+01
6.688270486629588163e+01
3.372677086629587251e+01
6.530385086629588898e+01
6.214614286629586815e+01
7.161926686629587380e+01
8.267124486629589342e+01
5.583072686629587622e+01
4.635760286629586346e+01
5.898843486629588284e+01
7.951353686629587969e+01
5.898843486629588995e+01
6.530385086629587477e+01
5.425187286629586936e+01
7.319812086629588066e+01
5.583072686629586912e+01
7.004041286629588114e+01
5.898843486629587574e+01
7.477697486629587331e+01
5.898843486629587574e+01
4.319989486629588527e+01
7.319812086629588066e+01
5.740958086629588308e+01
7.004041286629588114e+01
8.109239086629588655e+01
6.056728886629588260e+01
5.898843486629588995e+01
7.161926686629587380e+01
4.793645686629588454e+01
5.583072686629586912e+01
5.583072686629587622e+01
3.846333286629587178e+01
7.635582886629588018e+01
6.214614286629588236e+01
4.635760286629588478e+01
8.267124486629587921e+01
6.056728886629588260e+01
7.004041286629588114e+01
6.846155886629588849e+01
6.214614286629587525e+01
6.688270486629588163e+01
5.898843486629587574e+01
5.898843486629588995e+01
6.846155886629587428e+01
7.951353686629586548e+01
6.214614286629588946e+01
5.425187286629588357e+01
6.688270486629588163e+01
5.583072686629586912e+01
5.425187286629588357e+01
8.109239086629588655e+01
7.477697486629587331e+01
6.846155886629588849e+01
6.214614286629587525e+01
6.530385086629587477e+01
5.898843486629587574e+01
8.267124486629589342e+01
7.004041286629588114e+01
7.635582886629588018e+01
5.267301886629589092e+01
8.267124486629587921e+01
5.740958086629588308e+01
6.214614286629588946e+01
6.846155886629588849e+01
7.004041286629588114e+01
8.425009886629588607e+01
7.004041286629589536e+01
7.004041286629588114e+01
7.793468286629588704e+01
8.425009886629587186e+01
7.951353686629587969e+01
5.898843486629588995e+01
7.635582886629588018e+01
6.056728886629588260e+01
5.898843486629587574e+01
7.161926686629588801e+01
7.161926686629587380e+01
6.056728886629588260e+01
7.161926686629587380e+01
4.951531086629586298e+01
5.583072686629587622e+01
7.477697486629587331e+01
6.214614286629587525e+01
8.425009886629588607e+01
7.004041286629588114e+01
7.477697486629588752e+01
7.004041286629588114e+01
6.214614286629588946e+01
7.319812086629588066e+01
5.898843486629587574e+01
5.583072686629588333e+01
6.214614286629588946e+01
8.425009886629588607e+01
7.319812086629588066e+01
6.372499686629588211e+01
8.267124486629587921e+01
5.898843486629588284e+01
6.056728886629588260e+01
6.372499686629588211e+01
7.004041286629588114e+01
6.846155886629587428e+01
6.688270486629588163e+01
6.372499686629588211e+01
6.846155886629588849e+01
6.214614286629588236e+01
7.161926686629587380e+01
4.477874886629587792e+01
7.161926686629587380e+01
4.004218686629588575e+01
6.214614286629588236e+01
4.477874886629588502e+01
7.161926686629587380e+01
6.056728886629588260e+01
7.161926686629587380e+01
7.477697486629588752e+01
6.214614286629587525e+01
5.583072686629587622e+01
7.793468286629588704e+01
2.741135486629587348e+01
7.004041286629588114e+01
6.530385086629588898e+01
6.214614286629588236e+01
5.898843486629588995e+01
7.793468286629588704e+01
4.635760286629587767e+01
5.898843486629586863e+01
6.372499686629588211e+01
4.951531086629589140e+01
7.161926686629587380e+01
7.477697486629588752e+01
7.793468286629587283e+01
6.214614286629588236e+01
6.372499686629588211e+01
6.214614286629587525e+01
6.530385086629588898e+01
5.109416486629586984e+01
6.688270486629588163e+01
7.793468286629588704e+01
5.267301886629587671e+01
5.267301886629587671e+01
5.425187286629587646e+01
4.004218686629586443e+01
6.846155886629588849e+01
5.109416486629588405e+01
6.846155886629587428e+01
6.688270486629588163e+01
6.214614286629587525e+01
4.793645686629589164e+01
6.688270486629588163e+01
5.267301886629587671e+01
5.740958086629588308e+01
5.109416486629588405e+01
5.109416486629588405e+01
5.740958086629589019e+01
6.056728886629588260e+01
5.109416486629588405e+01
5.740958086629588308e+01
8.109239086629588655e+01
6.688270486629588163e+01
6.372499686629588211e+01
7.635582886629588018e+01
7.004041286629588114e+01
5.425187286629588357e+01
6.688270486629588163e+01
6.846155886629588849e+01
5.583072686629589043e+01
6.530385086629587477e+01
5.740958086629588308e+01
4.477874886629587081e+01
6.372499686629588211e+01
5.740958086629588308e+01
6.056728886629588260e+01
5.898843486629587574e+01
7.004041286629588114e+01
6.214614286629588946e+01
7.477697486629588752e+01
7.161926686629588801e+01
6.372499686629588211e+01
8.582895286629587872e+01
5.740958086629588308e+01
6.530385086629588898e+01
4.635760286629589189e+01
7.477697486629588752e+01
7.477697486629588752e+01
5.583072686629587622e+01
5.740958086629587598e+01
6.214614286629588946e+01
6.214614286629587525e+01
5.425187286629588357e+01
6.214614286629588236e+01
7.161926686629588801e+01
6.846155886629587428e+01
5.583072686629589043e+01
5.583072686629589043e+01
5.740958086629588308e+01
4.319989486629587816e+01
6.056728886629588260e+01
6.372499686629588211e+01
7.319812086629588066e+01
4.793645686629588454e+01
6.214614286629588946e+01
6.530385086629587477e+01
6.056728886629588260e+01
6.056728886629588970e+01
6.372499686629587501e+01
6.372499686629588211e+01
6.530385086629587477e+01
5.425187286629588357e+01
5.425187286629588357e+01
5.425187286629588357e+01
5.740958086629586887e+01
6.056728886629588970e+01
6.214614286629587525e+01
5.425187286629588357e+01
4.319989486629586395e+01
6.056728886629588260e+01
8.898666086629586403e+01
7.004041286629588114e+01
7.793468286629587283e+01
6.846155886629588849e+01
7.319812086629588066e+01
7.319812086629588066e+01
6.846155886629588849e+01
6.372499686629588211e+01
7.635582886629588018e+01
6.056728886629587549e+01
4.477874886629588502e+01
6.688270486629588163e+01
8.267124486629587921e+01
5.425187286629588357e+01
7.951353686629587969e+01
9.372322286629587040e+01
7.004041286629588114e+01
8.109239086629587234e+01
6.372499686629588211e+01
1.031963468662958689e+02
6.372499686629588211e+01
6.214614286629588946e+01
8.109239086629587234e+01
6.372499686629588922e+01
7.161926686629588801e+01
6.056728886629588260e+01
5.109416486629588405e+01
5.740958086629588308e+01
6.530385086629587477e+01
5.267301886629589092e+01
4.004218686629587864e+01
6.372499686629588211e+01
7.161926686629587380e+01
4.793645686629588454e+01
5.109416486629586984e+01
5.898843486629588995e+01
5.109416486629588405e+01
4.793645686629587033e+01
6.214614286629588946e+01
4.477874886629587081e+01
6.688270486629588163e+01
3.688447886629586492e+01
8.109239086629587234e+01
4.951531086629586298e+01
7.635582886629589439e+01
5.740958086629588308e+01
3.846333286629587889e+01
5.109416486629586984e+01
4.951531086629589140e+01
6.530385086629588898e+01
6.214614286629588946e+01
6.846155886629588849e+01
6.846155886629588849e+01
7.161926686629588801e+01
7.635582886629586596e+01
6.056728886629588260e+01
5.898843486629588995e+01
4.951531086629587719e+01
6.530385086629587477e+01
7.319812086629588066e+01
5.109416486629588405e+01
5.583072686629587622e+01
6.372499686629588922e+01
5.109416486629588405e+01
4.951531086629589140e+01
7.004041286629588114e+01
5.425187286629588357e+01
5.109416486629588405e+01
3.372677086629587251e+01
6.056728886629587549e+01
5.740958086629587598e+01
5.109416486629588405e+01
5.109416486629588405e+01
5.109416486629586984e+01
7.161926686629588801e+01
5.109416486629588405e+01
7.319812086629588066e+01
7.004041286629589536e+01
4.319989486629587816e+01
6.214614286629588946e+01
6.846155886629587428e+01
7.793468286629587283e+01
4.635760286629587767e+01
4.477874886629587081e+01
5.583072686629589043e+01
6.214614286629588236e+01
9.056551486629587089e+01
7.477697486629588752e+01
7.951353686629587969e+01
3.846333286629587178e+01
6.372499686629588211e+01
6.688270486629588163e+01
8.267124486629587921e+01
6.846155886629587428e+01
8.267124486629587921e+01
4.951531086629587719e+01
7.004041286629588114e+01
7.161926686629587380e+01
8.109239086629587234e+01
6.056728886629588260e+01
7.004041286629588114e+01
4.793645686629587743e+01
7.319812086629588066e+01
5.425187286629588357e+01
6.530385086629588898e+01
5.267301886629587671e+01
6.372499686629588211e+01
7.319812086629588066e+01
8.582895286629586451e+01
7.635582886629588018e+01
6.214614286629588946e+01
4.793645686629588454e+01
4.951531086629587719e+01
6.688270486629588163e+01
5.740958086629588308e+01
6.688270486629588163e+01
5.740958086629588308e+01
6.056728886629588260e+01
6.530385086629588898e+01
7.635582886629588018e+01
6.530385086629587477e+01
7.319812086629588066e+01
7.161926686629587380e+01
6.688270486629588163e+01
7.793468286629587283e+01
5.109416486629588405e+01
5.109416486629588405e+01
6.372499686629588211e+01
5.740958086629588308e+01
6.530385086629587477e+01
5.583072686629589043e+01
5.425187286629588357e+01
5.740958086629588308e+01
5.740958086629588308e+01
7.951353686629587969e+01
4.635760286629587767e+01
6.688270486629588163e+01
6.056728886629588260e+01
7.161926686629587380e+01
6.214614286629587525e+01
7.951353686629586548e+01
6.372499686629588211e+01
5.583072686629587622e+01
7.319812086629588066e+01
6.372499686629588922e+01
7.477697486629587331e+01
5.583072686629589043e+01
5.109416486629588405e+01
7.161926686629588801e+01
5.740958086629588308e+01
7.004041286629588114e+01
5.425187286629588357e+01
6.372499686629588211e+01
6.530385086629588898e+01
5.267301886629589092e+01
6.372499686629588211e+01
7.004041286629586693e+01
6.214614286629587525e+01
6.688270486629588163e+01
6.846155886629587428e+01
4.635760286629588478e+01
8.898666086629589245e+01
3.214791686629587275e+01
6.056728886629588260e+01
8.267124486629587921e+01
8.267124486629587921e+01
6.846155886629587428e+01
5.583072686629587622e+01
8.267124486629586499e+01
6.372499686629588211e+01
6.056728886629588260e+01
6.530385086629588898e+01
6.372499686629588211e+01
8.582895286629587872e+01
6.688270486629588163e+01
6.530385086629587477e+01
7.793468286629587283e+01
7.004041286629588114e+01
5.583072686629589043e+01
6.056728886629588260e+01
5.898843486629586863e+01
6.214614286629588236e+01
8.582895286629586451e+01
5.583072686629587622e+01
6.530385086629587477e+01
7.161926686629587380e+01
5.898843486629588284e+01
7.635582886629588018e+01
8.109239086629587234e+01
7.004041286629588114e+01
7.477697486629588752e+01
5.740958086629588308e+01
5.740958086629589019e+01
3.688447886629587913e+01
5.267301886629587671e+01
6.846155886629588849e+01
6.056728886629588260e+01
6.372499686629588211e+01
7.161926686629588801e+01
6.688270486629588163e+01
9.056551486629587089e+01
6.688270486629588163e+01
7.635582886629588018e+01
5.109416486629588405e+01
6.530385086629587477e+01
6.530385086629587477e+01
6.530385086629588898e+01
7.793468286629587283e+01
5.583072686629587622e+01
7.477697486629587331e+01
7.161926686629588801e+01
7.793468286629588704e+01
7.004041286629588114e+01
5.109416486629588405e+01
5.898843486629588995e+01
7.319812086629588066e+01
6.530385086629587477e+01
7.004041286629588114e+01
6.846155886629588849e+01
6.688270486629588163e+01
6.056728886629588260e+01
6.372499686629588922e+01
7.319812086629588066e+01
7.161926686629587380e+01
4.951531086629588430e+01
5.898843486629587574e+01
7.319812086629588066e+01
7.319812086629588066e+01
5.898843486629588995e+01
5.583072686629587622e+01
6.056728886629588970e+01
5.583072686629587622e+01
7.004041286629588114e+01
5.267301886629587671e+01
7.635582886629588018e+01
5.898843486629587574e+01
7.793468286629588704e+01
7.319812086629588066e+01
6.056728886629588260e+01
7.004041286629586693e+01
5.740958086629588308e+01
7.477697486629588752e+01
7.951353686629587969e+01
6.214614286629587525e+01
6.372499686629588211e+01
7.951353686629587969e+01
7.951353686629587969e+01
6.372499686629588211e+01
6.846155886629587428e+01
4.951531086629586298e+01
6.214614286629587525e+01
6.372499686629588211e+01
5.425187286629588357e+01
8.267124486629587921e+01
6.056728886629588260e+01
5.898843486629588995e+01
8.740780686629588558e+01
6.688270486629588163e+01
5.267301886629589092e+01
7.793468286629587283e+01
5.898843486629588995e+01
7.951353686629587969e+01
7.635582886629588018e+01
5.583072686629588333e+01
6.530385086629587477e+01
5.267301886629587671e+01
6.372499686629588211e+01
6.214614286629587525e+01
7.161926686629587380e+01
5.898843486629587574e+01
7.793468286629587283e+01
7.004041286629588114e+01
5.898843486629588995e+01
7.635582886629586596e+01
6.688270486629588163e+01
6.846155886629588849e+01
5.267301886629589092e+01
6.846155886629588849e+01
7.477697486629588752e+01
6.846155886629588849e+01
7.635582886629588018e+01
6.056728886629588260e+01
4.951531086629588430e+01
7.004041286629588114e+01
7.477697486629588752e+01
9.056551486629587089e+01
5.425187286629588357e+01
8.109239086629588655e+01
7.477697486629588752e+01
5.109416486629588405e+01
7.951353686629587969e+01
6.530385086629587477e+01
6.530385086629588898e+01
6.846155886629588849e+01
6.846155886629587428e+01
8.267124486629587921e+01
5.267301886629589092e+01
7.004041286629588114e+01
6.846155886629588849e+01
9.056551486629588510e+01
7.004041286629588114e+01
5.740958086629588308e+01
3.530562486629587937e+01
6.372499686629588211e+01
5.267301886629587671e+01
6.846155886629587428e+01
4.635760286629586346e+01
4.793645686629589164e+01
7.635582886629588018e+01
5.898843486629587574e+01
6.688270486629588163e+01
6.372499686629588211e+01
6.846155886629587428e+01
8.425009886629587186e+01
8.267124486629586499e+01
8.425009886629587186e+01
7.319812086629588066e+01
6.214614286629587525e+01
8.425009886629587186e+01
5.898843486629588284e+01
7.951353686629586548e+01
7.161926686629587380e+01
7.161926686629587380e+01
5.898843486629588995e+01
6.688270486629588163e+01
6.056728886629588260e+01
7.161926686629587380e+01
7.161926686629587380e+01
5.583072686629587622e+01
7.319812086629588066e+01
9.214436886629586354e+01
7.319812086629588066e+01
8.267124486629587921e+01
8.898666086629586403e+01
6.214614286629587525e+01
7.161926686629588801e+01
6.846155886629588849e+01
5.267301886629588381e+01
6.530385086629588898e+01
7.635582886629588018e+01
7.951353686629587969e+01
7.161926686629587380e+01
7.004041286629588114e+01
7.004041286629589536e+01
4.951531086629588430e+01
7.635582886629588018e+01
5.898843486629586863e+01
6.372499686629588211e+01
6.372499686629588211e+01
4.477874886629588502e+01
5.425187286629588357e+01
6.056728886629588260e+01
6.372499686629588211e+01
4.793645686629588454e+01
7.951353686629587969e+01
7.161926686629587380e+01
7.004041286629589536e+01
6.530385086629588898e+01
5.267301886629589092e+01
6.372499686629588211e+01
7.319812086629588066e+01
7.793468286629588704e+01
8.267124486629586499e+01
6.530385086629588898e+01
6.846155886629587428e+01
5.267301886629587671e+01
4.162104086629588551e+01
7.951353686629587969e+01
8.267124486629587921e+01
7.635582886629588018e+01
6.372499686629588211e+01
7.477697486629588752e+01
7.793468286629587283e+01
7.319812086629588066e+01
6.214614286629588946e+01
7.004041286629589536e+01
7.004041286629588114e+01
6.846155886629588849e+01
5.109416486629588405e+01
5.583072686629588333e+01
8.582895286629586451e+01
7.161926686629587380e+01
8.425009886629588607e+01
5.109416486629588405e+01
6.688270486629588163e+01
4.793645686629588454e+01
6.530385086629587477e+01
7.951353686629587969e+01
6.372499686629588922e+01
6.688270486629588163e+01
6.214614286629588946e+01
5.425187286629586936e+01
6.530385086629588898e+01
7.004041286629588114e+01
5.583072686629587622e+01
6.214614286629587525e+01
6.214614286629587525e+01
7.161926686629587380e+01
7.161926686629588801e+01
5.898843486629587574e+01
6.214614286629588946e+01
6.372499686629588211e+01
7.161926686629587380e+01
7.951353686629587969e+01
5.740958086629588308e+01
5.425187286629588357e+01
6.056728886629588260e+01
7.004041286629588114e+01
6.530385086629588898e+01
7.477697486629588752e+01
6.214614286629587525e+01
6.372499686629588922e+01
6.214614286629588946e+01
6.372499686629587501e+01
6.846155886629587428e+01
6.214614286629587525e+01
7.161926686629587380e+01
7.793468286629587283e+01
6.372499686629588922e+01
6.846155886629587428e+01
5.109416486629588405e+01
8.267124486629587921e+01
7.004041286629588114e+01
8.267124486629587921e+01
8.425009886629588607e+01
6.846155886629588849e+01
7.161926686629587380e+01
6.372499686629588211e+01
7.004041286629588114e+01
4.477874886629587081e+01
6.372499686629588211e+01
7.161926686629587380e+01
6.688270486629588163e+01
4.635760286629587767e+01
6.530385086629587477e+01
6.214614286629588236e+01
6.056728886629588260e+01
4.951531086629588430e+01
5.425187286629588357e+01
6.056728886629588260e+01
6.530385086629588898e+01
6.530385086629588898e+01
8.740780686629588558e+01
6.214614286629588946e+01
6.214614286629588236e+01
4.635760286629587767e+01
6.214614286629588946e+01
6.688270486629588163e+01
7.477697486629588752e+01
7.319812086629588066e+01
6.846155886629588849e+01
7.004041286629589536e+01
8.267124486629587921e+01
4.477874886629587081e+01
5.425187286629588357e+01
6.372499686629588211e+01
6.056728886629587549e+01
3.688447886629587913e+01
8.267124486629586499e+01
6.688270486629588163e+01
7.161926686629587380e+01
7.793468286629588704e+01
6.372499686629588211e+01
3.214791686629586565e+01
5.740958086629588308e+01
7.951353686629587969e+01
5.740958086629587598e+01
6.214614286629588946e+01
5.425187286629588357e+01
5.740958086629588308e+01
8.740780686629587137e+01
8.109239086629588655e+01
6.688270486629588163e+01
8.582895286629587872e+01
6.530385086629588898e+01
5.425187286629588357e+01
8.267124486629586499e+01
4.951531086629588430e+01
6.372499686629588211e+01
4.319989486629586395e+01
7.635582886629588018e+01
7.161926686629587380e+01
6.056728886629588260e+01
8.740780686629587137e+01
7.004041286629588114e+01
6.530385086629588898e+01
6.214614286629587525e+01
6.688270486629588163e+01
7.477697486629588752e+01
6.530385086629587477e+01
6.688270486629588163e+01
7.477697486629587331e+01
7.635582886629586596e+01
6.056728886629588260e+01
7.477697486629588752e+01
6.688270486629588163e+01
7.004041286629588114e+01
6.056728886629588260e+01
5.583072686629589043e+01
8.425009886629588607e+01
6.688270486629588163e+01
7.793468286629587283e+01
7.319812086629586645e+01
5.740958086629588308e+01
7.793468286629587283e+01
6.688270486629588163e+01
7.004041286629588114e+01
5.583072686629589043e+01
4.162104086629587130e+01
7.635582886629588018e+01
6.214614286629587525e+01
6.372499686629588922e+01
7.319812086629586645e+01
4.951531086629587719e+01
6.056728886629588260e+01
6.530385086629588898e+01
5.740958086629588308e+01
5.898843486629587574e+01
7.635582886629588018e+01
6.214614286629587525e+01
6.214614286629587525e+01
7.004041286629588114e+01
6.688270486629588163e+01
4.635760286629588478e+01
6.688270486629588163e+01
5.898843486629587574e+01
7.951353686629587969e+01
5.425187286629586936e+01
6.214614286629588946e+01
5.740958086629588308e+01
5.740958086629588308e+01
7.319812086629588066e+01
5.267301886629587671e+01
7.004041286629588114e+01
6.214614286629588946e+01
5.425187286629588357e+01
5.898843486629588995e+01
5.109416486629588405e+01
7.319812086629588066e+01
6.056728886629588260e+01
8.582895286629587872e+01
5.583072686629589043e+01
5.898843486629588995e+01
6.688270486629588163e+01
5.267301886629589092e+01
9.056551486629587089e+01
8.109239086629587234e+01
6.530385086629588898e+01
4.477874886629589213e+01
6.530385086629587477e+01
4.793645686629587033e+01
7.319812086629588066e+01
4.793645686629588454e+01
6.688270486629588163e+01
4.951531086629588430e+01
4.319989486629587816e+01
5.898843486629588995e+01
5.740958086629588308e+01
7.477697486629588752e+01
6.530385086629588898e+01
6.214614286629588946e+01
5.425187286629588357e+01
6.214614286629587525e+01
6.214614286629588946e+01
6.214614286629588946e+01
7.477697486629588752e+01
7.477697486629587331e+01
7.004041286629588114e+01
5.898843486629588995e+01
6.530385086629588898e+01
7.161926686629588801e+01
6.530385086629588898e+01
8.267124486629587921e+01
5.267301886629587671e+01
5.740958086629587598e+01
5.425187286629588357e+01
5.109416486629588405e+01
4.951531086629586298e+01
5.425187286629588357e+01
6.846155886629588849e+01
6.056728886629588260e+01
5.898843486629588995e+01
6.214614286629587525e+01
4.635760286629587767e+01
5.583072686629587622e+01
5.109416486629588405e+01
6.530385086629587477e+01
4.319989486629588527e+01
6.056728886629588260e+01
4.004218686629587864e+01
8.109239086629588655e+01
4.162104086629587130e+01
5.425187286629589067e+01
6.688270486629588163e+01
7.319812086629588066e+01
5.425187286629589067e+01
7.161926686629588801e+01
8.425009886629588607e+01
5.109416486629586984e+01
6.688270486629588163e+01
6.056728886629588260e+01
7.635582886629588018e+01
6.056728886629588260e+01
5.109416486629589116e+01
8.582895286629587872e+01
4.319989486629588527e+01
5.740958086629588308e+01
5.740958086629588308e+01
7.161926686629588801e+01
6.846155886629588849e+01
5.109416486629588405e+01
6.372499686629588922e+01
6.214614286629588946e+01
8.740780686629587137e+01
6.214614286629587525e+01
4.162104086629588551e+01
7.793468286629588704e+01
6.214614286629588946e+01
7.951353686629587969e+01
5.898843486629587574e+01
6.846155886629587428e+01
6.846155886629588849e+01
6.056728886629588260e+01
6.846155886629588849e+01
4.319989486629586395e+01
7.319812086629588066e+01
7.635582886629588018e+01
4.951531086629588430e+01
6.846155886629588849e+01
8.740780686629588558e+01
5.898843486629588995e+01
7.319812086629588066e+01
5.898843486629587574e+01
6.372499686629588211e+01
7.004041286629588114e+01
7.635582886629588018e+01
6.530385086629588898e+01
5.583072686629589043e+01
7.477697486629588752e+01
5.898843486629588995e+01
8.582895286629587872e+01
6.530385086629587477e+01
7.004041286629588114e+01
7.951353686629587969e+01
7.319812086629588066e+01
4.793645686629588454e+01
5.583072686629589043e+01
4.635760286629588478e+01
6.372499686629588211e+01
6.214614286629587525e+01
7.161926686629588801e+01
5.898843486629587574e+01
7.004041286629589536e+01
5.583072686629586912e+01
6.846155886629587428e+01
5.425187286629588357e+01
7.161926686629587380e+01
6.846155886629587428e+01
4.635760286629588478e+01
6.530385086629587477e+01
5.740958086629588308e+01
5.740958086629588308e+01
5.583072686629587622e+01
5.583072686629587622e+01
7.161926686629588801e+01
5.425187286629588357e+01
7.951353686629587969e+01
7.004041286629588114e+01
5.898843486629587574e+01
5.425187286629586936e+01
5.109416486629588405e+01
4.793645686629587033e+01
7.477697486629587331e+01
6.372499686629588211e+01
5.109416486629588405e+01
8.109239086629588655e+01
6.530385086629588898e+01
6.688270486629588163e+01
6.214614286629588946e+01
6.372499686629588211e+01
5.740958086629587598e+01
5.425187286629588357e+01
6.056728886629588260e+01
4.004218686629587864e+01
7.161926686629588801e+01
8.267124486629587921e+01
6.530385086629587477e+01
7.319812086629588066e+01
7.793468286629588704e+01
6.688270486629588163e+01
4.951531086629589140e+01
5.898843486629588995e+01
4.635760286629587767e+01
6.372499686629588211e+01
5.898843486629587574e+01
7.004041286629588114e+01
6.688270486629588163e+01
4.162104086629587130e+01
6.688270486629588163e+01
6.214614286629588946e+01
6.846155886629588849e+01
6.372499686629588211e+01
5.740958086629588308e+01
4.635760286629587767e+01
5.583072686629587622e+01
7.004041286629588114e+01
6.214614286629587525e+01
7.319812086629588066e+01
6.056728886629588260e+01
6.372499686629588211e+01
6.530385086629588898e+01
5.267301886629588381e+01
8.898666086629589245e+01
8.109239086629587234e+01
4.951531086629588430e+01
8.109239086629587234e+01
4.951531086629589140e+01
7.319812086629588066e+01
5.898843486629588995e+01
6.688270486629588163e+01
6.056728886629588260e+01
7.004041286629588114e+01
7.319812086629588066e+01
6.056728886629588260e+01
8.109239086629588655e+01
7.477697486629588752e+01
8.109239086629587234e+01
6.846155886629587428e+01
9.056551486629587089e+01
5.740958086629588308e+01
4.793645686629587033e+01
7.477697486629587331e+01
6.372499686629588211e+01
7.161926686629588801e+01
7.793468286629587283e+01
5.740958086629588308e+01
5.740958086629588308e+01
6.530385086629587477e+01
6.372499686629588211e+01
7.161926686629588801e+01
6.056728886629588260e+01
5.740958086629588308e+01
6.214614286629588236e+01
7.951353686629587969e+01
6.688270486629588163e+01
7.004041286629588114e+01
6.688270486629588163e+01
6.372499686629588211e+01
6.530385086629588898e+01
5.583072686629589043e+01
7.951353686629587969e+01
6.530385086629588898e+01
6.214614286629587525e+01
6.372499686629588211e+01
5.583072686629587622e+01
6.530385086629588898e+01
7.477697486629587331e+01
6.056728886629588970e+01
6.530385086629588898e+01
7.635582886629588018e+01
5.898843486629587574e+01
5.898843486629587574e+01
5.425187286629588357e+01
7.161926686629588801e+01
3.846333286629587889e+01
5.898843486629588995e+01
7.477697486629587331e+01
5.425187286629587646e+01
7.477697486629588752e+01
7.951353686629587969e+01
4.477874886629589213e+01
7.004041286629588114e+01
4.951531086629587719e+01
6.530385086629587477e+01
9.056551486629587089e+01
4.951531086629587719e+01
5.583072686629587622e+01
4.004218686629588575e+01
9.530207686629589148e+01
5.740958086629586887e+01
5.740958086629588308e+01
7.161926686629588801e+01
6.846155886629588849e+01
6.846155886629587428e+01
5.740958086629588308e+01
7.004041286629589536e+01
8.267124486629587921e+01
7.161926686629587380e+01
7.951353686629587969e+01
7.319812086629588066e+01
6.688270486629588163e+01
5.898843486629587574e+01
5.740958086629586887e+01
6.214614286629588946e+01
7.319812086629588066e+01
8.267124486629587921e+01
5.583072686629589043e+01
6.530385086629588898e+01
6.214614286629587525e+01
7.319812086629588066e+01
5.898843486629588995e+01
5.267301886629589092e+01
7.477697486629588752e+01
5.267301886629588381e+01
8.898666086629586403e+01
4.635760286629587767e+01
7.951353686629587969e+01
5.425187286629588357e+01
5.740958086629588308e+01
4.793645686629587033e+01
7.161926686629587380e+01
6.846155886629587428e+01
4.162104086629587130e+01
8.109239086629588655e+01
7.319812086629588066e+01
5.425187286629588357e+01
6.056728886629588260e+01
5.267301886629589092e+01
6.846155886629587428e+01
5.740958086629589019e+01
7.793468286629587283e+01
5.109416486629588405e+01
7.161926686629588801e+01
6.846155886629588849e+01
7.319812086629588066e+01
5.898843486629587574e+01
7.004041286629588114e+01
7.477697486629588752e+01
6.214614286629588946e+01
7.793468286629587283e+01
8.109239086629588655e+01
5.425187286629588357e+01
6.056728886629588260e+01
6.214614286629588946e+01
7.004041286629588114e+01
6.372499686629588211e+01
7.319812086629588066e+01
5.740958086629589019e+01
7.793468286629587283e+01
8.109239086629587234e+01
7.161926686629588801e+01
9.214436886629587775e+01
5.425187286629588357e+01
6.846155886629587428e+01
7.161926686629587380e+01
8.582895286629587872e+01
6.846155886629588849e+01
7.793468286629587283e+01
7.477697486629587331e+01
8.425009886629588607e+01
8.425009886629587186e+01
7.319812086629588066e+01
7.161926686629587380e+01
6.372499686629588211e+01
4.004218686629587864e+01
6.688270486629588163e+01
6.846155886629587428e+01
7.951353686629587969e+01
8.109239086629588655e+01
6.372499686629588922e+01
6.214614286629588946e+01
7.951353686629587969e+01
4.319989486629588527e+01
7.635582886629586596e+01
8.425009886629587186e+01
7.477697486629588752e+01
6.530385086629587477e+01
4.635760286629587767e+01
5.898843486629587574e+01
5.740958086629588308e+01
5.425187286629588357e+01
6.530385086629587477e+01
4.319989486629586395e+01
7.793468286629588704e+01
6.214614286629587525e+01
7.161926686629588801e+01
5.583072686629587622e+01
7.635582886629589439e+01
7.477697486629587331e+01
4.004218686629588575e+01
6.214614286629588236e+01
5.425187286629588357e+01
7.004041286629588114e+01
4.635760286629587767e+01
8.425009886629588607e+01
4.951531086629587719e+01
6.846155886629588849e+01
7.004041286629588114e+01
5.898843486629588995e+01
8.740780686629587137e+01
6.846155886629587428e+01
7.477697486629588752e+01
7.004041286629589536e+01
8.740780686629587137e+01
6.688270486629588163e+01
6.846155886629587428e+01
7.477697486629588752e+01
5.898843486629587574e+01
5.583072686629589043e+01
6.372499686629588211e+01
8.267124486629587921e+01
5.267301886629587671e+01
8.425009886629588607e+01
6.372499686629588211e+01
6.846155886629588849e+01
8.109239086629588655e+01
6.372499686629588211e+01
8.898666086629589245e+01
6.056728886629588260e+01
7.319812086629588066e+01
7.319812086629588066e+01
7.319812086629588066e+01
6.688270486629588163e+01
9.056551486629587089e+01
7.161926686629587380e+01
5.740958086629589019e+01
8.582895286629587872e+01
5.267301886629587671e+01
6.846155886629588849e+01
5.583072686629587622e+01
5.267301886629589092e+01
6.846155886629587428e+01
5.109416486629586984e+01
9.056551486629587089e+01
6.056728886629588970e+01
7.161926686629587380e+01
6.372499686629588211e+01
5.583072686629589043e+01
8.898666086629586403e+01
5.425187286629588357e+01
7.319812086629588066e+01
5.740958086629588308e+01
5.740958086629586887e+01
6.372499686629588211e+01
9.056551486629587089e+01
7.951353686629587969e+01
6.688270486629588163e+01
9.372322286629587040e+01
5.898843486629588995e+01
7.635582886629588018e+01
6.846155886629588849e+01
6.846155886629588849e+01
6.688270486629588163e+01
5.740958086629588308e+01
6.530385086629587477e+01
6.056728886629588260e+01
8.109239086629587234e+01
3.688447886629587202e+01
7.319812086629588066e+01
7.793468286629588704e+01
5.740958086629588308e+01
5.583072686629589043e+01
4.951531086629589140e+01
7.319812086629588066e+01
6.372499686629588211e+01
5.583072686629587622e+01
7.477697486629587331e+01
4.793645686629587033e+01
5.898843486629587574e+01
7.635582886629588018e+01
7.004041286629588114e+01
6.056728886629588260e+01
7.004041286629588114e+01
5.740958086629589019e+01
7.161926686629587380e+01
5.740958086629588308e+01
7.319812086629588066e+01
7.319812086629588066e+01
5.425187286629588357e+01
7.635582886629588018e+01
8.267124486629587921e+01
7.004041286629588114e+01
5.109416486629588405e+01
8.740780686629587137e+01
5.109416486629588405e+01
8.425009886629587186e+01
7.161926686629587380e+01
4.793645686629588454e+01
7.161926686629588801e+01
6.530385086629587477e+01
5.267301886629587671e+01
5.740958086629588308e+01
8.582895286629587872e+01
4.951531086629587008e+01
4.793645686629588454e+01
8.109239086629588655e+01
3.846333286629587178e+01
6.056728886629588260e+01
7.477697486629587331e+01
7.004041286629588114e+01
5.898843486629588995e+01
5.425187286629586936e+01
5.898843486629588995e+01
7.477697486629588752e+01
7.004041286629588114e+01
4.477874886629587081e+01
6.214614286629587525e+01
4.319989486629587816e+01
6.372499686629588211e+01
5.898843486629587574e+01
6.214614286629587525e+01
6.530385086629588898e+01
5.267301886629587671e+01
7.004041286629588114e+01
6.056728886629588260e+01
4.793645686629589164e+01
5.583072686629589043e+01
7.161926686629588801e+01
7.004041286629588114e+01
7.004041286629586693e+01
5.583072686629589043e+01
5.583072686629589043e+01
6.056728886629588260e+01
4.319989486629588527e+01
7.635582886629588018e+01
6.056728886629588260e+01
5.740958086629588308e+01
7.793468286629588704e+01
5.583072686629588333e+01
7.004041286629588114e+01
7.951353686629587969e+01
6.846155886629588849e+01
5.740958086629588308e+01
2.899020886629587324e+01
7.477697486629588752e+01
6.214614286629588946e+01
6.214614286629588946e+01
6.056728886629588260e+01
6.214614286629588946e+01
6.056728886629588260e+01
5.740958086629588308e+01
6.056728886629588260e+01
7.004041286629588114e+01
8.582895286629587872e+01
3.688447886629587913e+01
6.214614286629588946e+01
7.004041286629588114e+01
7.004041286629588114e+01
6.372499686629588211e+01
5.740958086629588308e+01
5.740958086629589019e+01
6.688270486629586742e+01
4.951531086629588430e+01
5.583072686629589043e+01
6.846155886629587428e+01
6.530385086629587477e+01
6.214614286629587525e+01
5.898843486629588284e+01
4.319989486629587816e+01
7.161926686629588801e+01
5.740958086629588308e+01
4.951531086629589140e+01
5.898843486629587574e+01
6.530385086629588898e+01
6.056728886629586839e+01
7.477697486629588752e+01
7.793468286629587283e+01
6.056728886629588260e+01
5.267301886629589092e+01
8.109239086629587234e+01
6.530385086629587477e+01
4.793645686629589164e+01
6.372499686629588211e+01
8.109239086629587234e+01
6.056728886629588260e+01
6.530385086629588898e+01
6.688270486629588163e+01
8.425009886629587186e+01
5.898843486629588995e+01
5.898843486629588995e+01
8.740780686629588558e+01
6.372499686629588211e+01
7.161926686629587380e+01
7.951353686629586548e+01
6.688270486629588163e+01
5.109416486629586984e+01
6.056728886629588260e+01
6.688270486629588163e+01
6.214614286629588946e+01
7.635582886629588018e+01
4.635760286629587767e+01
7.319812086629588066e+01
6.688270486629588163e+01
7.635582886629588018e+01
4.477874886629587792e+01
4.793645686629588454e+01
5.267301886629587671e+01
5.109416486629588405e+01
6.688270486629588163e+01
3.846333286629588599e+01
5.898843486629588995e+01
5.109416486629586984e+01
8.109239086629588655e+01
7.477697486629588752e+01
6.214614286629587525e+01
7.319812086629588066e+01
5.109416486629588405e+01
7.951353686629587969e+01
8.740780686629588558e+01
6.214614286629588946e+01
5.898843486629588995e+01
4.635760286629587767e+01
7.004041286629589536e+01
7.477697486629588752e+01
6.056728886629588260e+01
4.162104086629587130e+01
5.740958086629588308e+01
6.056728886629588970e+01
7.635582886629588018e+01
7.477697486629588752e+01
5.425187286629588357e+01
7.161926686629588801e+01
6.530385086629588898e+01
7.319812086629588066e+01
6.530385086629587477e+01
7.004041286629588114e+01
6.530385086629587477e+01
6.214614286629588946e+01
7.951353686629587969e+01
7.161926686629587380e+01
7.477697486629588752e+01
4.635760286629588478e+01
9.372322286629588461e+01
7.477697486629587331e+01
7.635582886629588018e+01
7.635582886629588018e+01
7.477697486629587331e+01
6.530385086629588898e+01
7.161926686629588801e+01
5.583072686629587622e+01
6.372499686629588211e+01
8.898666086629587824e+01
6.214614286629587525e+01
6.530385086629587477e+01
5.109416486629588405e+01
9.688093086629586992e+01
5.425187286629588357e+01
6.846155886629588849e+01
5.425187286629588357e+01
7.319812086629588066e+01
7.951353686629587969e+01
6.056728886629588260e+01
6.214614286629587525e+01
5.583072686629587622e+01
5.740958086629588308e+01
6.372499686629588211e+01
5.109416486629588405e+01
7.004041286629589536e+01
5.109416486629588405e+01
7.477697486629588752e+01
6.846155886629588849e+01
7.004041286629588114e+01
6.372499686629588211e+01
6.530385086629588898e+01
8.425009886629588607e+01
6.056728886629588260e+01
6.530385086629587477e+01
7.951353686629587969e+01
5.583072686629587622e+01
6.530385086629587477e+01
6.688270486629588163e+01
7.319812086629588066e+01
5.898843486629587574e+01
6.372499686629588922e+01
7.161926686629588801e+01
5.267301886629588381e+01
6.846155886629588849e+01
6.688270486629588163e+01
6.056728886629588260e+01
7.635582886629586596e+01
5.267301886629587671e+01
7.951353686629586548e+01
4.004218686629587864e+01
7.004041286629589536e+01
8.109239086629588655e+01
7.161926686629587380e+01
6.688270486629588163e+01
6.056728886629588260e+01
6.530385086629587477e+01
7.319812086629586645e+01
7.319812086629588066e+01
8.740780686629587137e+01
8.740780686629587137e+01
6.846155886629587428e+01
6.846155886629587428e+01
7.951353686629587969e+01
7.635582886629588018e+01
6.530385086629587477e+01
6.846155886629588849e+01
7.951353686629587969e+01
6.530385086629587477e+01
8.267124486629587921e+01
5.109416486629588405e+01
7.161926686629588801e+01
5.898843486629587574e+01
7.793468286629587283e+01
5.583072686629587622e+01
5.109416486629587695e+01
7.004041286629588114e+01
8.898666086629587824e+01
5.740958086629588308e+01
7.161926686629587380e+01
6.530385086629588898e+01
9.214436886629587775e+01
5.898843486629587574e+01
5.740958086629588308e+01
5.898843486629588995e+01
6.530385086629588898e+01
6.214614286629588946e+01
7.477697486629588752e+01
7.951353686629587969e+01
6.846155886629587428e+01
4.477874886629587081e+01
6.372499686629588211e+01
6.846155886629588849e+01
7.004041286629588114e+01
7.635582886629588018e+01
6.056728886629588260e+01
7.635582886629588018e+01
5.583072686629587622e+01
6.372499686629588211e+01
6.214614286629588946e+01
7.161926686629587380e+01
6.056728886629588260e+01
7.319812086629588066e+01
6.214614286629588946e+01
6.530385086629587477e+01
5.267301886629589092e+01
5.583072686629587622e+01
7.477697486629588752e+01
7.319812086629588066e+01
6.372499686629588211e+01
6.846155886629588849e+01
4.162104086629587130e+01
7.951353686629587969e+01
7.161926686629588801e+01
5.898843486629588995e+01
7.793468286629587283e+01
4.635760286629587767e+01
4.951531086629589140e+01
7.793468286629588704e+01
8.109239086629587234e+01
7.004041286629588114e+01
7.161926686629588801e+01
6.846155886629587428e+01
5.740958086629589019e+01
8.109239086629588655e+01
6.846155886629588849e+01
5.898843486629588995e+01
8.582895286629587872e+01
6.846155886629587428e+01
7.004041286629588114e+01
6.372499686629588211e+01
9.056551486629587089e+01
9.056551486629587089e+01
7.004041286629588114e+01
7.319812086629588066e+01
5.740958086629588308e+01
6.846155886629588849e+01
9.530207686629587727e+01
7.004041286629588114e+01
9.214436886629586354e+01
7.004041286629588114e+01
6.530385086629587477e+01
5.425187286629588357e+01
8.740780686629587137e+01
8.582895286629586451e+01
6.214614286629588946e+01
7.477697486629588752e+01
7.635582886629588018e+01
7.161926686629587380e+01
6.846155886629587428e+01
6.056728886629588260e+01
8.425009886629587186e+01
7.793468286629587283e+01
6.214614286629588946e+01
6.214614286629588946e+01
7.161926686629587380e+01
7.635582886629588018e+01
5.267301886629589092e+01
8.267124486629587921e+01
8.898666086629586403e+01
7.161926686629587380e+01
8.582895286629587872e+01
5.898843486629588995e+01
6.846155886629587428e+01
7.161926686629588801e+01
6.056728886629588260e+01
7.793468286629588704e+01
9.845978486629587678e+01
6.688270486629588163e+01
6.688270486629588163e+01
5.740958086629588308e+01
5.583072686629588333e+01
6.214614286629588946e+01
5.740958086629588308e+01
7.951353686629587969e+01
8.267124486629589342e+01
5.425187286629588357e+01
8.267124486629586499e+01
6.530385086629587477e+01
7.161926686629588801e+01
6.846155886629587428e+01
7.793468286629588704e+01
5.898843486629587574e+01
6.372499686629588211e+01
6.688270486629586742e+01
6.688270486629588163e+01
7.004041286629588114e+01
7.004041286629588114e+01
7.477697486629587331e+01
6.530385086629587477e+01
6.372499686629588211e+01
8.109239086629588655e+01
5.740958086629588308e+01
6.056728886629588970e+01
8.267124486629587921e+01
7.004041286629588114e+01
7.161926686629587380e+01
6.372499686629588211e+01
7.161926686629587380e+01
6.530385086629588898e+01
6.846155886629588849e+01
4.951531086629589140e+01
4.951531086629589140e+01
9.056551486629587089e+01
5.267301886629589092e+01
8.109239086629587234e+01
6.372499686629588211e+01
9.056551486629588510e+01
7.635582886629588018e+01
5.267301886629587671e+01
7.951353686629587969e+01
5.740958086629588308e+01
6.688270486629588163e+01
7.161926686629588801e+01
6.846155886629587428e+01
5.898843486629588995e+01
6.530385086629588898e+01
6.846155886629588849e+01
7.319812086629588066e+01
7.635582886629588018e+01
6.372499686629588211e+01
7.161926686629587380e+01
6.056728886629588260e+01
5.583072686629589043e+01
4.951531086629588430e+01
6.056728886629588970e+01
5.267301886629589092e+01
7.161926686629588801e+01
7.004041286629586693e+01
6.688270486629588163e+01
7.319812086629588066e+01
5.583072686629589043e+01
6.214614286629587525e+01
6.846155886629587428e+01
7.635582886629589439e+01
8.109239086629587234e+01
6.688270486629588163e+01
6.530385086629588898e+01
6.530385086629588898e+01
7.477697486629587331e+01
7.635582886629586596e+01
9.845978486629587678e+01
6.372499686629588922e+01
6.846155886629588849e+01
8.109239086629587234e+01
6.530385086629587477e+01
8.267124486629589342e+01
8.267124486629589342e+01
6.056728886629588260e+01
7.793468286629587283e+01
6.846155886629587428e+01
6.214614286629588946e+01
6.214614286629588946e+01
6.688270486629588163e+01
6.214614286629588946e+01
7.161926686629587380e+01
6.688270486629588163e+01
5.583072686629586912e+01
5.583072686629588333e+01
5.583072686629587622e+01
7.635582886629588018e+01
4.635760286629588478e+01
5.898843486629587574e+01
7.477697486629588752e+01
7.161926686629588801e+01
6.056728886629588260e+01
6.846155886629587428e+01
7.161926686629587380e+01
6.056728886629588260e+01
6.846155886629587428e+01
6.214614286629588946e+01
7.161926686629587380e+01
4.635760286629588478e+01
5.267301886629589092e+01
5.425187286629589067e+01
6.214614286629587525e+01
5.898843486629587574e+01
6.688270486629588163e+01
6.056728886629588260e+01
7.477697486629587331e+01
6.688270486629588163e+01
8.267124486629587921e+01
5.583072686629589043e+01
7.319812086629588066e+01
4.951531086629588430e+01
7.161926686629587380e+01
5.109416486629589116e+01
7.635582886629588018e+01
8.425009886629588607e+01
8.109239086629587234e+01
8.109239086629588655e+01
5.583072686629587622e+01
7.004041286629588114e+01
6.214614286629588946e+01
7.161926686629588801e+01
6.372499686629588211e+01
7.319812086629588066e+01
6.056728886629588260e+01
6.214614286629588946e+01
5.267301886629588381e+01
4.951531086629589140e+01
6.372499686629588211e+01
7.951353686629587969e+01
6.056728886629588260e+01
6.688270486629588163e+01
6.056728886629588260e+01
9.214436886629587775e+01
6.372499686629588211e+01
7.319812086629588066e+01
5.583072686629587622e+01
7.951353686629587969e+01
7.477697486629588752e+01
6.056728886629588260e+01
4.951531086629589140e+01
7.635582886629589439e+01
7.635582886629588018e+01
5.740958086629588308e+01
6.846155886629587428e+01
5.898843486629587574e+01
7.635582886629588018e+01
5.740958086629588308e+01
5.425187286629588357e+01
7.951353686629587969e+01
7.793468286629587283e+01
5.109416486629588405e+01
5.271098505902308062e+01
3.447989750590230642e+02
7.165723305902307061e+01
4.481671505902306762e+01
9.218233505902308877e+01
8.586691905902307553e+01
1.237594150590230839e+02
1.079708750590230864e+02
7.955150305902307650e+01
9.691889705902309515e+01
8.586691905902307553e+01
9.691889705902309515e+01
9.534004305902308829e+01
7.639379505902309120e+01
1.000766050590230805e+02
8.428806505902308288e+01
8.902462705902307505e+01
7.165723305902308482e+01
8.586691905902307553e+01
8.586691905902307553e+01
8.270921105902309023e+01
7.955150305902309071e+01
9.376118905902309564e+01
7.481494105902308434e+01
8.586691905902308974e+01
8.113035705902309758e+01
7.323608705902307747e+01
5.744754705902306569e+01
6.692067105902307844e+01
1.016554590590231015e+02
7.481494105902308434e+01
8.270921105902309023e+01
7.797264905902308385e+01
9.218233505902308877e+01
9.376118905902308143e+01
7.323608705902307747e+01
6.692067105902306423e+01
7.165723305902307061e+01
9.691889705902308094e+01
8.428806505902309709e+01
1.048131670590230868e+02
8.586691905902308974e+01
6.692067105902307844e+01
1.032343130590230942e+02
6.692067105902309265e+01
9.534004305902308829e+01
7.323608705902307747e+01
8.428806505902309709e+01
1.016554590590230873e+02
8.113035705902309758e+01
8.428806505902308288e+01
7.639379505902307699e+01
1.000766050590230947e+02
7.323608705902307747e+01
8.113035705902308337e+01
9.060348105902309612e+01
9.376118905902309564e+01
7.007837905902307796e+01
7.955150305902306229e+01
9.691889705902306673e+01
6.376296305902306472e+01
1.048131670590230726e+02
8.744577305902308240e+01
7.797264905902308385e+01
9.376118905902309564e+01
9.534004305902310250e+01
7.797264905902309806e+01
6.060525505902305099e+01
8.113035705902309758e+01
8.113035705902309758e+01
8.902462705902307505e+01
8.270921105902306181e+01
1.000766050590230805e+02
9.691889705902309515e+01
8.428806505902308288e+01
8.586691905902308974e+01
9.849775105902307359e+01
8.113035705902309758e+01
8.428806505902308288e+01
6.692067105902307844e+01
7.007837905902307796e+01
1.000766050590230805e+02
1.048131670590230868e+02
7.955150305902307650e+01
8.270921105902307602e+01
8.586691905902307553e+01
8.902462705902308926e+01
7.007837905902307796e+01
7.797264905902308385e+01
8.902462705902310347e+01
7.481494105902309855e+01
1.016554590590231015e+02
9.218233505902307456e+01
7.797264905902308385e+01
8.113035705902309758e+01
8.902462705902307505e+01
8.270921105902307602e+01
9.060348105902309612e+01
9.534004305902308829e+01
8.586691905902308974e+01
1.063920210590230937e+02
8.586691905902307553e+01
9.534004305902308829e+01
8.586691905902308974e+01
8.428806505902309709e+01
9.060348105902309612e+01
7.955150305902307650e+01
8.270921105902307602e+01
8.270921105902307602e+01
8.902462705902308926e+01
7.639379505902307699e+01
7.481494105902308434e+01
9.849775105902307359e+01
8.428806505902309709e+01
6.534181705902307158e+01
7.323608705902309168e+01
1.048131670590230868e+02
6.060525505902306520e+01
8.270921105902307602e+01
9.376118905902308143e+01
7.639379505902309120e+01
9.534004305902307408e+01
7.323608705902307747e+01
9.218233505902308877e+01
6.692067105902307844e+01
8.270921105902309023e+01
8.428806505902308288e+01
8.113035705902308337e+01
1.095497290590230648e+02
1.000766050590230805e+02
8.902462705902306084e+01
7.481494105902308434e+01
9.849775105902308781e+01
8.270921105902307602e+01
8.744577305902308240e+01
8.428806505902309709e+01
7.639379505902309120e+01
9.849775105902308781e+01
7.007837905902306375e+01
8.744577305902308240e+01
6.849952505902308530e+01
1.016554590590230873e+02
7.481494105902307012e+01
9.376118905902309564e+01
8.270921105902309023e+01
8.428806505902308288e+01
9.849775105902308781e+01
8.270921105902309023e+01
9.534004305902308829e+01
9.691889705902309515e+01
9.060348105902308191e+01
8.270921105902309023e+01
8.902462705902307505e+01
7.639379505902307699e+01
8.902462705902307505e+01
8.270921105902310444e+01
6.692067105902307844e+01
7.955150305902307650e+01
8.586691905902310396e+01
9.534004305902310250e+01
8.744577305902309661e+01
7.955150305902307650e+01
8.586691905902307553e+01
9.218233505902307456e+01
9.376118905902309564e+01
9.060348105902308191e+01
8.902462705902308926e+01
9.849775105902308781e+01
8.428806505902306867e+01
9.849775105902310202e+01
8.586691905902307553e+01
9.218233505902310299e+01
9.060348105902309612e+01
9.534004305902307408e+01
9.218233505902308877e+01
1.000766050590230805e+02
8.586691905902307553e+01
6.849952505902308530e+01
9.060348105902309612e+01
8.586691905902307553e+01
8.270921105902310444e+01
9.218233505902308877e+01
9.691889705902309515e+01
7.955150305902309071e+01
9.376118905902309564e+01
8.586691905902310396e+01
9.534004305902307408e+01
9.849775105902308781e+01
9.534004305902307408e+01
8.744577305902309661e+01
9.218233505902308877e+01
7.165723305902307061e+01
7.797264905902309806e+01
9.534004305902308829e+01
9.060348105902308191e+01
9.060348105902306770e+01
8.113035705902308337e+01
7.007837905902306375e+01
8.586691905902308974e+01
9.849775105902307359e+01
7.639379505902307699e+01
8.902462705902308926e+01
7.165723305902308482e+01
8.744577305902308240e+01
7.955150305902309071e+01
9.060348105902306770e+01
8.428806505902309709e+01
7.639379505902309120e+01
7.639379505902309120e+01
1.048131670590231010e+02
7.323608705902307747e+01
7.797264905902309806e+01
9.060348105902308191e+01
9.849775105902310202e+01
8.744577305902309661e+01
8.902462705902308926e+01
8.744577305902309661e+01
7.797264905902306964e+01
9.218233505902307456e+01
9.376118905902309564e+01
8.428806505902309709e+01
7.797264905902309806e+01
7.639379505902309120e+01
8.744577305902308240e+01
9.060348105902308191e+01
7.955150305902307650e+01
7.165723305902308482e+01
7.797264905902306964e+01
7.481494105902308434e+01
8.744577305902308240e+01
7.797264905902309806e+01
7.165723305902307061e+01
1.032343130590230800e+02
8.744577305902309661e+01
8.586691905902308974e+01
7.323608705902309168e+01
5.586869305902307303e+01
9.060348105902308191e+01
8.586691905902308974e+01
6.060525505902306520e+01
8.113035705902308337e+01
8.270921105902309023e+01
7.323608705902307747e+01
9.849775105902308781e+01
7.955150305902309071e+01
7.639379505902309120e+01
7.639379505902309120e+01
6.376296305902306472e+01
9.534004305902308829e+01
6.849952505902308530e+01
7.323608705902307747e+01
7.797264905902308385e+01
9.849775105902310202e+01
9.060348105902309612e+01
9.534004305902307408e+01
8.586691905902307553e+01
9.849775105902308781e+01
8.586691905902310396e+01
9.376118905902309564e+01
9.534004305902307408e+01
7.481494105902308434e+01
7.955150305902307650e+01
8.270921105902307602e+01
7.639379505902307699e+01
9.849775105902310202e+01
8.270921105902307602e+01
8.744577305902309661e+01
8.744577305902309661e+01
9.691889705902308094e+01
6.218410905902307206e+01
8.270921105902309023e+01
8.902462705902308926e+01
8.744577305902309661e+01
7.955150305902307650e+01
9.376118905902308143e+01
8.270921105902309023e+01
8.744577305902308240e+01
8.586691905902310396e+01
6.692067105902309265e+01
8.428806505902308288e+01
8.113035705902308337e+01
9.691889705902309515e+01
7.639379505902307699e+01
7.797264905902309806e+01
7.955150305902310492e+01
1.127074370590230927e+02
7.955150305902307650e+01
1.048131670590230726e+02
8.428806505902309709e+01
9.376118905902308143e+01
8.902462705902308926e+01
9.060348105902308191e+01
7.481494105902308434e+01
9.060348105902309612e+01
8.902462705902310347e+01
7.955150305902309071e+01
8.428806505902308288e+01
8.902462705902308926e+01
1.127074370590230785e+02
8.902462705902307505e+01
8.113035705902309758e+01
8.744577305902309661e+01
9.534004305902310250e+01
8.586691905902307553e+01
8.586691905902307553e+01
9.849775105902308781e+01
8.270921105902309023e+01
1.032343130590230942e+02
8.902462705902307505e+01
7.797264905902308385e+01
1.063920210590230795e+02
8.270921105902307602e+01
7.955150305902306229e+01
7.797264905902309806e+01
9.218233505902308877e+01
1.000766050590230805e+02
1.032343130590230942e+02
1.095497290590230790e+02
8.270921105902309023e+01
8.744577305902309661e+01
9.060348105902308191e+01
9.060348105902309612e+01
8.113035705902308337e+01
7.955150305902310492e+01
8.113035705902306916e+01
8.113035705902308337e+01
9.534004305902307408e+01
7.955150305902310492e+01
1.016554590590231015e+02
8.744577305902308240e+01
7.007837905902307796e+01
8.428806505902308288e+01
8.428806505902309709e+01
8.744577305902308240e+01
9.376118905902309564e+01
9.218233505902308877e+01
9.534004305902307408e+01
9.218233505902308877e+01
7.323608705902309168e+01
8.744577305902308240e+01
8.113035705902308337e+01
8.744577305902308240e+01
1.158651450590230922e+02
1.000766050590230947e+02
7.797264905902308385e+01
7.639379505902309120e+01
9.534004305902310250e+01
8.586691905902310396e+01
8.586691905902308974e+01
8.428806505902308288e+01
9.534004305902307408e+01
9.849775105902308781e+01
8.113035705902309758e+01
1.000766050590230805e+02
1.048131670590230868e+02
1.032343130590230800e+02
9.691889705902309515e+01
7.797264905902306964e+01
1.142862910590230996e+02
1.000766050590230947e+02
8.270921105902309023e+01
9.691889705902309515e+01
8.586691905902307553e+01
8.744577305902309661e+01
7.955150305902307650e+01
7.165723305902308482e+01
8.270921105902309023e+01
8.428806505902308288e+01
9.060348105902308191e+01
8.428806505902306867e+01
9.849775105902307359e+01
9.534004305902308829e+01
7.955150305902307650e+01
1.000766050590230805e+02
9.849775105902308781e+01
7.797264905902308385e+01
1.000766050590230947e+02
9.376118905902308143e+01
9.060348105902309612e+01
9.218233505902308877e+01
1.190228530590230775e+02
7.639379505902307699e+01
1.000766050590230805e+02
1.032343130590230800e+02
7.639379505902307699e+01
8.586691905902308974e+01
1.016554590590230873e+02
7.797264905902308385e+01
1.016554590590230731e+02
8.428806505902308288e+01
8.270921105902307602e+01
8.586691905902307553e+01
8.586691905902308974e+01
6.534181705902308579e+01
8.902462705902308926e+01
7.639379505902306278e+01
8.744577305902309661e+01
1.032343130590230942e+02
6.849952505902308530e+01
9.534004305902308829e+01
8.113035705902308337e+01
1.032343130590230942e+02
7.481494105902308434e+01
5.271098505902304510e+01
9.691889705902308094e+01
9.218233505902307456e+01
8.428806505902308288e+01
1.000766050590230947e+02
9.691889705902309515e+01
9.218233505902308877e+01
8.270921105902307602e+01
9.691889705902309515e+01
5.428983905902306617e+01
1.063920210590230795e+02
9.060348105902309612e+01
8.744577305902308240e+01
7.955150305902307650e+01
8.902462705902308926e+01
8.113035705902306916e+01
8.270921105902310444e+01
1.032343130590230942e+02
9.060348105902308191e+01
1.063920210590230795e+02
8.113035705902308337e+01
8.113035705902309758e+01
8.113035705902308337e+01
7.955150305902307650e+01
8.428806505902309709e+01
8.744577305902308240e+01
9.534004305902307408e+01
9.218233505902308877e+01
9.849775105902308781e+01
9.534004305902308829e+01
6.692067105902307844e+01
8.744577305902308240e+01
8.113035705902308337e+01
8.113035705902308337e+01
7.165723305902308482e+01
7.481494105902308434e+01
7.007837905902307796e+01
7.639379505902307699e+01
9.534004305902307408e+01
8.428806505902308288e+01
9.218233505902310299e+01
8.428806505902309709e+01
9.218233505902310299e+01
9.218233505902308877e+01
7.955150305902310492e+01
7.007837905902309217e+01
8.270921105902309023e+01
7.481494105902308434e+01
7.639379505902309120e+01
1.032343130590230942e+02
7.481494105902308434e+01
8.586691905902307553e+01
7.955150305902309071e+01
8.270921105902309023e+01
9.060348105902308191e+01
7.323608705902307747e+01
1.032343130590230800e+02
7.481494105902309855e+01
8.902462705902310347e+01
7.481494105902308434e+01
8.586691905902308974e+01
6.534181705902308579e+01
1.032343130590230942e+02
4.797442305902306714e+01
8.586691905902308974e+01
8.428806505902308288e+01
7.955150305902309071e+01
1.032343130590230800e+02
8.902462705902307505e+01
8.586691905902306132e+01
9.534004305902308829e+01
8.586691905902308974e+01
9.534004305902310250e+01
6.692067105902307844e+01
7.797264905902306964e+01
6.218410905902308627e+01
1.032343130590230800e+02
8.902462705902308926e+01
8.428806505902306867e+01
7.955150305902309071e+01
7.639379505902309120e+01
7.955150305902307650e+01
7.955150305902306229e+01
7.165723305902307061e+01
8.428806505902308288e+01
7.955150305902307650e+01
7.955150305902309071e+01
7.323608705902307747e+01
9.534004305902307408e+01
6.060525505902305099e+01
8.113035705902308337e+01
7.797264905902306964e+01
6.692067105902307844e+01
8.428806505902309709e+01
8.113035705902309758e+01
9.849775105902308781e+01
6.692067105902307844e+01
7.797264905902309806e+01
8.902462705902308926e+01
9.691889705902309515e+01
8.586691905902307553e+01
8.744577305902309661e+01
7.639379505902309120e+01
6.692067105902306423e+01
9.218233505902308877e+01
6.060525505902307941e+01
8.113035705902308337e+01
8.586691905902310396e+01
7.797264905902309806e+01
8.113035705902309758e+01
7.165723305902308482e+01
1.079708750590230864e+02
9.218233505902307456e+01
8.586691905902307553e+01
8.744577305902309661e+01
8.586691905902308974e+01
9.849775105902310202e+01
8.270921105902307602e+01
8.744577305902309661e+01
8.902462705902308926e+01
8.270921105902307602e+01
8.744577305902309661e+01
6.692067105902307844e+01
9.376118905902308143e+01
7.481494105902307012e+01
9.060348105902309612e+01
9.218233505902310299e+01
9.849775105902308781e+01
7.955150305902310492e+01
9.060348105902309612e+01
7.639379505902307699e+01
9.376118905902308143e+01
8.270921105902306181e+01
1.000766050590230805e+02
8.744577305902308240e+01
7.797264905902308385e+01
9.060348105902308191e+01
7.639379505902307699e+01
9.849775105902307359e+01
9.218233505902308877e+01
7.639379505902309120e+01
7.323608705902307747e+01
8.270921105902309023e+01
8.744577305902309661e+01
8.744577305902309661e+01
8.586691905902307553e+01
7.955150305902307650e+01
9.218233505902308877e+01
7.639379505902306278e+01
8.586691905902308974e+01
8.428806505902308288e+01
7.955150305902307650e+01
7.165723305902308482e+01
6.849952505902308530e+01
8.113035705902308337e+01
8.270921105902307602e+01
6.534181705902307158e+01
9.849775105902310202e+01
9.534004305902308829e+01
1.095497290590230932e+02
8.902462705902308926e+01
9.060348105902308191e+01
7.955150305902309071e+01
7.323608705902307747e+01
8.586691905902308974e+01
8.270921105902309023e+01
9.060348105902308191e+01
8.586691905902310396e+01
9.218233505902308877e+01
8.270921105902307602e+01
8.270921105902306181e+01
8.113035705902309758e+01
9.218233505902306035e+01
9.376118905902309564e+01
8.902462705902307505e+01
8.902462705902308926e+01
7.007837905902306375e+01
8.270921105902307602e+01
8.586691905902310396e+01
7.481494105902308434e+01
8.428806505902308288e+01
7.955150305902307650e+01
8.428806505902308288e+01
8.270921105902309023e+01
8.270921105902309023e+01
8.744577305902306819e+01
8.270921105902309023e+01
8.586691905902308974e+01
9.849775105902308781e+01
8.270921105902307602e+01
7.165723305902309903e+01
8.270921105902309023e+01
8.902462705902307505e+01
8.902462705902308926e+01
9.376118905902309564e+01
8.744577305902308240e+01
1.032343130590230942e+02
7.323608705902309168e+01
8.428806505902306867e+01
8.586691905902307553e+01
8.902462705902308926e+01
1.048131670590230868e+02
8.428806505902306867e+01
7.481494105902308434e+01
1.016554590590230873e+02
8.113035705902308337e+01
8.902462705902307505e+01
1.095497290590230790e+02
8.428806505902308288e+01
8.586691905902307553e+01
9.218233505902307456e+01
8.586691905902310396e+01
9.849775105902307359e+01
9.376118905902308143e+01
9.534004305902307408e+01
9.376118905902308143e+01
8.428806505902308288e+01
9.060348105902309612e+01
9.060348105902309612e+01
8.428806505902308288e+01
7.955150305902309071e+01
1.063920210590230795e+02
8.113035705902308337e+01
1.032343130590230942e+02
1.000766050590230805e+02
9.060348105902309612e+01
9.376118905902309564e+01
7.797264905902306964e+01
9.534004305902307408e+01
8.744577305902308240e+01
7.797264905902306964e+01
6.060525505902306520e+01
9.060348105902308191e+01
8.902462705902307505e+01
7.797264905902306964e+01
8.428806505902306867e+01
1.079708750590230864e+02
8.902462705902308926e+01
7.639379505902310541e+01
9.691889705902308094e+01
7.323608705902309168e+01
9.218233505902310299e+01
8.586691905902310396e+01
7.955150305902309071e+01
8.586691905902307553e+01
9.060348105902306770e+01
5.428983905902306617e+01
8.113035705902308337e+01
8.744577305902309661e+01
1.048131670590230726e+02
7.007837905902309217e+01
7.797264905902306964e+01
6.692067105902307844e+01
7.797264905902308385e+01
1.000766050590230805e+02
8.270921105902309023e+01
7.955150305902307650e+01
9.691889705902309515e+01
8.428806505902309709e+01
7.639379505902309120e+01
7.007837905902307796e+01
9.691889705902309515e+01
4.797442305902305293e+01
7.481494105902307012e+01
9.534004305902307408e+01
9.060348105902308191e+01
9.849775105902307359e+01
8.586691905902310396e+01
8.113035705902308337e+01
7.007837905902306375e+01
8.428806505902308288e+01
8.902462705902308926e+01
9.376118905902308143e+01
8.744577305902309661e+01
6.692067105902306423e+01
8.428806505902308288e+01
7.323608705902307747e+01
7.639379505902309120e+01
7.797264905902308385e+01
7.007837905902307796e+01
9.060348105902306770e+01
8.113035705902308337e+01
8.744577305902308240e+01
9.218233505902310299e+01
9.691889705902308094e+01
9.218233505902310299e+01
6.692067105902307844e+01
7.323608705902309168e+01
1.032343130590230942e+02
8.113035705902309758e+01
8.744577305902309661e+01
9.060348105902308191e+01
7.165723305902307061e+01
8.744577305902309661e+01
9.376118905902306722e+01
8.902462705902310347e+01
9.218233505902310299e+01
9.691889705902309515e+01
9.691889705902308094e+01
7.165723305902308482e+01
9.691889705902308094e+01
6.060525505902307941e+01
7.797264905902306964e+01
9.376118905902308143e+01
7.797264905902306964e+01
9.376118905902308143e+01
9.534004305902308829e+01
9.218233505902307456e+01
8.744577305902308240e+01
8.113035705902306916e+01
8.902462705902308926e+01
8.586691905902308974e+01
6.534181705902307158e+01
1.032343130590230800e+02
8.744577305902309661e+01
1.000766050590230947e+02
8.113035705902308337e+01
7.797264905902309806e+01
8.744577305902309661e+01
1.016554590590230873e+02
8.902462705902308926e+01
7.323608705902307747e+01
8.270921105902309023e+01
7.955150305902309071e+01
8.270921105902307602e+01
6.376296305902307893e+01
9.691889705902309515e+01
8.586691905902310396e+01
9.060348105902309612e+01
8.428806505902309709e+01
8.428806505902306867e+01
9.534004305902308829e+01
8.428806505902308288e+01
8.902462705902310347e+01
8.744577305902309661e+01
7.007837905902307796e+01
7.955150305902307650e+01
9.849775105902308781e+01
9.849775105902308781e+01
8.428806505902306867e+01
7.481494105902308434e+01
9.849775105902307359e+01
9.376118905902308143e+01
9.060348105902308191e+01
6.692067105902307844e+01
8.744577305902308240e+01
8.113035705902308337e+01
9.534004305902308829e+01
7.797264905902308385e+01
7.481494105902307012e+01
9.534004305902308829e+01
8.270921105902307602e+01
8.902462705902307505e+01
8.113035705902308337e+01
8.113035705902308337e+01
7.481494105902308434e+01
1.048131670590230868e+02
9.060348105902309612e+01
9.376118905902309564e+01
8.113035705902308337e+01
1.063920210590230795e+02
9.376118905902308143e+01
9.849775105902307359e+01
1.095497290590230932e+02
7.639379505902310541e+01
9.218233505902310299e+01
7.323608705902310589e+01
9.060348105902308191e+01
8.113035705902308337e+01
7.797264905902308385e+01
8.902462705902308926e+01
7.955150305902307650e+01
8.428806505902308288e+01
9.060348105902308191e+01
9.534004305902310250e+01
9.376118905902308143e+01
9.060348105902308191e+01
6.692067105902307844e+01
9.376118905902309564e+01
1.000766050590230805e+02
7.797264905902309806e+01
6.692067105902306423e+01
7.955150305902310492e+01
8.744577305902306819e+01
9.218233505902307456e+01
8.428806505902306867e+01
8.428806505902306867e+01
8.270921105902310444e+01
8.744577305902308240e+01
9.849775105902310202e+01
8.744577305902309661e+01
8.902462705902307505e+01
8.428806505902309709e+01
9.534004305902308829e+01
8.270921105902309023e+01
7.323608705902309168e+01
9.060348105902309612e+01
9.376118905902308143e+01
9.376118905902308143e+01
1.000766050590230805e+02
1.016554590590230731e+02
9.534004305902307408e+01
9.691889705902309515e+01
9.218233505902306035e+01
1.032343130590230942e+02
1.095497290590230790e+02
7.797264905902306964e+01
9.376118905902309564e+01
9.218233505902308877e+01
7.955150305902307650e+01
8.902462705902308926e+01
8.270921105902310444e+01
9.218233505902308877e+01
9.691889705902308094e+01
7.639379505902309120e+01
9.376118905902309564e+01
8.428806505902309709e+01
7.639379505902309120e+01
9.534004305902310250e+01
1.000766050590230947e+02
9.218233505902310299e+01
8.744577305902308240e+01
9.534004305902308829e+01
8.902462705902308926e+01
1.016554590590230589e+02
1.000766050590230947e+02
7.797264905902308385e+01
7.481494105902308434e+01
7.481494105902308434e+01
8.744577305902309661e+01
8.113035705902308337e+01
7.955150305902306229e+01
8.586691905902310396e+01
7.323608705902309168e+01
7.797264905902306964e+01
9.218233505902308877e+01
8.902462705902308926e+01
8.428806505902308288e+01
7.007837905902309217e+01
8.113035705902309758e+01
9.060348105902308191e+01
7.639379505902309120e+01
8.744577305902309661e+01
8.428806505902306867e+01
8.270921105902310444e+01
8.744577305902308240e+01
7.639379505902309120e+01
1.079708750590230721e+02
9.534004305902308829e+01
6.376296305902306472e+01
8.586691905902310396e+01
8.428806505902309709e+01
9.218233505902308877e+01
7.955150305902307650e+01
8.113035705902308337e+01
8.586691905902308974e+01
1.016554590590231015e+02
1.016554590590230731e+02
1.032343130590230800e+02
8.113035705902306916e+01
9.376118905902309564e+01
8.270921105902307602e+01
9.376118905902308143e+01
8.744577305902308240e+01
9.376118905902308143e+01
8.902462705902307505e+01
8.744577305902309661e+01
1.032343130590230800e+02
7.955150305902309071e+01
9.691889705902308094e+01
6.376296305902306472e+01
9.691889705902308094e+01
1.111285830590230859e+02
9.060348105902308191e+01
1.000766050590230947e+02
1.032343130590230800e+02
8.113035705902309758e+01
7.955150305902306229e+01
9.534004305902308829e+01
8.270921105902309023e+01
6.534181705902307158e+01
8.113035705902309758e+01
1.016554590590231015e+02
6.376296305902306472e+01
9.060348105902308191e+01
8.586691905902307553e+01
9.218233505902307456e+01
9.218233505902310299e+01
9.060348105902308191e+01
9.534004305902310250e+01
7.165723305902307061e+01
8.902462705902308926e+01
9.218233505902310299e+01
7.797264905902306964e+01
8.428806505902309709e+01
8.270921105902309023e+01
9.691889705902309515e+01
8.586691905902307553e+01
9.691889705902308094e+01
7.797264905902309806e+01
8.270921105902307602e+01
7.323608705902307747e+01
8.744577305902308240e+01
8.113035705902308337e+01
9.218233505902308877e+01
6.849952505902307109e+01
8.428806505902309709e+01
7.955150305902307650e+01
9.534004305902308829e+01
8.428806505902308288e+01
9.060348105902306770e+01
8.113035705902308337e+01
9.218233505902307456e+01
8.744577305902309661e+01
8.113035705902308337e+01
8.902462705902308926e+01
8.428806505902309709e+01
7.481494105902308434e+01
9.849775105902308781e+01
7.007837905902309217e+01
7.955150305902307650e+01
6.692067105902307844e+01
9.218233505902310299e+01
7.797264905902309806e+01
8.113035705902309758e+01
7.639379505902307699e+01
7.955150305902307650e+01
9.060348105902308191e+01
7.639379505902309120e+01
1.079708750590230864e+02
7.165723305902308482e+01
9.218233505902307456e+01
7.639379505902309120e+01
5.902640105902305834e+01
9.534004305902308829e+01
7.481494105902307012e+01
8.428806505902309709e+01
8.113035705902308337e+01
9.534004305902308829e+01
7.639379505902307699e+01
8.270921105902307602e+01
9.849775105902308781e+01
7.165723305902309903e+01
6.376296305902309314e+01
7.639379505902306278e+01
9.376118905902308143e+01
8.744577305902308240e+01
9.691889705902308094e+01
6.849952505902308530e+01
8.744577305902308240e+01
9.691889705902309515e+01
8.270921105902309023e+01
8.586691905902308974e+01
8.270921105902309023e+01
8.113035705902308337e+01
9.218233505902308877e+01
7.797264905902306964e+01
8.113035705902306916e+01
8.902462705902308926e+01
8.744577305902306819e+01
9.218233505902307456e+01
8.744577305902308240e+01
8.428806505902306867e+01
1.016554590590230873e+02
7.323608705902309168e+01
6.849952505902308530e+01
1.000766050590230805e+02
8.113035705902309758e+01
9.849775105902308781e+01
8.744577305902308240e+01
8.113035705902306916e+01
7.797264905902308385e+01
8.428806505902309709e+01
1.063920210590230795e+02
9.849775105902308781e+01
1.048131670590230868e+02
7.481494105902307012e+01
7.323608705902310589e+01
9.060348105902306770e+01
8.744577305902308240e+01
8.744577305902308240e+01
8.744577305902309661e+01
7.955150305902306229e+01
7.481494105902308434e+01
1.079708750590231006e+02
9.849775105902310202e+01
8.902462705902308926e+01
8.428806505902306867e+01
8.270921105902307602e+01
8.113035705902308337e+01
9.218233505902308877e+01
9.376118905902309564e+01
9.376118905902308143e+01
8.428806505902308288e+01
7.639379505902306278e+01
9.376118905902309564e+01
9.691889705902309515e+01
7.323608705902307747e+01
9.691889705902308094e+01
6.849952505902308530e+01
6.849952505902307109e+01
8.902462705902310347e+01
8.744577305902309661e+01
9.849775105902308781e+01
8.270921105902309023e+01
8.270921105902309023e+01
8.113035705902309758e+01
8.428806505902309709e+01
9.534004305902308829e+01
8.428806505902309709e+01
9.376118905902308143e+01
1.000766050590230805e+02
1.095497290590230790e+02
6.376296305902309314e+01
8.744577305902309661e+01
7.797264905902306964e+01
1.032343130590230800e+02
7.955150305902310492e+01
7.639379505902306278e+01
8.270921105902307602e+01
7.165723305902307061e+01
7.955150305902307650e+01
8.744577305902308240e+01
7.323608705902307747e+01
9.691889705902308094e+01
9.376118905902308143e+01
8.428806505902309709e+01
8.586691905902308974e+01
9.376118905902308143e+01
8.113035705902308337e+01
9.218233505902308877e+01
9.376118905902309564e+01
8.902462705902307505e+01
8.902462705902307505e+01
8.902462705902306084e+01
1.079708750590231006e+02
8.902462705902307505e+01
8.744577305902309661e+01
7.165723305902307061e+01
8.428806505902306867e+01
8.902462705902308926e+01
9.849775105902308781e+01
8.113035705902308337e+01
8.428806505902309709e+01
9.849775105902310202e+01
7.481494105902309855e+01
8.586691905902310396e+01
8.428806505902308288e+01
7.955150305902307650e+01
7.165723305902307061e+01
8.270921105902309023e+01
9.218233505902307456e+01
8.902462705902308926e+01
8.744577305902308240e+01
9.534004305902308829e+01
8.113035705902306916e+01
6.849952505902307109e+01
9.218233505902308877e+01
8.270921105902309023e+01
9.534004305902308829e+01
9.534004305902310250e+01
7.323608705902310589e+01
8.744577305902308240e+01
7.797264905902308385e+01
6.849952505902308530e+01
9.218233505902306035e+01
7.007837905902307796e+01
9.849775105902310202e+01
7.639379505902309120e+01
8.113035705902306916e+01
6.534181705902308579e+01
1.016554590590230873e+02
8.586691905902307553e+01
9.534004305902308829e+01
8.270921105902306181e+01
1.063920210590230937e+02
1.032343130590230800e+02
8.586691905902306132e+01
7.323608705902309168e+01
9.060348105902308191e+01
9.060348105902309612e+01
8.586691905902306132e+01
9.218233505902307456e+01
8.270921105902307602e+01
8.270921105902306181e+01
7.797264905902306964e+01
8.428806505902306867e+01
9.060348105902308191e+01
5.902640105902308676e+01
8.744577305902306819e+01
9.691889705902309515e+01
8.428806505902309709e+01
7.955150305902309071e+01
7.955150305902307650e+01
1.063920210590230937e+02
7.165723305902308482e+01
8.744577305902308240e+01
8.744577305902308240e+01
8.586691905902308974e+01
7.797264905902306964e+01
8.428806505902308288e+01
1.016554590590230873e+02
8.428806505902308288e+01
1.253382690590230766e+02
8.902462705902307505e+01
9.534004305902308829e+01
9.218233505902307456e+01
9.218233505902308877e+01
9.060348105902306770e+01
1.016554590590231015e+02
1.016554590590231015e+02
6.376296305902306472e+01
8.428806505902309709e+01
1.048131670590230868e+02
7.165723305902307061e+01
1.158651450590230922e+02
6.376296305902309314e+01
9.060348105902306770e+01
8.270921105902306181e+01
7.639379505902307699e+01
7.323608705902307747e+01
7.955150305902307650e+01
8.902462705902307505e+01
1.000766050590230947e+02
9.849775105902308781e+01
8.428806505902308288e+01
8.586691905902307553e+01
8.113035705902308337e+01
1.063920210590230795e+02
6.849952505902307109e+01
8.270921105902310444e+01
9.060348105902309612e+01
7.323608705902307747e+01
8.586691905902307553e+01
7.481494105902308434e+01
9.691889705902309515e+01
9.218233505902308877e+01
7.165723305902307061e+01
8.428806505902308288e+01
7.007837905902307796e+01
1.063920210590230937e+02
7.797264905902308385e+01
9.060348105902309612e+01
6.376296305902307893e+01
9.849775105902308781e+01
9.218233505902307456e+01
9.376118905902308143e+01
1.095497290590230790e+02
6.534181705902307158e+01
9.376118905902308143e+01
7.007837905902306375e+01
8.270921105902309023e+01
7.323608705902307747e+01
8.113035705902308337e+01
1.079708750590230721e+02
6.692067105902307844e+01
9.691889705902309515e+01
9.691889705902306673e+01
7.165723305902308482e+01
7.797264905902309806e+01
9.218233505902310299e+01
9.218233505902307456e+01
6.534181705902308579e+01
1.048131670590230868e+02
8.744577305902308240e+01
8.428806505902308288e+01
8.744577305902309661e+01
6.534181705902307158e+01
9.376118905902309564e+01
7.797264905902306964e+01
8.270921105902307602e+01
7.165723305902307061e+01
9.060348105902306770e+01
8.270921105902309023e+01
1.016554590590230731e+02
7.639379505902307699e+01
7.481494105902308434e+01
8.113035705902308337e+01
9.060348105902309612e+01
1.016554590590230873e+02
9.060348105902309612e+01
9.060348105902308191e+01
9.849775105902308781e+01
7.955150305902307650e+01
9.376118905902309564e+01
7.481494105902308434e+01
9.376118905902308143e+01
7.007837905902307796e+01
7.007837905902306375e+01
7.481494105902307012e+01
7.955150305902307650e+01
1.063920210590230937e+02
9.376118905902309564e+01
9.376118905902308143e+01
6.849952505902308530e+01
8.902462705902307505e+01
7.639379505902306278e+01
8.902462705902310347e+01
8.270921105902309023e+01
9.218233505902310299e+01
8.270921105902309023e+01
7.797264905902309806e+01
9.060348105902308191e+01
8.428806505902309709e+01
8.744577305902308240e+01
8.270921105902307602e+01
9.060348105902308191e+01
9.218233505902308877e+01
8.428806505902308288e+01
8.586691905902307553e+01
7.639379505902309120e+01
9.218233505902308877e+01
9.218233505902308877e+01
1.016554590590230873e+02
7.007837905902307796e+01
8.113035705902309758e+01
1.000766050590230805e+02
8.902462705902307505e+01
1.048131670590231010e+02
7.955150305902307650e+01
8.428806505902308288e+01
8.744577305902308240e+01
8.902462705902308926e+01
8.744577305902306819e+01
8.113035705902306916e+01
7.639379505902307699e+01
8.586691905902310396e+01
8.744577305902308240e+01
1.000766050590230947e+02
9.534004305902310250e+01
7.955150305902307650e+01
1.000766050590230805e+02
1.032343130590230800e+02
7.165723305902307061e+01
8.428806505902306867e+01
8.744577305902309661e+01
9.218233505902308877e+01
9.849775105902308781e+01
9.534004305902307408e+01
8.270921105902309023e+01
7.481494105902308434e+01
9.376118905902309564e+01
7.165723305902307061e+01
8.428806505902308288e+01
1.095497290590230790e+02
6.692067105902306423e+01
7.955150305902307650e+01
8.902462705902308926e+01
9.534004305902308829e+01
8.113035705902308337e+01
8.744577305902308240e+01
8.744577305902306819e+01
9.849775105902308781e+01
8.270921105902309023e+01
7.639379505902309120e+01
8.270921105902307602e+01
7.007837905902307796e+01
9.849775105902308781e+01
7.955150305902307650e+01
8.270921105902309023e+01
7.481494105902308434e+01
7.797264905902308385e+01
9.849775105902310202e+01
6.849952505902307109e+01
1.063920210590230937e+02
8.744577305902308240e+01
7.323608705902309168e+01
7.165723305902307061e+01
9.691889705902308094e+01
7.481494105902308434e+01
6.849952505902307109e+01
1.000766050590230805e+02
8.428806505902308288e+01
7.481494105902308434e+01
8.270921105902309023e+01
7.007837905902309217e+01
8.270921105902309023e+01
9.218233505902308877e+01
8.428806505902308288e+01
7.797264905902309806e+01
1.016554590590231015e+02
7.007837905902306375e+01
1.095497290590230932e+02
8.902462705902308926e+01
8.270921105902306181e+01
7.165723305902309903e+01
9.691889705902309515e+01
8.428806505902309709e+01
8.270921105902307602e+01
9.376118905902309564e+01
9.218233505902307456e+01
1.079708750590231006e+02
8.586691905902307553e+01
9.691889705902308094e+01
1.048131670590230868e+02
9.218233505902308877e+01
9.060348105902306770e+01
8.902462705902308926e+01
9.849775105902308781e+01
8.902462705902306084e+01
8.113035705902308337e+01
7.797264905902306964e+01
9.691889705902309515e+01
9.376118905902309564e+01
9.691889705902309515e+01
7.955150305902307650e+01
7.639379505902309120e+01
9.534004305902307408e+01
8.586691905902307553e+01
9.376118905902309564e+01
9.849775105902308781e+01
6.849952505902307109e+01
8.902462705902308926e+01
7.639379505902306278e+01
1.111285830590230859e+02
9.218233505902308877e+01
8.428806505902308288e+01
9.376118905902308143e+01
7.955150305902310492e+01
1.032343130590230800e+02
7.639379505902309120e+01
8.428806505902306867e+01
9.691889705902309515e+01
8.902462705902310347e+01
7.007837905902309217e+01
9.218233505902310299e+01
9.060348105902308191e+01
8.113035705902308337e+01
1.000766050590230805e+02
9.218233505902310299e+01
8.428806505902306867e+01
7.481494105902308434e+01
8.902462705902306084e+01
1.016554590590230731e+02
9.534004305902307408e+01
8.113035705902309758e+01
9.534004305902308829e+01
8.586691905902307553e+01
9.534004305902308829e+01
1.000766050590230662e+02
9.534004305902308829e+01
7.955150305902309071e+01
9.849775105902308781e+01
8.270921105902309023e+01
8.113035705902309758e+01
9.060348105902309612e+01
1.000766050590230947e+02
7.323608705902307747e+01
9.060348105902309612e+01
8.902462705902308926e+01
8.428806505902306867e+01
1.048131670590230726e+02
8.428806505902309709e+01
9.376118905902309564e+01
9.218233505902307456e+01
9.376118905902308143e+01
9.534004305902308829e+01
1.032343130590230800e+02
1.063920210590230937e+02
8.902462705902308926e+01
1.095497290590230932e+02
7.481494105902308434e+01
8.902462705902308926e+01
1.063920210590230937e+02
7.481494105902308434e+01
8.428806505902308288e+01
9.691889705902306673e+01
9.691889705902309515e+01
8.428806505902309709e+01
9.534004305902308829e+01
8.586691905902306132e+01
7.639379505902307699e+01
1.079708750590231006e+02
8.586691905902308974e+01
1.079708750590230864e+02
9.218233505902307456e+01
1.079708750590230864e+02
9.060348105902309612e+01
8.902462705902307505e+01
9.849775105902308781e+01
7.797264905902308385e+01
9.218233505902307456e+01
7.639379505902307699e+01
8.902462705902308926e+01
8.744577305902306819e+01
9.218233505902306035e+01
7.955150305902307650e+01
8.428806505902306867e+01
9.060348105902308191e+01
9.218233505902307456e+01
8.428806505902308288e+01
8.744577305902308240e+01
8.902462705902306084e+01
7.323608705902307747e+01
1.079708750590231006e+02
9.691889705902308094e+01
1.048131670590230868e+02
8.744577305902308240e+01
8.902462705902307505e+01
7.955150305902307650e+01
9.849775105902307359e+01
7.007837905902309217e+01
8.586691905902308974e+01
9.691889705902308094e+01
8.902462705902310347e+01
7.955150305902307650e+01
9.849775105902308781e+01
8.744577305902308240e+01
1.032343130590230942e+02
7.165723305902307061e+01
9.849775105902307359e+01
9.849775105902308781e+01
9.534004305902307408e+01
8.902462705902307505e+01
7.165723305902308482e+01
1.032343130590230800e+02
7.165723305902308482e+01
9.060348105902308191e+01
9.691889705902308094e+01
8.744577305902308240e+01
1.032343130590230658e+02
8.113035705902306916e+01
1.000766050590230805e+02
5.744754705902307990e+01
1.032343130590230942e+02
7.481494105902308434e+01
9.060348105902309612e+01
9.060348105902308191e+01
8.113035705902308337e+01
9.691889705902308094e+01
7.639379505902307699e+01
1.095497290590230790e+02
7.639379505902309120e+01
1.000766050590230805e+02
8.113035705902308337e+01
7.007837905902307796e+01
8.744577305902309661e+01
8.744577305902308240e+01
8.586691905902306132e+01
8.428806505902306867e+01
8.113035705902306916e+01
7.639379505902307699e+01
8.744577305902308240e+01
9.218233505902308877e+01
7.639379505902307699e+01
8.428806505902308288e+01
1.016554590590230873e+02
7.797264905902308385e+01
5.744754705902309411e+01
8.586691905902308974e+01
1.000766050590230805e+02
8.744577305902309661e+01
8.113035705902309758e+01
8.902462705902310347e+01
9.218233505902308877e+01
9.376118905902309564e+01
8.744577305902306819e+01
8.270921105902307602e+01
8.428806505902309709e+01
8.270921105902307602e+01
9.376118905902308143e+01
7.955150305902307650e+01
1.032343130590230800e+02
9.849775105902308781e+01
9.376118905902308143e+01
8.744577305902308240e+01
8.428806505902309709e+01
8.902462705902307505e+01
9.218233505902307456e+01
8.902462705902307505e+01
1.016554590590230731e+02
7.481494105902307012e+01
1.079708750590230721e+02
8.270921105902309023e+01
1.016554590590230873e+02
9.849775105902308781e+01
9.060348105902306770e+01
8.744577305902308240e+01
9.534004305902307408e+01
8.428806505902306867e+01
1.063920210590230937e+02
9.534004305902310250e+01
9.849775105902307359e+01
7.955150305902306229e+01
1.158651450590230922e+02
9.534004305902307408e+01
1.016554590590230731e+02
8.744577305902309661e+01
9.691889705902308094e+01
9.060348105902308191e+01
7.797264905902306964e+01
9.376118905902308143e+01
9.691889705902306673e+01
1.000766050590230947e+02
8.586691905902307553e+01
1.032343130590230942e+02
8.270921105902309023e+01
7.797264905902306964e+01
7.797264905902306964e+01
1.063920210590230795e+02
8.902462705902308926e+01
8.586691905902307553e+01
9.218233505902308877e+01
8.113035705902309758e+01
8.744577305902309661e+01
9.691889705902309515e+01
8.744577305902306819e+01
9.849775105902307359e+01
1.063920210590230937e+02
1.032343130590230800e+02
8.902462705902308926e+01
9.534004305902310250e+01
6.534181705902307158e+01
7.955150305902309071e+01
7.955150305902306229e+01
9.376118905902306722e+01
8.744577305902308240e+01
9.376118905902308143e+01
1.095497290590230790e+02
7.797264905902306964e+01
1.127074370590230927e+02
7.639379505902307699e+01
8.428806505902306867e+01
9.691889705902308094e+01
9.849775105902307359e+01
1.158651450590230780e+02
8.902462705902308926e+01
8.113035705902306916e+01
9.691889705902309515e+01
9.060348105902306770e+01
8.428806505902308288e+01
9.060348105902306770e+01
1.000766050590230805e+02
1.000766050590230805e+02
1.000766050590230662e+02
8.113035705902309758e+01
1.048131670590230868e+02
1.000766050590230947e+02
1.127074370590230927e+02
9.849775105902308781e+01
1.032343130590230800e+02
9.218233505902308877e+01
1.127074370590230927e+02
1.000766050590230947e+02
9.376118905902308143e+01
8.586691905902307553e+01
1.000766050590230805e+02
1.079708750590231006e+02
9.534004305902308829e+01
1.000766050590230805e+02
1.127074370590230927e+02
9.691889705902308094e+01
1.063920210590230795e+02
9.534004305902308829e+01
9.060348105902308191e+01
9.376118905902306722e+01
1.048131670590230868e+02
9.376118905902308143e+01
1.079708750590230721e+02
1.190228530590230918e+02
9.060348105902306770e+01
8.744577305902308240e+01
9.691889705902309515e+01
1.032343130590230942e+02
9.376118905902308143e+01
7.797264905902309806e+01
7.955150305902306229e+01
6.060525505902309362e+01
9.534004305902307408e+01
9.060348105902309612e+01
1.079708750590230864e+02
9.218233505902307456e+01
1.048131670590230726e+02
8.428806505902306867e+01
8.902462705902307505e+01
8.586691905902308974e+01
9.060348105902309612e+01
7.481494105902307012e+01
9.060348105902309612e+01
9.691889705902306673e+01
9.534004305902308829e+01
7.481494105902308434e+01
1.079708750590230721e+02
9.218233505902307456e+01
1.000766050590230947e+02
9.849775105902307359e+01
7.797264905902306964e+01
9.376118905902308143e+01
1.016554590590230873e+02
9.534004305902310250e+01
9.376118905902309564e+01
9.849775105902307359e+01
1.000766050590230805e+02
9.060348105902309612e+01
7.797264905902308385e+01
1.048131670590230726e+02
8.428806505902308288e+01
7.797264905902306964e+01
8.428806505902306867e+01
9.849775105902307359e+01
8.270921105902306181e+01
9.376118905902308143e+01
8.902462705902307505e+01
1.111285830590230859e+02
9.691889705902309515e+01
1.016554590590230873e+02
9.060348105902309612e+01
1.111285830590231001e+02
9.849775105902308781e+01
9.376118905902306722e+01
9.534004305902308829e+01
9.691889705902309515e+01
8.428806505902308288e+01
8.270921105902309023e+01
7.481494105902308434e+01
9.534004305902308829e+01
9.849775105902305938e+01
8.428806505902309709e+01
9.376118905902308143e+01
8.902462705902307505e+01
8.744577305902308240e+01
9.376118905902308143e+01
9.849775105902307359e+01
9.691889705902308094e+01
8.902462705902308926e+01
8.744577305902308240e+01
9.849775105902310202e+01
7.955150305902306229e+01
9.534004305902308829e+01
9.218233505902307456e+01
8.744577305902308240e+01
1.079708750590231006e+02
9.691889705902309515e+01
8.744577305902308240e+01
9.534004305902305987e+01
8.270921105902306181e+01
1.032343130590230942e+02
8.902462705902308926e+01
1.063920210590230937e+02
1.016554590590231015e+02
8.902462705902308926e+01
1.016554590590231015e+02
7.797264905902306964e+01
1.048131670590231010e+02
8.902462705902307505e+01
8.113035705902306916e+01
9.218233505902307456e+01
9.849775105902308781e+01
7.955150305902306229e+01
9.376118905902308143e+01
1.111285830590230717e+02
1.079708750590231006e+02
9.691889705902309515e+01
1.048131670590230868e+02
1.000766050590230947e+02
9.218233505902310299e+01
8.902462705902310347e+01
7.323608705902310589e+01
9.060348105902306770e+01
7.797264905902308385e+01
1.048131670590230868e+02
9.534004305902310250e+01
8.744577305902308240e+01
1.048131670590230868e+02
9.060348105902309612e+01
9.060348105902308191e+01
1.000766050590230805e+02
7.955150305902307650e+01
9.691889705902309515e+01
8.428806505902306867e+01
8.113035705902308337e+01
8.428806505902309709e+01
8.744577305902306819e+01
1.095497290590230790e+02
8.902462705902307505e+01
8.744577305902308240e+01
7.481494105902307012e+01
8.113035705902308337e+01
1.063920210590230795e+02
1.095497290590230932e+02
8.270921105902309023e+01
8.744577305902309661e+01
9.218233505902310299e+01
1.048131670590231010e+02
9.849775105902310202e+01
8.113035705902308337e+01
9.218233505902307456e+01
8.902462705902306084e+01
9.218233505902307456e+01
9.376118905902306722e+01
8.270921105902307602e+01
1.142862910590230854e+02
1.063920210590230795e+02
1.063920210590230795e+02
9.060348105902309612e+01
8.902462705902308926e+01
8.902462705902307505e+01
9.060348105902309612e+01
9.376118905902308143e+01
8.744577305902308240e+01
8.586691905902308974e+01
9.376118905902306722e+01
9.849775105902307359e+01
8.902462705902307505e+01
6.692067105902307844e+01
9.534004305902308829e+01
9.849775105902308781e+01
9.060348105902308191e+01
8.902462705902307505e+01
9.849775105902310202e+01
9.376118905902308143e+01
8.428806505902309709e+01
1.016554590590230731e+02
9.849775105902308781e+01
1.048131670590230726e+02
7.955150305902307650e+01
9.218233505902308877e+01
1.048131670590231010e+02
8.744577305902308240e+01
9.218233505902308877e+01
8.113035705902306916e+01
9.376118905902308143e+01
9.218233505902306035e+01
1.000766050590230947e+02
9.691889705902309515e+01
7.165723305902308482e+01
8.744577305902309661e+01
9.691889705902309515e+01
7.955150305902307650e+01
9.060348105902309612e+01
8.428806505902308288e+01
7.797264905902308385e+01
1.000766050590230805e+02
8.902462705902306084e+01
7.323608705902309168e+01
8.902462705902306084e+01
1.063920210590230795e+02
1.016554590590230873e+02
8.270921105902307602e+01
9.691889705902308094e+01
9.849775105902310202e+01
9.534004305902307408e+01
1.048131670590230726e+02
9.691889705902308094e+01
7.639379505902307699e+01
8.428806505902306867e+01
8.270921105902307602e+01
1.079708750590230864e+02
1.000766050590230947e+02
1.048131670590230726e+02
8.113035705902308337e+01
8.270921105902309023e+01
6.218410905902308627e+01
1.048131670590231010e+02
9.534004305902308829e+01
1.127074370590230785e+02
9.534004305902308829e+01
1.111285830590230859e+02
1.063920210590230795e+02
7.955150305902307650e+01
9.534004305902307408e+01
1.111285830590230859e+02
1.000766050590230662e+02
9.376118905902306722e+01
1.063920210590230937e+02
9.849775105902307359e+01
9.376118905902308143e+01
9.691889705902306673e+01
9.218233505902307456e+01
1.063920210590230795e+02
7.481494105902307012e+01
1.111285830590230859e+02
8.902462705902307505e+01
1.063920210590230937e+02
9.376118905902308143e+01
9.534004305902310250e+01
9.691889705902308094e+01
8.586691905902308974e+01
9.376118905902308143e+01
9.376118905902308143e+01
1.016554590590231015e+02
8.113035705902306916e+01
1.237594150590230981e+02
8.586691905902308974e+01
1.000766050590230805e+02
9.376118905902306722e+01
6.849952505902308530e+01
1.142862910590230712e+02
8.270921105902309023e+01
9.376118905902309564e+01
7.955150305902307650e+01
9.218233505902307456e+01
1.095497290590230790e+02
6.849952505902307109e+01
9.218233505902308877e+01
1.095497290590230790e+02
8.428806505902306867e+01
8.270921105902307602e+01
1.016554590590230731e+02
1.016554590590230873e+02
8.744577305902308240e+01
1.095497290590230790e+02
8.586691905902308974e+01
8.113035705902306916e+01
9.691889705902308094e+01
9.534004305902308829e+01
8.744577305902308240e+01
9.691889705902309515e+01
1.032343130590230942e+02
1.016554590590230873e+02
1.016554590590230731e+02
8.902462705902308926e+01
1.032343130590230658e+02
8.586691905902307553e+01
1.000766050590230805e+02
8.270921105902306181e+01
9.060348105902306770e+01
9.849775105902308781e+01
1.063920210590230937e+02
8.744577305902306819e+01
7.481494105902308434e+01
8.586691905902308974e+01
7.955150305902307650e+01
7.481494105902307012e+01
9.849775105902308781e+01
9.218233505902308877e+01
8.902462705902308926e+01
9.376118905902306722e+01
9.691889705902308094e+01
7.323608705902309168e+01
8.744577305902308240e+01
1.016554590590230873e+02
8.428806505902306867e+01
9.376118905902306722e+01
9.691889705902309515e+01
1.079708750590230864e+02
8.744577305902306819e+01
9.376118905902308143e+01
9.849775105902310202e+01
9.218233505902307456e+01
9.849775105902307359e+01
8.428806505902309709e+01
8.113035705902308337e+01
9.849775105902308781e+01
8.113035705902308337e+01
9.060348105902308191e+01
9.376118905902309564e+01
9.534004305902307408e+01
7.323608705902307747e+01
9.691889705902308094e+01
8.428806505902309709e+01
9.534004305902307408e+01
9.060348105902308191e+01
1.095497290590230932e+02
9.849775105902307359e+01
7.639379505902309120e+01
8.586691905902307553e+01
8.270921105902307602e+01
8.270921105902309023e+01
9.060348105902306770e+01
8.113035705902306916e+01
1.111285830590230574e+02
9.849775105902307359e+01
9.376118905902308143e+01
8.902462705902308926e+01
9.376118905902308143e+01
1.000766050590230662e+02
8.113035705902308337e+01
9.060348105902308191e+01
9.849775105902307359e+01
9.691889705902308094e+01
1.000766050590230947e+02
1.032343130590230800e+02
9.218233505902306035e+01
1.016554590590230873e+02
1.079708750590230721e+02
8.586691905902307553e+01
1.048131670590230726e+02
8.586691905902307553e+01
9.849775105902307359e+01
1.016554590590230873e+02
1.237594150590230839e+02
8.744577305902308240e+01
1.016554590590230731e+02
1.063920210590230937e+02
9.534004305902307408e+01
1.063920210590230653e+02
8.113035705902308337e+01
1.142862910590230996e+02
8.113035705902306916e+01
1.079708750590230721e+02
9.849775105902308781e+01
9.691889705902306673e+01
9.218233505902308877e+01
1.048131670590230868e+02
1.016554590590231015e+02
9.060348105902308191e+01
9.691889705902306673e+01
7.955150305902306229e+01
9.060348105902306770e+01
8.113035705902308337e+01
8.428806505902306867e+01
1.095497290590230790e+02
8.902462705902308926e+01
9.376118905902309564e+01
8.586691905902306132e+01
1.032343130590230800e+02
1.000766050590230805e+02
8.586691905902310396e+01
8.586691905902306132e+01
9.534004305902308829e+01
1.063920210590230937e+02
1.016554590590230873e+02
1.048131670590230726e+02
1.000766050590230662e+02
8.902462705902307505e+01
1.032343130590230658e+02
1.174439990590230991e+02
1.048131670590230868e+02
9.060348105902309612e+01
9.849775105902307359e+01
9.691889705902309515e+01
9.691889705902306673e+01
1.111285830590230717e+02
1.016554590590230731e+02
1.111285830590230859e+02
8.586691905902307553e+01
1.048131670590230584e+02
1.095497290590230790e+02
9.849775105902307359e+01
1.095497290590230790e+02
1.095497290590230932e+02
9.534004305902308829e+01
8.586691905902307553e+01
1.048131670590230726e+02
8.270921105902309023e+01
1.016554590590230873e+02
8.744577305902306819e+01
1.016554590590230731e+02
9.849775105902310202e+01
1.048131670590230868e+02
1.127074370590230785e+02
9.376118905902306722e+01
1.079708750590230864e+02
9.691889705902306673e+01
9.534004305902308829e+01
1.158651450590230780e+02
8.744577305902308240e+01
1.127074370590230927e+02
1.032343130590230800e+02
9.691889705902309515e+01
1.000766050590230805e+02
1.063920210590230795e+02
9.691889705902308094e+01
8.586691905902306132e+01
1.142862910590230854e+02
9.691889705902309515e+01
1.016554590590230731e+02
8.744577305902308240e+01
9.060348105902308191e+01
8.902462705902307505e+01
8.902462705902308926e+01
1.016554590590230731e+02
1.000766050590230805e+02
8.902462705902306084e+01
1.048131670590231010e+02
1.016554590590230873e+02
1.063920210590230937e+02
1.095497290590230790e+02
9.691889705902308094e+01
8.902462705902308926e+01
9.060348105902308191e+01
1.048131670590230726e+02
1.000766050590230662e+02
9.534004305902308829e+01
1.111285830590230859e+02
7.955150305902309071e+01
8.744577305902308240e+01
9.376118905902308143e+01
1.063920210590230795e+02
1.158651450590230780e+02
9.060348105902306770e+01
8.744577305902308240e+01
8.744577305902308240e+01
8.113035705902306916e+01
1.111285830590231001e+02
9.691889705902306673e+01
1.063920210590230937e+02
9.060348105902306770e+01
9.218233505902307456e+01
8.113035705902306916e+01
1.206017070590230702e+02
1.127074370590230785e+02
1.048131670590231010e+02
1.048131670590230868e+02
1.032343130590230942e+02
1.063920210590230937e+02
8.744577305902308240e+01
1.095497290590230790e+02
8.902462705902307505e+01
1.048131670590230726e+02
1.000766050590230947e+02
9.691889705902306673e+01
9.060348105902306770e+01
1.032343130590230658e+02
1.111285830590230717e+02
7.165723305902308482e+01
1.016554590590230873e+02
8.270921105902309023e+01
9.376118905902306722e+01
1.079708750590230721e+02
9.849775105902310202e+01
9.218233505902308877e+01
7.955150305902306229e+01
9.691889705902306673e+01
1.142862910590230570e+02
9.376118905902306722e+01
1.032343130590230658e+02
1.079708750590230864e+02
1.048131670590230868e+02
9.849775105902305938e+01
1.111285830590231001e+02
8.270921105902307602e+01
1.048131670590230868e+02
8.744577305902308240e+01
1.000766050590230947e+02
9.376118905902306722e+01
9.691889705902308094e+01
1.300748310590230972e+02
8.744577305902308240e+01
1.111285830590231001e+02
9.849775105902305938e+01
9.534004305902308829e+01
8.586691905902307553e+01
8.586691905902306132e+01
1.063920210590230795e+02
7.955150305902307650e+01
9.060348105902306770e+01
9.376118905902309564e+01
8.270921105902309023e+01
1.095497290590230932e+02
9.218233505902308877e+01
9.534004305902310250e+01
9.060348105902308191e+01
1.221805610590230771e+02
1.016554590590230873e+02
1.048131670590230868e+02
9.691889705902308094e+01
1.032343130590230942e+02
8.113035705902308337e+01
9.534004305902307408e+01
1.032343130590230800e+02
6.692067105902307844e+01
1.016554590590231015e+02
7.639379505902306278e+01
8.744577305902306819e+01
1.221805610590230771e+02
1.048131670590230726e+02
1.048131670590230868e+02
8.902462705902306084e+01
1.253382690590230766e+02
1.158651450590230922e+02
1.063920210590230795e+02
9.218233505902308877e+01
1.000766050590230805e+02
9.534004305902307408e+01
8.113035705902308337e+01
8.744577305902306819e+01
1.063920210590230795e+02
9.218233505902310299e+01
1.127074370590230927e+02
9.691889705902309515e+01
1.127074370590230927e+02
1.032343130590230800e+02
9.849775105902307359e+01
8.744577305902306819e+01
1.032343130590230800e+02
8.428806505902308288e+01
1.190228530590230775e+02
1.269171230590230834e+02
1.048131670590231010e+02
8.902462705902306084e+01
1.174439990590230707e+02
1.127074370590230927e+02
1.016554590590230731e+02
1.332325390590230825e+02
1.127074370590230785e+02
9.218233505902308877e+01
1.253382690590230766e+02
8.902462705902308926e+01
1.048131670590230868e+02
1.095497290590230932e+02
1.127074370590230643e+02
1.063920210590230795e+02
1.111285830590230717e+02
8.902462705902310347e+01
1.048131670590230868e+02
1.016554590590230873e+02
1.127074370590230927e+02
1.063920210590230795e+02
9.060348105902306770e+01
8.428806505902308288e+01
1.063920210590230795e+02
1.016554590590230731e+02
1.127074370590230927e+02
1.095497290590230790e+02
9.218233505902306035e+01
8.586691905902306132e+01
9.691889705902309515e+01
1.000766050590230805e+02
8.586691905902306132e+01
9.849775105902310202e+01
9.060348105902308191e+01
1.111285830590230717e+02
8.744577305902308240e+01
1.048131670590231010e+02
8.744577305902308240e+01
1.000766050590230947e+02
8.428806505902308288e+01
1.063920210590230795e+02
1.158651450590230922e+02
7.165723305902308482e+01
9.376118905902306722e+01
1.032343130590230800e+02
1.000766050590230805e+02
9.534004305902308829e+01
9.691889705902308094e+01
7.955150305902309071e+01
9.691889705902308094e+01
9.218233505902308877e+01
1.079708750590231006e+02
1.206017070590230844e+02
9.691889705902308094e+01
8.586691905902308974e+01
9.218233505902308877e+01
1.032343130590230800e+02
9.218233505902310299e+01
1.000766050590230947e+02
1.032343130590230942e+02
1.142862910590230854e+02
9.376118905902306722e+01
1.032343130590230800e+02
9.691889705902309515e+01
9.534004305902307408e+01
1.048131670590230868e+02
1.206017070590230702e+02
1.048131670590231010e+02
8.744577305902306819e+01
1.111285830590230859e+02
8.744577305902309661e+01
1.000766050590230805e+02
1.111285830590230717e+02
1.079708750590230864e+02
1.063920210590230937e+02
1.111285830590231001e+02
9.376118905902308143e+01
8.744577305902308240e+01
9.534004305902305987e+01
9.376118905902306722e+01
9.060348105902306770e+01
1.190228530590230775e+02
1.048131670590230868e+02
8.586691905902307553e+01
8.428806505902308288e+01
9.691889705902309515e+01
9.849775105902310202e+01
9.060348105902309612e+01
1.048131670590230584e+02
1.016554590590230873e+02
9.849775105902307359e+01
9.849775105902307359e+01
7.955150305902307650e+01
1.032343130590230800e+02
1.016554590590230731e+02
9.691889705902308094e+01
9.691889705902308094e+01
8.270921105902307602e+01
8.902462705902307505e+01
9.376118905902308143e+01
9.534004305902305987e+01
9.691889705902309515e+01
9.218233505902307456e+01
9.691889705902309515e+01
9.218233505902308877e+01
8.744577305902308240e+01
9.534004305902305987e+01
1.142862910590230996e+02
9.534004305902308829e+01
8.428806505902308288e+01
1.016554590590230873e+02
7.639379505902307699e+01
9.218233505902308877e+01
1.063920210590230795e+02
1.063920210590230795e+02
1.142862910590230854e+02
1.016554590590230731e+02
1.048131670590231010e+02
1.000766050590230662e+02
1.206017070590230844e+02
1.111285830590230859e+02
1.000766050590230805e+02
1.032343130590230800e+02
8.113035705902308337e+01
1.032343130590230942e+02
1.032343130590230942e+02
1.127074370590230927e+02
1.190228530590230775e+02
1.111285830590230859e+02
1.048131670590230726e+02
8.428806505902308288e+01
8.744577305902308240e+01
1.048131670590230726e+02
8.902462705902308926e+01
8.270921105902309023e+01
8.586691905902308974e+01
1.063920210590230795e+02
1.000766050590230947e+02
1.221805610590230771e+02
1.063920210590230937e+02
1.000766050590230805e+02
1.048131670590230726e+02
1.032343130590230800e+02
8.744577305902306819e+01
1.048131670590231010e+02
9.534004305902310250e+01
9.849775105902307359e+01
9.849775105902307359e+01
1.190228530590230775e+02
9.534004305902310250e+01
9.691889705902306673e+01
8.744577305902309661e+01
1.095497290590230932e+02
9.376118905902306722e+01
1.000766050590230805e+02
1.127074370590230927e+02
1.316536850590230756e+02
1.048131670590230868e+02
9.376118905902308143e+01
1.079708750590230864e+02
1.079708750590230864e+02
1.079708750590231006e+02
9.849775105902310202e+01
1.174439990590230849e+02
1.253382690590230766e+02
1.190228530590230918e+02
1.095497290590230648e+02
9.218233505902308877e+01
1.253382690590230766e+02
1.127074370590230927e+02
8.902462705902308926e+01
1.032343130590230800e+02
1.111285830590230859e+02
9.218233505902307456e+01
1.158651450590230780e+02
1.095497290590230932e+02
1.174439990590230707e+02
1.048131670590230868e+02
9.849775105902308781e+01
1.111285830590230859e+02
1.127074370590230501e+02
1.206017070590230986e+02
9.691889705902309515e+01
1.079708750590230864e+02
9.849775105902310202e+01
1.000766050590230805e+02
1.032343130590230942e+02
9.691889705902306673e+01
1.032343130590230942e+02
1.174439990590230849e+02
7.639379505902309120e+01
1.127074370590230501e+02
1.127074370590230927e+02
9.218233505902306035e+01
1.063920210590230795e+02
1.158651450590230922e+02
9.218233505902306035e+01
1.111285830590231001e+02
1.032343130590230658e+02
1.206017070590230702e+02
1.174439990590230849e+02
9.849775105902310202e+01
9.691889705902306673e+01
1.079708750590230721e+02
8.902462705902307505e+01
9.849775105902310202e+01
1.158651450590230780e+02
9.849775105902310202e+01
1.063920210590230795e+02
1.079708750590230864e+02
9.534004305902308829e+01
9.691889705902309515e+01
1.127074370590230785e+02
1.095497290590230932e+02
1.269171230590230834e+02
1.111285830590230717e+02
1.158651450590230780e+02
1.142862910590230854e+02
1.000766050590230805e+02
1.079708750590230864e+02
1.016554590590230731e+02
1.095497290590230790e+02
1.016554590590230873e+02
9.849775105902308781e+01
1.158651450590230780e+02
1.095497290590230932e+02
1.063920210590230795e+02
1.079708750590230721e+02
1.174439990590230991e+02
1.206017070590230702e+02
1.190228530590230775e+02
9.218233505902308877e+01
9.376118905902308143e+01
9.376118905902306722e+01
1.190228530590230775e+02
1.000766050590230805e+02
1.158651450590230780e+02
1.174439990590230565e+02
1.127074370590230927e+02
1.190228530590230918e+02
8.113035705902306916e+01
1.269171230590230692e+02
1.190228530590230775e+02
1.032343130590230658e+02
1.158651450590230638e+02
1.127074370590230785e+02
8.902462705902307505e+01
1.063920210590230795e+02
9.849775105902307359e+01
9.376118905902306722e+01
1.190228530590230918e+02
9.534004305902308829e+01
8.270921105902309023e+01
9.060348105902306770e+01
1.079708750590230864e+02
1.063920210590230795e+02
1.095497290590230648e+02
1.127074370590230785e+02
9.376118905902308143e+01
1.111285830590230717e+02
1.048131670590230868e+02
1.079708750590230864e+02
8.744577305902308240e+01
1.000766050590230947e+02
8.902462705902308926e+01
1.048131670590230868e+02
9.534004305902310250e+01
1.063920210590230795e+02
1.190228530590230918e+02
1.111285830590230859e+02
9.218233505902307456e+01
8.744577305902306819e+01
8.744577305902308240e+01
1.221805610590230913e+02
1.127074370590230785e+02
1.063920210590230795e+02
1.158651450590230780e+02
1.127074370590230927e+02
1.079708750590230721e+02
1.032343130590230800e+02
8.744577305902308240e+01
1.048131670590230868e+02
1.111285830590230717e+02
1.079708750590230864e+02
9.691889705902309515e+01
1.079708750590230721e+02
1.000766050590230947e+02
1.190228530590230775e+02
1.269171230590230834e+02
9.218233505902307456e+01
9.691889705902308094e+01
9.060348105902309612e+01
1.000766050590230805e+02
1.111285830590230717e+02
1.032343130590230800e+02
8.902462705902307505e+01
1.079708750590230864e+02
1.174439990590230707e+02
1.079708750590230721e+02
9.849775105902307359e+01
9.849775105902307359e+01
9.691889705902306673e+01
7.955150305902307650e+01
1.174439990590230991e+02
1.000766050590230947e+02
8.902462705902307505e+01
1.032343130590230942e+02
1.079708750590230721e+02
9.060348105902309612e+01
1.190228530590230918e+02
1.095497290590230932e+02
1.000766050590230662e+02
1.000766050590230662e+02
1.174439990590230849e+02
9.218233505902308877e+01
1.032343130590230942e+02
1.174439990590230707e+02
1.142862910590230996e+02
9.849775105902308781e+01
1.079708750590230721e+02
9.376118905902308143e+01
1.079708750590230721e+02
8.744577305902306819e+01
8.744577305902308240e+01
1.174439990590230707e+02
1.016554590590230873e+02
1.253382690590230766e+02
1.158651450590230780e+02
9.534004305902307408e+01
1.190228530590230775e+02
1.142862910590230854e+02
1.142862910590230712e+02
7.481494105902308434e+01
1.111285830590230717e+02
9.534004305902310250e+01
8.113035705902306916e+01
9.218233505902307456e+01
1.158651450590230780e+02
1.190228530590230918e+02
9.849775105902307359e+01
1.079708750590230864e+02
9.849775105902310202e+01
1.032343130590230658e+02
1.142862910590230712e+02
9.534004305902308829e+01
1.048131670590231010e+02
1.032343130590230800e+02
1.000766050590230805e+02
9.376118905902308143e+01
1.142862910590230712e+02
1.127074370590230785e+02
1.095497290590230648e+02
1.095497290590230790e+02
1.095497290590230932e+02
1.221805610590230913e+02
9.534004305902308829e+01
1.111285830590230717e+02
1.127074370590230785e+02
1.032343130590230658e+02
8.744577305902306819e+01
9.534004305902305987e+01
1.048131670590230868e+02
1.048131670590230868e+02
1.000766050590230805e+02
1.048131670590230726e+02
8.902462705902308926e+01
8.586691905902308974e+01
1.190228530590230775e+02
1.095497290590230932e+02
1.142862910590230712e+02
1.300748310590230687e+02
1.000766050590230662e+02
1.158651450590230638e+02
9.376118905902306722e+01
1.079708750590230864e+02
9.534004305902305987e+01
1.048131670590230868e+02
1.048131670590230868e+02
8.586691905902310396e+01
9.691889705902306673e+01
1.048131670590231010e+02
9.060348105902308191e+01
8.744577305902306819e+01
1.111285830590230859e+02
1.111285830590230717e+02
1.048131670590230726e+02
8.744577305902308240e+01
9.060348105902308191e+01
1.048131670590230868e+02
8.902462705902307505e+01
9.376118905902308143e+01
1.048131670590230726e+02
1.253382690590230766e+02
9.534004305902308829e+01
9.849775105902308781e+01
1.016554590590230589e+02
9.691889705902308094e+01
1.063920210590230795e+02
7.639379505902307699e+01
1.000766050590230805e+02
1.079708750590230864e+02
9.691889705902309515e+01
1.016554590590230731e+02
9.691889705902308094e+01
1.284959770590230619e+02
1.127074370590230501e+02
1.111285830590231001e+02
1.111285830590230574e+02
1.079708750590230864e+02
1.048131670590230868e+02
9.691889705902308094e+01
1.032343130590230800e+02
9.691889705902308094e+01
9.849775105902307359e+01
8.902462705902307505e+01
1.048131670590230868e+02
9.534004305902305987e+01
1.079708750590230579e+02
1.008470489626594571e+02
-5.545949703734052605e+01
8.505850896265945948e+01
1.087413189626594772e+02
1.040047569626594566e+02
7.716423896265946780e+01
6.926996896265947612e+01
7.874309296265946045e+01
6.295455296265947709e+01
8.663736296265945214e+01
5.348142896265946433e+01
8.347965496265945262e+01
5.348142896265947854e+01
8.821621696265945900e+01
7.558538496265946094e+01
7.084882296265946877e+01
7.874309296265947467e+01
8.190080096265945997e+01
8.505850896265945948e+01
1.087413189626594487e+02
8.821621696265945900e+01
7.874309296265947467e+01
8.663736296265945214e+01
6.926996896265947612e+01
1.024259029626594497e+02
9.137392496265945852e+01
7.874309296265944624e+01
1.024259029626594497e+02
6.137569896265947023e+01
9.295277896265945117e+01
8.505850896265945948e+01
8.821621696265945900e+01
8.032194696265945311e+01
8.821621696265947321e+01
8.979507096265946586e+01
8.190080096265944576e+01
8.190080096265947418e+01
8.821621696265944479e+01
7.716423896265945359e+01
9.611048696265947910e+01
8.032194696265946732e+01
1.087413189626594630e+02
7.400653096265946829e+01
1.134778809626594835e+02
9.926819496265946441e+01
8.032194696265945311e+01
9.295277896265945117e+01
7.242767696265946142e+01
1.024259029626594781e+02
6.611226096265947660e+01
7.558538496265946094e+01
7.716423896265946780e+01
9.137392496265945852e+01
8.663736296265945214e+01
8.663736296265946635e+01
8.190080096265947418e+01
9.453163296265947224e+01
1.024259029626594639e+02
6.926996896265947612e+01
9.926819496265946441e+01
7.558538496265946094e+01
9.295277896265946538e+01
8.347965496265946683e+01
8.663736296265946635e+01
8.190080096265947418e+01
9.768934096265945755e+01
7.874309296265946045e+01
8.821621696265945900e+01
9.611048696265946489e+01
8.505850896265947370e+01
7.716423896265945359e+01
8.979507096265945165e+01
6.453340696265946974e+01
1.055836109626594634e+02
8.979507096265946586e+01
7.874309296265946045e+01
8.190080096265947418e+01
8.505850896265945948e+01
9.768934096265945755e+01
8.190080096265945997e+01
9.453163296265945803e+01
7.716423896265946780e+01
1.040047569626594566e+02
8.347965496265946683e+01
8.979507096265945165e+01
8.347965496265945262e+01
8.663736296265946635e+01
1.166355889626594831e+02
1.087413189626594772e+02
7.242767696265946142e+01
8.190080096265944576e+01
8.347965496265945262e+01
8.663736296265946635e+01
8.821621696265945900e+01
7.874309296265946045e+01
1.008470489626594571e+02
8.979507096265945165e+01
8.347965496265946683e+01
8.979507096265946586e+01
8.979507096265946586e+01
8.979507096265945165e+01
8.979507096265945165e+01
8.821621696265947321e+01
8.190080096265945997e+01
7.716423896265946780e+01
9.926819496265946441e+01
7.716423896265945359e+01
8.347965496265946683e+01
9.453163296265945803e+01
7.716423896265946780e+01
9.611048696265946489e+01
7.558538496265944673e+01
9.926819496265945020e+01
7.242767696265947563e+01
8.190080096265947418e+01
8.190080096265945997e+01
7.874309296265946045e+01
6.769111496265946926e+01
8.663736296265946635e+01
8.190080096265945997e+01
7.084882296265946877e+01
1.087413189626594630e+02
9.137392496265947273e+01
1.024259029626594639e+02
9.137392496265945852e+01
8.347965496265946683e+01
8.190080096265947418e+01
7.242767696265946142e+01
8.505850896265947370e+01
9.926819496265946441e+01
8.505850896265947370e+01
8.505850896265944527e+01
1.040047569626594566e+02
1.055836109626594492e+02
8.663736296265945214e+01
1.040047569626594424e+02
9.768934096265945755e+01
1.040047569626594424e+02
9.768934096265944333e+01
7.558538496265947515e+01
8.663736296265946635e+01
7.874309296265947467e+01
9.137392496265945852e+01
7.558538496265944673e+01
1.008470489626594713e+02
8.032194696265945311e+01
8.979507096265946586e+01
7.558538496265946094e+01
8.663736296265946635e+01
8.190080096265947418e+01
8.032194696265945311e+01
8.032194696265946732e+01
8.032194696265945311e+01
6.926996896265947612e+01
8.663736296265945214e+01
8.190080096265947418e+01
9.295277896265945117e+01
9.926819496265946441e+01
8.821621696265944479e+01
6.453340696265945553e+01
7.874309296265946045e+01
7.874309296265947467e+01
8.190080096265945997e+01
9.137392496265944430e+01
8.821621696265945900e+01
9.768934096265945755e+01
1.071624649626594561e+02
8.663736296265945214e+01
7.716423896265945359e+01
9.768934096265947176e+01
7.400653096265945408e+01
8.190080096265944576e+01
7.874309296265946045e+01
9.453163296265947224e+01
8.347965496265945262e+01
6.769111496265946926e+01
9.137392496265947273e+01
6.453340696265948395e+01
8.505850896265945948e+01
1.008470489626594713e+02
8.032194696265946732e+01
1.118990269626594625e+02
7.558538496265944673e+01
8.663736296265948056e+01
9.768934096265944333e+01
9.768934096265944333e+01
7.716423896265946780e+01
8.979507096265946586e+01
7.716423896265945359e+01
8.821621696265945900e+01
9.926819496265946441e+01
7.558538496265947515e+01
8.190080096265947418e+01
7.558538496265946094e+01
8.190080096265947418e+01
9.453163296265947224e+01
9.611048696265947910e+01
1.008470489626594571e+02
7.400653096265946829e+01
8.821621696265945900e+01
8.032194696265946732e+01
9.453163296265947224e+01
6.926996896265946191e+01
8.821621696265944479e+01
8.821621696265947321e+01
7.716423896265946780e+01
9.453163296265945803e+01
8.032194696265946732e+01
7.242767696265946142e+01
8.347965496265946683e+01
8.505850896265945948e+01
7.084882296265946877e+01
7.400653096265946829e+01
8.190080096265944576e+01
9.453163296265945803e+01
7.716423896265946780e+01
7.716423896265946780e+01
8.979507096265945165e+01
8.979507096265946586e+01
1.055836109626594492e+02
8.663736296265945214e+01
9.137392496265945852e+01
7.558538496265946094e+01
7.242767696265946142e+01
8.347965496265946683e+01
8.821621696265947321e+01
1.087413189626594487e+02
7.558538496265944673e+01
6.295455296265947709e+01
9.926819496265946441e+01
8.979507096265949428e+01
8.979507096265948007e+01
8.032194696265945311e+01
9.453163296265947224e+01
9.611048696265945068e+01
9.137392496265947273e+01
9.137392496265945852e+01
7.558538496265946094e+01
1.071624649626594703e+02
9.453163296265945803e+01
8.979507096265945165e+01
9.453163296265944382e+01
9.137392496265947273e+01
8.663736296265945214e+01
8.663736296265946635e+01
9.768934096265945755e+01
8.032194696265945311e+01
7.400653096265945408e+01
9.926819496265947862e+01
7.716423896265945359e+01
1.024259029626594781e+02
8.979507096265946586e+01
9.926819496265945020e+01
8.979507096265945165e+01
8.190080096265947418e+01
1.071624649626594703e+02
1.024259029626594497e+02
8.505850896265944527e+01
8.190080096265945997e+01
9.453163296265947224e+01
8.821621696265947321e+01
9.295277896265946538e+01
9.926819496265945020e+01
8.663736296265945214e+01
7.874309296265947467e+01
7.874309296265946045e+01
6.453340696265945553e+01
6.137569896265945601e+01
1.071624649626594561e+02
1.040047569626594566e+02
9.137392496265947273e+01
7.558538496265944673e+01
8.663736296265946635e+01
9.295277896265946538e+01
7.242767696265946142e+01
9.453163296265947224e+01
9.295277896265946538e+01
1.008470489626594571e+02
8.663736296265945214e+01
8.821621696265947321e+01
7.716423896265948201e+01
9.926819496265947862e+01
1.040047569626594708e+02
8.979507096265945165e+01
8.347965496265945262e+01
8.505850896265945948e+01
9.295277896265947959e+01
1.024259029626594923e+02
6.295455296265947709e+01
7.400653096265946829e+01
8.032194696265946732e+01
1.103201729626594556e+02
8.979507096265945165e+01
7.558538496265946094e+01
7.558538496265947515e+01
1.040047569626594850e+02
7.716423896265945359e+01
8.190080096265944576e+01
9.768934096265945755e+01
9.453163296265945803e+01
7.716423896265945359e+01
9.295277896265946538e+01
7.558538496265947515e+01
7.874309296265947467e+01
9.768934096265947176e+01
8.505850896265945948e+01
9.611048696265947910e+01
1.103201729626594556e+02
9.295277896265946538e+01
6.453340696265948395e+01
8.190080096265947418e+01
7.400653096265945408e+01
9.611048696265946489e+01
8.347965496265945262e+01
8.821621696265945900e+01
7.716423896265945359e+01
7.558538496265944673e+01
8.032194696265946732e+01
6.611226096265946239e+01
5.032372096265946482e+01
8.821621696265944479e+01
6.295455296265946288e+01
7.716423896265946780e+01
8.190080096265945997e+01
9.137392496265945852e+01
7.558538496265946094e+01
9.137392496265945852e+01
7.874309296265946045e+01
9.611048696265945068e+01
7.558538496265946094e+01
8.821621696265947321e+01
6.769111496265946926e+01
6.769111496265945505e+01
6.611226096265946239e+01
9.137392496265947273e+01
7.874309296265946045e+01
8.505850896265944527e+01
8.190080096265947418e+01
8.032194696265945311e+01
7.400653096265946829e+01
8.505850896265947370e+01
8.979507096265946586e+01
8.505850896265945948e+01
8.505850896265945948e+01
8.979507096265945165e+01
9.926819496265946441e+01
9.137392496265947273e+01
6.926996896265947612e+01
7.716423896265946780e+01
7.558538496265946094e+01
8.347965496265946683e+01
9.926819496265946441e+01
7.874309296265946045e+01
7.242767696265946142e+01
7.874309296265947467e+01
9.611048696265945068e+01
9.611048696265945068e+01
8.190080096265944576e+01
8.505850896265945948e+01
9.137392496265945852e+01
9.453163296265947224e+01
7.084882296265948298e+01
8.979507096265946586e+01
7.558538496265946094e+01
9.768934096265947176e+01
8.505850896265944527e+01
8.663736296265945214e+01
8.505850896265945948e+01
8.347965496265945262e+01
7.242767696265946142e+01
7.558538496265947515e+01
8.663736296265945214e+01
7.400653096265946829e+01
8.347965496265945262e+01
7.558538496265946094e+01
7.400653096265945408e+01
7.558538496265946094e+01
9.137392496265947273e+01
8.347965496265946683e+01
8.663736296265946635e+01
8.505850896265945948e+01
8.190080096265947418e+01
8.979507096265946586e+01
7.558538496265946094e+01
8.821621696265945900e+01
8.505850896265944527e+01
7.874309296265946045e+01
8.821621696265945900e+01
9.137392496265945852e+01
5.979684496265947757e+01
9.137392496265945852e+01
8.190080096265945997e+01
6.926996896265946191e+01
1.024259029626594639e+02
7.084882296265946877e+01
1.024259029626594639e+02
8.821621696265947321e+01
8.190080096265945997e+01
9.295277896265945117e+01
9.768934096265947176e+01
8.505850896265945948e+01
8.505850896265945948e+01
7.084882296265946877e+01
8.663736296265946635e+01
9.137392496265945852e+01
9.453163296265944382e+01
9.453163296265945803e+01
9.611048696265945068e+01
9.768934096265947176e+01
1.071624649626594561e+02
7.874309296265947467e+01
8.032194696265946732e+01
7.716423896265945359e+01
9.137392496265945852e+01
8.663736296265945214e+01
9.768934096265947176e+01
7.084882296265945456e+01
7.716423896265946780e+01
9.611048696265946489e+01
1.024259029626594639e+02
9.768934096265945755e+01
8.979507096265946586e+01
9.768934096265944333e+01
7.400653096265946829e+01
8.663736296265946635e+01
8.347965496265946683e+01
8.505850896265945948e+01
8.505850896265944527e+01
9.768934096265944333e+01
8.347965496265946683e+01
8.505850896265944527e+01
7.716423896265948201e+01
1.103201729626594840e+02
9.453163296265945803e+01
8.505850896265945948e+01
9.295277896265946538e+01
7.874309296265947467e+01
9.453163296265945803e+01
1.150567349626594478e+02
8.979507096265948007e+01
9.137392496265945852e+01
9.611048696265945068e+01
7.874309296265946045e+01
8.505850896265944527e+01
9.295277896265945117e+01
8.347965496265946683e+01
9.453163296265944382e+01
7.874309296265947467e+01
6.926996896265947612e+01
6.769111496265946926e+01
8.979507096265946586e+01
7.716423896265946780e+01
8.032194696265946732e+01
7.558538496265947515e+01
8.347965496265945262e+01
8.821621696265945900e+01
9.768934096265945755e+01
7.558538496265946094e+01
6.769111496265946926e+01
9.137392496265947273e+01
8.032194696265946732e+01
8.821621696265947321e+01
9.137392496265944430e+01
6.611226096265946239e+01
9.137392496265944430e+01
1.103201729626594698e+02
8.190080096265945997e+01
8.663736296265946635e+01
1.071624649626594561e+02
6.453340696265948395e+01
1.040047569626594708e+02
9.611048696265946489e+01
6.611226096265947660e+01
9.295277896265945117e+01
8.821621696265947321e+01
1.024259029626594497e+02
9.611048696265945068e+01
9.611048696265945068e+01
9.295277896265945117e+01
7.716423896265946780e+01
8.663736296265946635e+01
6.611226096265947660e+01
7.874309296265946045e+01
8.505850896265944527e+01
7.716423896265946780e+01
8.821621696265947321e+01
7.400653096265946829e+01
7.558538496265944673e+01
7.242767696265946142e+01
1.087413189626594630e+02
9.453163296265945803e+01
8.505850896265945948e+01
8.505850896265944527e+01
7.716423896265946780e+01
6.769111496265946926e+01
8.347965496265946683e+01
1.008470489626594571e+02
6.295455296265944867e+01
9.453163296265944382e+01
5.663913696265947806e+01
7.874309296265946045e+01
8.821621696265945900e+01
7.242767696265947563e+01
8.979507096265946586e+01
7.558538496265946094e+01
9.453163296265945803e+01
7.716423896265945359e+01
7.242767696265946142e+01
8.032194696265945311e+01
1.024259029626594639e+02
8.821621696265945900e+01
8.347965496265946683e+01
9.611048696265946489e+01
7.084882296265946877e+01
9.295277896265946538e+01
1.024259029626594639e+02
8.190080096265945997e+01
7.084882296265946877e+01
7.400653096265945408e+01
8.979507096265946586e+01
8.821621696265945900e+01
7.400653096265945408e+01
8.190080096265944576e+01
6.453340696265946974e+01
1.008470489626594429e+02
9.453163296265947224e+01
7.874309296265946045e+01
9.926819496265945020e+01
8.347965496265945262e+01
8.821621696265947321e+01
8.505850896265944527e+01
8.347965496265945262e+01
8.821621696265947321e+01
7.400653096265946829e+01
8.821621696265947321e+01
9.453163296265945803e+01
9.295277896265946538e+01
1.008470489626594429e+02
8.979507096265946586e+01
7.558538496265947515e+01
8.032194696265945311e+01
9.611048696265945068e+01
8.505850896265945948e+01
8.505850896265945948e+01
9.137392496265945852e+01
9.137392496265944430e+01
5.979684496265946336e+01
5.190257496265945747e+01
9.295277896265945117e+01
8.821621696265947321e+01
9.768934096265945755e+01
7.400653096265946829e+01
8.347965496265946683e+01
6.611226096265946239e+01
7.874309296265946045e+01
8.347965496265946683e+01
1.008470489626594571e+02
8.505850896265947370e+01
9.137392496265948694e+01
6.926996896265947612e+01
8.505850896265944527e+01
8.190080096265945997e+01
8.979507096265945165e+01
6.926996896265947612e+01
7.716423896265946780e+01
1.008470489626594571e+02
7.558538496265946094e+01
9.295277896265946538e+01
6.926996896265946191e+01
9.453163296265944382e+01
7.400653096265946829e+01
1.071624649626594561e+02
8.347965496265946683e+01
8.505850896265944527e+01
9.137392496265945852e+01
9.295277896265945117e+01
9.453163296265947224e+01
7.242767696265947563e+01
9.295277896265945117e+01
7.874309296265947467e+01
9.137392496265945852e+01
9.611048696265947910e+01
9.453163296265944382e+01
8.505850896265945948e+01
9.453163296265945803e+01
9.926819496265945020e+01
9.611048696265946489e+01
1.040047569626594850e+02
9.295277896265946538e+01
8.979507096265945165e+01
8.505850896265944527e+01
8.032194696265945311e+01
1.118990269626594767e+02
9.295277896265949380e+01
7.242767696265946142e+01
1.024259029626594781e+02
1.071624649626594703e+02
8.190080096265945997e+01
8.821621696265947321e+01
7.874309296265947467e+01
9.926819496265945020e+01
1.040047569626594708e+02
8.190080096265944576e+01
1.055836109626594777e+02
6.926996896265947612e+01
7.716423896265945359e+01
8.979507096265945165e+01
9.137392496265945852e+01
8.505850896265945948e+01
6.769111496265945505e+01
9.768934096265945755e+01
9.295277896265945117e+01
1.087413189626594630e+02
1.071624649626594703e+02
6.453340696265946974e+01
8.505850896265947370e+01
7.716423896265945359e+01
9.295277896265945117e+01
8.663736296265945214e+01
8.821621696265944479e+01
9.295277896265945117e+01
8.190080096265945997e+01
8.821621696265947321e+01
7.084882296265946877e+01
9.453163296265947224e+01
9.453163296265947224e+01
6.769111496265946926e+01
9.453163296265945803e+01
8.821621696265945900e+01
8.347965496265945262e+01
6.926996896265947612e+01
8.505850896265947370e+01
7.084882296265945456e+01
9.137392496265945852e+01
6.611226096265946239e+01
6.926996896265946191e+01
8.347965496265945262e+01
8.821621696265947321e+01
7.400653096265945408e+01
6.611226096265947660e+01
8.979507096265945165e+01
8.190080096265945997e+01
6.295455296265946288e+01
9.453163296265944382e+01
7.874309296265947467e+01
1.040047569626594566e+02
8.663736296265945214e+01
1.118990269626594767e+02
7.084882296265945456e+01
9.768934096265947176e+01
7.716423896265946780e+01
9.453163296265945803e+01
9.453163296265944382e+01
1.008470489626594713e+02
7.084882296265946877e+01
8.190080096265947418e+01
9.768934096265944333e+01
8.347965496265946683e+01
7.558538496265946094e+01
8.347965496265946683e+01
5.821799096265945650e+01
9.295277896265946538e+01
9.137392496265945852e+01
7.716423896265945359e+01
7.716423896265946780e+01
9.611048696265945068e+01
1.055836109626594634e+02
8.190080096265944576e+01
7.400653096265945408e+01
8.032194696265946732e+01
9.137392496265945852e+01
8.032194696265945311e+01
8.821621696265945900e+01
8.505850896265947370e+01
6.926996896265947612e+01
8.821621696265944479e+01
7.874309296265946045e+01
8.979507096265945165e+01
8.032194696265946732e+01
1.040047569626594566e+02
9.926819496265946441e+01
1.040047569626594850e+02
1.134778809626594693e+02
7.242767696265946142e+01
9.295277896265945117e+01
8.979507096265945165e+01
1.103201729626594556e+02
8.190080096265945997e+01
7.400653096265945408e+01
8.347965496265946683e+01
8.190080096265945997e+01
8.032194696265946732e+01
8.347965496265945262e+01
8.505850896265945948e+01
8.505850896265944527e+01
9.611048696265946489e+01
7.558538496265947515e+01
7.558538496265946094e+01
9.611048696265946489e+01
8.663736296265946635e+01
9.137392496265945852e+01
8.505850896265947370e+01
8.979507096265948007e+01
7.716423896265945359e+01
9.453163296265947224e+01
8.979507096265945165e+01
8.505850896265945948e+01
9.295277896265945117e+01
8.663736296265946635e+01
1.134778809626594693e+02
7.400653096265945408e+01
9.611048696265945068e+01
7.874309296265946045e+01
8.821621696265945900e+01
7.400653096265945408e+01
8.979507096265946586e+01
1.008470489626594429e+02
8.347965496265945262e+01
9.768934096265944333e+01
8.979507096265946586e+01
1.008470489626594713e+02
9.295277896265946538e+01
6.926996896265947612e+01
8.190080096265944576e+01
9.137392496265945852e+01
9.611048696265946489e+01
7.242767696265947563e+01
9.295277896265946538e+01
8.663736296265946635e+01
9.295277896265945117e+01
8.347965496265946683e+01
8.032194696265945311e+01
7.874309296265946045e+01
8.032194696265945311e+01
9.137392496265945852e+01
6.295455296265947709e+01
9.295277896265945117e+01
8.663736296265946635e+01
8.347965496265945262e+01
9.295277896265945117e+01
7.716423896265945359e+01
8.979507096265945165e+01
6.295455296265947709e+01
7.242767696265946142e+01
7.874309296265946045e+01
8.032194696265946732e+01
7.716423896265946780e+01
8.505850896265945948e+01
8.663736296265946635e+01
9.926819496265947862e+01
8.505850896265947370e+01
5.506028296265947120e+01
6.926996896265944770e+01
8.032194696265946732e+01
9.137392496265948694e+01
8.347965496265946683e+01
7.874309296265946045e+01
9.768934096265947176e+01
1.024259029626594497e+02
8.032194696265946732e+01
9.926819496265947862e+01
9.768934096265947176e+01
7.558538496265944673e+01
8.032194696265945311e+01
7.716423896265945359e+01
7.558538496265947515e+01
7.716423896265946780e+01
7.558538496265946094e+01
7.716423896265946780e+01
7.874309296265946045e+01
9.453163296265945803e+01
8.821621696265944479e+01
6.769111496265945505e+01
9.453163296265947224e+01
8.347965496265946683e+01
8.190080096265945997e+01
9.768934096265945755e+01
1.008470489626594713e+02
7.558538496265946094e+01
8.505850896265945948e+01
9.295277896265946538e+01
8.190080096265945997e+01
9.926819496265945020e+01
9.611048696265946489e+01
6.295455296265944867e+01
9.295277896265945117e+01
7.084882296265945456e+01
8.190080096265944576e+01
8.032194696265946732e+01
8.979507096265945165e+01
7.716423896265945359e+01
1.055836109626594634e+02
7.716423896265945359e+01
9.137392496265944430e+01
8.663736296265946635e+01
8.032194696265946732e+01
8.663736296265945214e+01
5.663913696265947806e+01
8.663736296265945214e+01
7.242767696265947563e+01
9.295277896265945117e+01
8.032194696265946732e+01
7.874309296265946045e+01
8.979507096265945165e+01
6.137569896265947023e+01
9.137392496265944430e+01
6.769111496265946926e+01
8.190080096265945997e+01
9.137392496265947273e+01
8.821621696265945900e+01
1.008470489626594713e+02
8.032194696265946732e+01
8.979507096265945165e+01
9.453163296265945803e+01
8.821621696265945900e+01
7.084882296265945456e+01
7.242767696265946142e+01
8.347965496265945262e+01
6.611226096265946239e+01
1.024259029626594781e+02
8.190080096265947418e+01
9.295277896265945117e+01
7.874309296265947467e+01
9.295277896265946538e+01
7.400653096265946829e+01
8.821621696265947321e+01
1.071624649626594561e+02
8.032194696265945311e+01
9.926819496265947862e+01
8.979507096265945165e+01
8.821621696265945900e+01
9.137392496265945852e+01
7.400653096265946829e+01
6.769111496265946926e+01
8.663736296265948056e+01
8.821621696265945900e+01
8.032194696265946732e+01
9.611048696265945068e+01
6.453340696265945553e+01
7.084882296265945456e+01
9.295277896265945117e+01
8.505850896265947370e+01
9.137392496265945852e+01
9.453163296265944382e+01
9.768934096265945755e+01
1.040047569626594566e+02
9.926819496265946441e+01
9.926819496265945020e+01
1.087413189626594630e+02
7.716423896265945359e+01
8.347965496265945262e+01
1.134778809626594693e+02
9.611048696265945068e+01
1.071624649626594561e+02
8.821621696265947321e+01
9.137392496265945852e+01
8.505850896265945948e+01
1.055836109626594634e+02
1.103201729626594698e+02
7.874309296265947467e+01
9.611048696265946489e+01
8.190080096265945997e+01
9.611048696265946489e+01
1.055836109626594634e+02
8.190080096265944576e+01
9.453163296265945803e+01
8.505850896265947370e+01
7.558538496265947515e+01
1.024259029626594781e+02
1.040047569626594850e+02
8.190080096265944576e+01
9.453163296265945803e+01
8.505850896265947370e+01
9.137392496265947273e+01
8.505850896265944527e+01
9.926819496265946441e+01
8.821621696265945900e+01
7.716423896265946780e+01
9.926819496265945020e+01
7.874309296265947467e+01
9.768934096265945755e+01
9.611048696265946489e+01
8.190080096265945997e+01
9.768934096265947176e+01
9.768934096265944333e+01
9.611048696265946489e+01
8.821621696265944479e+01
1.008470489626594713e+02
8.979507096265945165e+01
9.611048696265946489e+01
9.453163296265945803e+01
8.505850896265947370e+01
9.453163296265947224e+01
9.137392496265947273e+01
8.821621696265947321e+01
1.150567349626594904e+02
9.453163296265945803e+01
9.611048696265946489e+01
9.768934096265945755e+01
8.979507096265946586e+01
8.347965496265946683e+01
9.137392496265947273e+01
8.979507096265946586e+01
9.611048696265945068e+01
8.505850896265944527e+01
8.821621696265947321e+01
8.190080096265945997e+01
8.663736296265946635e+01
1.055836109626594634e+02
9.137392496265945852e+01
9.768934096265945755e+01
7.716423896265948201e+01
9.768934096265948597e+01
8.663736296265946635e+01
9.453163296265945803e+01
9.926819496265946441e+01
7.716423896265945359e+01
8.663736296265945214e+01
7.558538496265946094e+01
8.347965496265946683e+01
1.024259029626594639e+02
1.024259029626594497e+02
9.768934096265945755e+01
8.979507096265945165e+01
7.242767696265947563e+01
8.347965496265946683e+01
7.400653096265946829e+01
9.453163296265944382e+01
9.926819496265947862e+01
8.663736296265946635e+01
1.024259029626594497e+02
7.874309296265947467e+01
9.137392496265947273e+01
8.821621696265944479e+01
9.295277896265945117e+01
8.979507096265945165e+01
8.979507096265945165e+01
8.979507096265946586e+01
8.979507096265946586e+01
1.040047569626594566e+02
8.663736296265946635e+01
1.055836109626594492e+02
1.103201729626594840e+02
7.400653096265946829e+01
7.716423896265945359e+01
1.040047569626594708e+02
9.295277896265946538e+01
7.874309296265946045e+01
9.137392496265944430e+01
9.768934096265945755e+01
7.558538496265947515e+01
9.453163296265945803e+01
8.979507096265945165e+01
8.032194696265945311e+01
1.087413189626594630e+02
1.008470489626594713e+02
9.768934096265945755e+01
9.453163296265945803e+01
1.008470489626594713e+02
1.071624649626594703e+02
8.821621696265945900e+01
8.505850896265947370e+01
9.137392496265945852e+01
1.150567349626594620e+02
1.118990269626594767e+02
1.008470489626594571e+02
1.024259029626594639e+02
9.926819496265946441e+01
9.768934096265947176e+01
9.926819496265946441e+01
1.024259029626594639e+02
1.040047569626594566e+02
8.505850896265945948e+01
1.055836109626594634e+02
1.040047569626594708e+02
8.979507096265946586e+01
9.137392496265945852e+01
9.453163296265945803e+01
8.190080096265947418e+01
9.137392496265948694e+01
9.611048696265946489e+01
1.055836109626594777e+02
1.150567349626594762e+02
1.055836109626594634e+02
1.071624649626594703e+02
9.611048696265947910e+01
1.024259029626594639e+02
8.505850896265945948e+01
1.182144429626594757e+02
9.453163296265947224e+01
8.979507096265946586e+01
9.926819496265945020e+01
1.182144429626594757e+02
9.137392496265945852e+01
1.040047569626594566e+02
9.453163296265945803e+01
1.071624649626594703e+02
9.768934096265945755e+01
9.926819496265945020e+01
1.024259029626594497e+02
8.347965496265945262e+01
1.040047569626594850e+02
1.118990269626594767e+02
1.071624649626594703e+02
1.134778809626594835e+02
9.611048696265945068e+01
1.166355889626594688e+02
9.453163296265945803e+01
8.663736296265946635e+01
9.295277896265946538e+01
1.087413189626594914e+02
1.150567349626594904e+02
1.118990269626594767e+02
1.055836109626594634e+02
1.024259029626594639e+02
9.768934096265948597e+01
9.453163296265948645e+01
1.024259029626594781e+02
1.087413189626594772e+02
9.611048696265947910e+01
9.926819496265946441e+01
1.071624649626594845e+02
1.103201729626594698e+02
9.295277896265945117e+01
1.024259029626594781e+02
9.768934096265947176e+01
9.453163296265945803e+01
1.040047569626594708e+02
1.071624649626594845e+02
8.979507096265946586e+01
9.768934096265945755e+01
1.008470489626594571e+02
9.768934096265947176e+01
8.663736296265946635e+01
9.768934096265945755e+01
9.295277896265945117e+01
1.134778809626594835e+02
1.103201729626594698e+02
1.071624649626594845e+02
1.118990269626594483e+02
1.040047569626594708e+02
1.024259029626594497e+02
9.926819496265947862e+01
1.008470489626594855e+02
9.768934096265945755e+01
1.182144429626594757e+02
8.505850896265945948e+01
8.505850896265945948e+01
1.024259029626594923e+02
8.663736296265945214e+01
1.182144429626594757e+02
8.979507096265945165e+01
9.453163296265945803e+01
8.505850896265945948e+01
1.103201729626594840e+02
1.134778809626594835e+02
9.453163296265945803e+01
1.134778809626594409e+02
8.663736296265945214e+01
8.979507096265948007e+01
1.118990269626594767e+02
1.245298589626594890e+02
9.295277896265946538e+01
9.926819496265945020e+01
1.197932969626594826e+02
1.024259029626594497e+02
9.137392496265947273e+01
8.979507096265945165e+01
1.008470489626594429e+02
9.611048696265946489e+01
9.768934096265944333e+01
8.032194696265946732e+01
9.137392496265944430e+01
9.137392496265947273e+01
9.137392496265948694e+01
9.768934096265945755e+01
1.071624649626594703e+02
1.245298589626594890e+02
1.055836109626594634e+02
9.926819496265946441e+01
1.055836109626594919e+02
1.071624649626594703e+02
1.103201729626594698e+02
1.040047569626594566e+02
8.821621696265947321e+01
1.024259029626594639e+02
1.024259029626594781e+02
1.150567349626594904e+02
1.071624649626594561e+02
9.137392496265945852e+01
1.134778809626594835e+02
9.768934096265945755e+01
1.118990269626594625e+02
9.768934096265947176e+01
9.926819496265945020e+01
1.008470489626594855e+02
1.071624649626594703e+02
1.182144429626594615e+02
1.040047569626594708e+02
8.347965496265945262e+01
1.213721509626594894e+02
1.008470489626594429e+02
9.768934096265947176e+01
1.118990269626594767e+02
1.150567349626594620e+02
1.118990269626594483e+02
9.768934096265945755e+01
1.118990269626594767e+02
8.505850896265947370e+01
9.768934096265945755e+01
8.505850896265945948e+01
1.118990269626594767e+02
9.295277896265946538e+01
9.926819496265949283e+01
1.134778809626594835e+02
1.040047569626594850e+02
1.150567349626594762e+02
1.134778809626594835e+02
1.055836109626594634e+02
9.611048696265946489e+01
1.055836109626594777e+02
1.024259029626594639e+02
1.055836109626594492e+02
1.150567349626594762e+02
9.611048696265945068e+01
8.821621696265948742e+01
1.055836109626594634e+02
9.453163296265944382e+01
1.040047569626594850e+02
1.182144429626594615e+02
8.821621696265945900e+01
1.182144429626594615e+02
9.926819496265947862e+01
9.137392496265947273e+01
8.821621696265945900e+01
9.137392496265947273e+01
1.134778809626594835e+02
1.103201729626594840e+02
9.295277896265947959e+01
8.821621696265945900e+01
9.768934096265947176e+01
1.166355889626594831e+02
1.134778809626594693e+02
1.150567349626594620e+02
1.118990269626594909e+02
1.134778809626594409e+02
9.768934096265947176e+01
1.103201729626594556e+02
1.040047569626594850e+02
1.213721509626594752e+02
8.505850896265945948e+01
8.821621696265947321e+01
1.150567349626594762e+02
8.821621696265945900e+01
1.055836109626594777e+02
1.055836109626594634e+02
1.118990269626594767e+02
1.197932969626594684e+02
1.071624649626594561e+02
9.926819496265946441e+01
1.166355889626594688e+02
9.926819496265946441e+01
1.087413189626594914e+02
1.229510049626594821e+02
1.008470489626594997e+02
1.008470489626594571e+02
1.213721509626594894e+02
7.874309296265947467e+01
1.134778809626594693e+02
9.611048696265946489e+01
1.118990269626594767e+02
1.055836109626594634e+02
1.008470489626594571e+02
8.979507096265946586e+01
8.663736296265946635e+01
9.611048696265945068e+01
9.926819496265945020e+01
9.611048696265946489e+01
1.071624649626594845e+02
1.166355889626594688e+02
9.137392496265944430e+01
1.024259029626594639e+02
1.276875669626594743e+02
9.137392496265945852e+01
9.295277896265946538e+01
8.032194696265946732e+01
1.118990269626594909e+02
9.768934096265948597e+01
1.024259029626594639e+02
1.055836109626594777e+02
1.071624649626594845e+02
1.024259029626594639e+02
1.087413189626594630e+02
9.926819496265946441e+01
1.024259029626594781e+02
1.134778809626594693e+02
9.295277896265947959e+01
8.663736296265946635e+01
1.040047569626594708e+02
9.611048696265945068e+01
1.040047569626594708e+02
9.137392496265944430e+01
9.768934096265945755e+01
1.134778809626594693e+02
1.055836109626594777e+02
9.768934096265944333e+01
9.453163296265948645e+01
9.453163296265947224e+01
1.024259029626594639e+02
1.150567349626594762e+02
1.087413189626594772e+02
9.768934096265947176e+01
1.166355889626594688e+02
1.087413189626594772e+02
1.087413189626594630e+02
9.611048696265946489e+01
1.008470489626594855e+02
9.137392496265948694e+01
1.024259029626594781e+02
1.008470489626594713e+02
1.008470489626594713e+02
1.055836109626594634e+02
1.276875669626594743e+02
1.071624649626594703e+02
9.453163296265945803e+01
1.055836109626594919e+02
1.182144429626594615e+02
1.055836109626594777e+02
9.453163296265945803e+01
1.118990269626594625e+02
9.453163296265945803e+01
1.071624649626594845e+02
1.071624649626594703e+02
1.197932969626594826e+02
1.229510049626594679e+02
1.134778809626594693e+02
9.453163296265947224e+01
1.261087129626594674e+02
1.087413189626594630e+02
1.134778809626594693e+02
1.071624649626594561e+02
1.166355889626594831e+02
1.103201729626594840e+02
9.453163296265944382e+01
1.008470489626594713e+02
8.190080096265947418e+01
1.229510049626594679e+02
1.071624649626594845e+02
1.182144429626594757e+02
9.768934096265944333e+01
1.103201729626594698e+02
9.926819496265945020e+01
9.768934096265945755e+01
1.134778809626594693e+02
9.768934096265948597e+01
1.150567349626594904e+02
1.118990269626594625e+02
1.229510049626594821e+02
1.197932969626594684e+02
1.024259029626594639e+02
9.926819496265946441e+01
1.261087129626594674e+02
1.197932969626594684e+02
1.055836109626594777e+02
1.055836109626594634e+02
1.024259029626594781e+02
1.024259029626594639e+02
8.347965496265946683e+01
1.040047569626594708e+02
9.295277896265946538e+01
1.055836109626594492e+02
1.213721509626594894e+02
1.150567349626594620e+02
9.611048696265947910e+01
9.768934096265945755e+01
1.008470489626594571e+02
9.926819496265947862e+01
1.008470489626594855e+02
1.087413189626594772e+02
1.055836109626594492e+02
1.103201729626594840e+02
9.137392496265948694e+01
1.087413189626594772e+02
1.071624649626594703e+02
9.295277896265945117e+01
1.134778809626594835e+02
9.611048696265946489e+01
9.768934096265947176e+01
1.055836109626594777e+02
9.295277896265946538e+01
9.611048696265946489e+01
1.118990269626594625e+02
1.118990269626594767e+02
9.137392496265945852e+01
8.821621696265945900e+01
1.166355889626594831e+02
9.137392496265945852e+01
9.611048696265946489e+01
1.055836109626594634e+02
1.008470489626594855e+02
1.071624649626594561e+02
1.008470489626594713e+02
9.295277896265946538e+01
1.118990269626594483e+02
9.768934096265948597e+01
1.134778809626594409e+02
1.087413189626594630e+02
9.295277896265946538e+01
8.190080096265948839e+01
8.979507096265945165e+01
9.768934096265945755e+01
9.295277896265949380e+01
1.024259029626594497e+02
9.768934096265945755e+01
1.134778809626594693e+02
9.295277896265946538e+01
1.103201729626594698e+02
7.558538496265946094e+01
1.055836109626594634e+02
9.926819496265946441e+01
9.137392496265944430e+01
1.087413189626594487e+02
9.611048696265946489e+01
9.295277896265945117e+01
1.055836109626594777e+02
1.024259029626594497e+02
8.663736296265946635e+01
1.150567349626594620e+02
1.040047569626594708e+02
1.055836109626594634e+02
1.087413189626594630e+02
1.008470489626594713e+02
8.663736296265945214e+01
1.134778809626594693e+02
1.071624649626594845e+02
1.134778809626594693e+02
1.103201729626594556e+02
9.768934096265947176e+01
9.295277896265946538e+01
1.024259029626594639e+02
1.024259029626594639e+02
8.979507096265946586e+01
1.008470489626594855e+02
8.190080096265947418e+01
1.071624649626594703e+02
6.137569896265947023e+01
1.055836109626594492e+02
1.055836109626594634e+02
8.505850896265947370e+01
1.024259029626594781e+02
1.087413189626594630e+02
1.103201729626594840e+02
1.040047569626594566e+02
1.024259029626594639e+02
1.118990269626594767e+02
8.979507096265946586e+01
9.137392496265945852e+01
1.024259029626594781e+02
1.166355889626594688e+02
9.137392496265944430e+01
1.197932969626594826e+02
9.926819496265949283e+01
1.087413189626594914e+02
1.134778809626594693e+02
1.087413189626594772e+02
1.150567349626594762e+02
1.008470489626594713e+02
9.453163296265945803e+01
9.453163296265945803e+01
9.137392496265947273e+01
1.008470489626594713e+02
8.032194696265946732e+01
1.055836109626594634e+02
8.663736296265946635e+01
1.213721509626594894e+02
1.182144429626594615e+02
9.926819496265945020e+01
1.071624649626594703e+02
1.008470489626594713e+02
1.087413189626594630e+02
9.768934096265948597e+01
1.182144429626594899e+02
1.071624649626594845e+02
8.821621696265945900e+01
7.716423896265945359e+01
1.118990269626594767e+02
1.166355889626594688e+02
1.087413189626594772e+02
1.040047569626594566e+02
1.024259029626594639e+02
1.071624649626594703e+02
1.040047569626594708e+02
1.197932969626594968e+02
9.453163296265944382e+01
9.295277896265947959e+01
1.182144429626594757e+02
1.103201729626594698e+02
1.134778809626594693e+02
1.071624649626594561e+02
1.103201729626594556e+02
1.087413189626594630e+02
9.926819496265945020e+01
9.453163296265944382e+01
1.276875669626594885e+02
1.166355889626594688e+02
8.821621696265945900e+01
9.768934096265945755e+01
8.979507096265945165e+01
1.024259029626594639e+02
1.024259029626594781e+02
1.166355889626594688e+02
1.040047569626594708e+02
1.008470489626594571e+02
1.245298589626594747e+02
8.505850896265948791e+01
1.087413189626594630e+02
9.611048696265947910e+01
9.768934096265945755e+01
7.558538496265946094e+01
1.103201729626594698e+02
1.087413189626594630e+02
1.040047569626594708e+02
1.040047569626594708e+02
9.295277896265946538e+01
1.166355889626594546e+02
9.926819496265945020e+01
1.118990269626594767e+02
1.118990269626594767e+02
8.505850896265944527e+01
1.134778809626594835e+02
1.087413189626594772e+02
1.055836109626594634e+02
8.505850896265947370e+01
1.150567349626594478e+02
9.926819496265945020e+01
9.137392496265944430e+01
1.008470489626594855e+02
9.768934096265945755e+01
1.166355889626594831e+02
8.821621696265947321e+01
9.137392496265945852e+01
9.926819496265945020e+01
1.071624649626594703e+02
1.055836109626594634e+02
1.087413189626594487e+02
1.055836109626594777e+02
8.190080096265947418e+01
8.821621696265947321e+01
9.453163296265948645e+01
9.295277896265947959e+01
9.611048696265946489e+01
9.768934096265947176e+01
9.768934096265945755e+01
9.137392496265944430e+01
1.134778809626594693e+02
9.611048696265945068e+01
1.040047569626594850e+02
9.453163296265945803e+01
1.134778809626594835e+02
1.103201729626594698e+02
1.150567349626594762e+02
1.213721509626594894e+02
1.087413189626594772e+02
1.182144429626594899e+02
1.024259029626594923e+02
1.118990269626594767e+02
1.024259029626594781e+02
1.024259029626594639e+02
1.040047569626594708e+02
8.190080096265947418e+01
1.166355889626594688e+02
1.134778809626594693e+02
1.008470489626594855e+02
1.229510049626594679e+02
9.926819496265947862e+01
1.229510049626594679e+02
9.295277896265946538e+01
1.118990269626594625e+02
9.295277896265945117e+01
1.040047569626594850e+02
1.150567349626594620e+02
1.197932969626594826e+02
1.008470489626594713e+02
1.055836109626594777e+02
1.055836109626594634e+02
1.118990269626594767e+02
1.024259029626594923e+02
1.118990269626594625e+02
1.182144429626594757e+02
1.134778809626594693e+02
1.008470489626594571e+02
1.071624649626594845e+02
1.197932969626594684e+02
1.040047569626594708e+02
1.150567349626594904e+02
1.040047569626594708e+02
1.087413189626594914e+02
1.150567349626594762e+02
9.295277896265946538e+01
1.071624649626594703e+02
1.118990269626594625e+02
1.150567349626594762e+02
1.103201729626594840e+02
9.453163296265945803e+01
1.071624649626594703e+02
1.103201729626594698e+02
9.137392496265947273e+01
1.150567349626594904e+02
9.768934096265945755e+01
1.134778809626594693e+02
1.024259029626594639e+02
9.768934096265947176e+01
1.229510049626594679e+02
1.197932969626594826e+02
1.166355889626594688e+02
1.118990269626594767e+02
9.926819496265947862e+01
8.190080096265947418e+01
1.087413189626594772e+02
9.611048696265949332e+01
1.103201729626594698e+02
9.453163296265945803e+01
1.166355889626594688e+02
1.118990269626594767e+02
9.295277896265946538e+01
1.040047569626594708e+02
9.768934096265944333e+01
1.103201729626594840e+02
9.926819496265946441e+01
9.137392496265945852e+01
1.087413189626594630e+02
1.150567349626594762e+02
1.134778809626594835e+02
1.118990269626594909e+02
1.087413189626594914e+02
9.926819496265949283e+01
1.103201729626594698e+02
9.926819496265946441e+01
9.295277896265946538e+01
9.137392496265947273e+01
9.611048696265946489e+01
1.134778809626594693e+02
8.979507096265946586e+01
1.103201729626594698e+02
1.118990269626594767e+02
1.008470489626594571e+02
1.055836109626594777e+02
1.150567349626594762e+02
1.118990269626594909e+02
1.055836109626594634e+02
1.134778809626594835e+02
9.453163296265950066e+01
1.182144429626594899e+02
1.118990269626594767e+02
9.926819496265945020e+01
1.055836109626594634e+02
9.611048696265946489e+01
1.182144429626594757e+02
1.055836109626594777e+02
9.453163296265945803e+01
1.040047569626594708e+02
1.213721509626594894e+02
1.229510049626594821e+02
8.190080096265945997e+01
1.087413189626594630e+02
1.308452749626594596e+02
1.055836109626594777e+02
1.040047569626594708e+02
9.295277896265946538e+01
1.166355889626594688e+02
1.166355889626594688e+02
1.024259029626594497e+02
9.137392496265948694e+01
1.040047569626594850e+02
9.611048696265947910e+01
1.071624649626594845e+02
1.071624649626594561e+02
8.821621696265945900e+01
1.055836109626594777e+02
9.137392496265945852e+01
1.197932969626594826e+02
1.103201729626594840e+02
1.134778809626594835e+02
8.663736296265945214e+01
1.071624649626594703e+02
1.150567349626594762e+02
1.087413189626594772e+02
1.340029829626594733e+02
1.071624649626594845e+02
9.926819496265946441e+01
1.008470489626594429e+02
1.040047569626594424e+02
9.453163296265944382e+01
9.295277896265946538e+01
9.926819496265946441e+01
1.040047569626594708e+02
1.197932969626594826e+02
8.821621696265947321e+01
1.024259029626594639e+02
1.040047569626594708e+02
8.979507096265946586e+01
1.150567349626594904e+02
9.926819496265949283e+01
1.071624649626594703e+02
8.032194696265945311e+01
9.768934096265947176e+01
1.087413189626594772e+02
1.040047569626594708e+02
1.024259029626594923e+02
1.040047569626594566e+02
1.040047569626594708e+02
9.295277896265946538e+01
1.292664209626594811e+02
9.926819496265946441e+01
8.505850896265945948e+01
1.040047569626594708e+02
1.071624649626594703e+02
9.611048696265946489e+01
1.087413189626594772e+02
1.055836109626594492e+02
1.055836109626594634e+02
9.768934096265944333e+01
9.453163296265947224e+01
8.979507096265946586e+01
1.040047569626594850e+02
1.134778809626594693e+02
1.008470489626594429e+02
9.453163296265945803e+01
1.308452749626594880e+02
1.150567349626594620e+02
1.024259029626594497e+02
1.229510049626594821e+02
9.295277896265949380e+01
1.087413189626594772e+02
1.229510049626594679e+02
1.166355889626594831e+02
8.821621696265945900e+01
6.769111496265946926e+01
9.611048696265945068e+01
9.611048696265946489e+01
1.150567349626594762e+02
1.008470489626594571e+02
1.087413189626594772e+02
1.008470489626594571e+02
1.024259029626594639e+02
1.166355889626594688e+02
9.611048696265946489e+01
8.347965496265945262e+01
1.197932969626594826e+02
1.024259029626594781e+02
8.190080096265947418e+01
1.055836109626594492e+02
9.611048696265945068e+01
1.040047569626594566e+02
1.040047569626594708e+02
8.821621696265947321e+01
1.055836109626594777e+02
1.055836109626594777e+02
1.118990269626594625e+02
1.071624649626594703e+02
9.137392496265948694e+01
1.150567349626594620e+02
1.071624649626594703e+02
1.134778809626594551e+02
1.071624649626594703e+02
9.768934096265947176e+01
9.453163296265947224e+01
1.008470489626594429e+02
1.166355889626594831e+02
1.118990269626594625e+02
7.400653096265946829e+01
1.040047569626594424e+02
9.453163296265944382e+01
1.229510049626594679e+02
9.611048696265946489e+01
8.821621696265947321e+01
8.505850896265945948e+01
1.118990269626594625e+02
1.071624649626594561e+02
1.245298589626594747e+02
1.150567349626594762e+02
1.103201729626594840e+02
1.040047569626594566e+02
1.166355889626594688e+02
1.055836109626594777e+02
1.024259029626594639e+02
1.008470489626594713e+02
1.103201729626594698e+02
9.295277896265946538e+01
8.821621696265945900e+01
1.150567349626594762e+02
1.166355889626594688e+02
9.926819496265947862e+01
1.134778809626594409e+02
1.087413189626594772e+02
9.137392496265945852e+01
1.024259029626594923e+02
1.008470489626594571e+02
9.453163296265947224e+01
9.768934096265945755e+01
1.008470489626594713e+02
1.071624649626594703e+02
1.040047569626594566e+02
8.032194696265946732e+01
9.137392496265947273e+01
9.453163296265944382e+01
1.103201729626594840e+02
8.663736296265946635e+01
1.055836109626594777e+02
8.979507096265946586e+01
1.040047569626594708e+02
1.134778809626594693e+02
1.087413189626594914e+02
1.040047569626594708e+02
1.182144429626594615e+02
9.768934096265945755e+01
8.821621696265944479e+01
1.024259029626594639e+02
9.295277896265945117e+01
9.926819496265949283e+01
1.087413189626594630e+02
1.040047569626594850e+02
1.087413189626594914e+02
1.008470489626594855e+02
1.071624649626594845e+02
1.150567349626594620e+02
1.182144429626594615e+02
9.611048696265946489e+01
1.055836109626594634e+02
1.150567349626594762e+02
9.295277896265946538e+01
9.926819496265946441e+01
9.295277896265946538e+01
9.611048696265946489e+01
9.926819496265947862e+01
1.040047569626594850e+02
1.261087129626594674e+02
9.295277896265945117e+01
1.134778809626594693e+02
1.087413189626594630e+02
1.103201729626594698e+02
9.926819496265949283e+01
8.821621696265947321e+01
1.024259029626594781e+02
1.103201729626594698e+02
1.071624649626594561e+02
9.611048696265946489e+01
1.008470489626594571e+02
9.295277896265946538e+01
9.453163296265947224e+01
1.071624649626594703e+02
9.453163296265947224e+01
9.768934096265947176e+01
8.663736296265946635e+01
1.103201729626594840e+02
1.071624649626594561e+02
9.137392496265947273e+01
1.008470489626594713e+02
1.055836109626594634e+02
1.087413189626594630e+02
1.055836109626594919e+02
1.071624649626594845e+02
8.032194696265945311e+01
1.134778809626594693e+02
1.118990269626594767e+02
1.071624649626594703e+02
1.055836109626594634e+02
8.821621696265947321e+01
1.040047569626594850e+02
8.190080096265945997e+01
1.055836109626594634e+02
1.182144429626594615e+02
1.182144429626594757e+02
1.024259029626594639e+02
1.055836109626594777e+02
1.024259029626594639e+02
1.055836109626594777e+02
1.071624649626594703e+02
9.611048696265946489e+01
1.040047569626594708e+02
8.821621696265945900e+01
1.134778809626594835e+02
1.118990269626594767e+02
9.768934096265947176e+01
9.768934096265945755e+01
8.505850896265947370e+01
1.055836109626594777e+02
8.821621696265945900e+01
1.055836109626594634e+02
9.453163296265945803e+01
1.134778809626594835e+02
8.663736296265945214e+01
9.926819496265947862e+01
1.008470489626594571e+02
8.979507096265945165e+01
1.276875669626594885e+02
1.087413189626594772e+02
1.087413189626594772e+02
1.071624649626594703e+02
8.821621696265944479e+01
9.295277896265945117e+01
1.087413189626594772e+02
9.768934096265948597e+01
1.040047569626594708e+02
1.118990269626594909e+02
8.979507096265946586e+01
1.024259029626594639e+02
1.134778809626594835e+02
8.505850896265948791e+01
8.190080096265947418e+01
1.055836109626594777e+02
1.024259029626594923e+02
1.182144429626594615e+02
9.295277896265947959e+01
1.134778809626594835e+02
1.118990269626594909e+02
9.295277896265947959e+01
9.137392496265944430e+01
1.040047569626594566e+02
9.137392496265947273e+01
8.190080096265947418e+01
1.134778809626594551e+02
7.716423896265948201e+01
1.166355889626594831e+02
1.008470489626594713e+02
1.040047569626594708e+02
1.071624649626594845e+02
1.087413189626594772e+02
9.453163296265945803e+01
1.197932969626594826e+02
9.926819496265945020e+01
9.295277896265946538e+01
9.611048696265946489e+01
9.768934096265948597e+01
8.190080096265947418e+01
8.347965496265946683e+01
9.768934096265944333e+01
1.071624649626594561e+02
1.055836109626594492e+02
9.137392496265945852e+01
9.453163296265947224e+01
1.166355889626594688e+02
1.040047569626594566e+02
1.103201729626594840e+02
1.040047569626594566e+02
8.032194696265946732e+01
9.611048696265946489e+01
8.979507096265946586e+01
9.768934096265947176e+01
9.137392496265947273e+01
1.055836109626594634e+02
1.024259029626594639e+02
9.453163296265947224e+01
1.197932969626594684e+02
9.611048696265946489e+01
1.134778809626594693e+02
1.118990269626594767e+02
1.118990269626594625e+02
1.182144429626594757e+02
1.071624649626594703e+02
9.768934096265945755e+01
1.055836109626594777e+02
1.071624649626594703e+02
1.103201729626594698e+02
9.768934096265948597e+01
9.926819496265945020e+01
1.182144429626594757e+02
1.008470489626594571e+02
1.150567349626594762e+02
1.055836109626594634e+02
8.821621696265947321e+01
1.197932969626594826e+02
1.024259029626594639e+02
1.229510049626594963e+02
1.008470489626594571e+02
1.024259029626594923e+02
1.024259029626594639e+02
1.008470489626594713e+02
1.024259029626594639e+02
1.118990269626594909e+02
9.137392496265944430e+01
9.453163296265944382e+01
1.134778809626594835e+02
1.071624649626594561e+02
1.118990269626594767e+02
1.008470489626594713e+02
9.926819496265945020e+01
1.040047569626594708e+02
1.055836109626594777e+02
1.150567349626594904e+02
1.024259029626594781e+02
1.150567349626594478e+02
1.008470489626594713e+02
1.087413189626594772e+02
9.926819496265946441e+01
1.055836109626594777e+02
9.768934096265945755e+01
8.979507096265946586e+01
1.040047569626594566e+02
1.166355889626594688e+02
1.103201729626594698e+02
9.768934096265944333e+01
9.926819496265946441e+01
9.295277896265945117e+01
1.071624649626594561e+02
9.768934096265944333e+01
1.182144429626594757e+02
9.453163296265948645e+01
1.008470489626594429e+02
1.071624649626594561e+02
9.295277896265945117e+01
1.008470489626594571e+02
1.071624649626594703e+02
1.087413189626594772e+02
1.150567349626594904e+02
1.371606909626594586e+02
1.118990269626594767e+02
8.821621696265947321e+01
1.118990269626594767e+02
1.008470489626594713e+02
1.118990269626594767e+02
1.024259029626594781e+02
1.308452749626594596e+02
1.103201729626594698e+02
1.055836109626594634e+02
9.768934096265948597e+01
1.134778809626594835e+02
1.118990269626594767e+02
1.024259029626594781e+02
1.071624649626594845e+02
1.134778809626594693e+02
1.087413189626594772e+02
8.979507096265945165e+01
8.032194696265945311e+01
1.008470489626594713e+02
9.768934096265945755e+01
1.071624649626594703e+02
1.118990269626594767e+02
1.261087129626594816e+02
1.008470489626594713e+02
8.505850896265945948e+01
9.768934096265948597e+01
1.024259029626594639e+02
9.295277896265946538e+01
1.024259029626594639e+02
1.071624649626594561e+02
9.768934096265945755e+01
1.103201729626594698e+02
7.874309296265944624e+01
9.926819496265945020e+01
8.347965496265945262e+01
9.926819496265946441e+01
1.103201729626594840e+02
1.197932969626594684e+02
1.150567349626594904e+02
9.768934096265945755e+01
1.040047569626594566e+02
1.087413189626594772e+02
8.979507096265945165e+01
1.055836109626594492e+02
9.137392496265947273e+01
9.926819496265946441e+01
9.137392496265948694e+01
1.024259029626594639e+02
1.040047569626594708e+02
1.103201729626594840e+02
1.055836109626594634e+02
1.055836109626594777e+02
9.768934096265948597e+01
7.558538496265944673e+01
1.150567349626594762e+02
9.611048696265947910e+01
9.611048696265945068e+01
9.611048696265946489e+01
9.137392496265948694e+01
1.245298589626594747e+02
9.453163296265945803e+01
1.150567349626594762e+02
9.453163296265944382e+01
1.087413189626594772e+02
8.505850896265945948e+01
9.768934096265948597e+01
1.182144429626594757e+02
1.040047569626594708e+02
1.040047569626594566e+02
9.926819496265947862e+01
8.979507096265945165e+01
1.055836109626594634e+02
9.453163296265947224e+01
8.032194696265946732e+01
1.118990269626594767e+02
1.008470489626594429e+02
1.118990269626594767e+02
1.197932969626594826e+02
9.768934096265947176e+01
1.087413189626594772e+02
1.071624649626594845e+02
1.118990269626594909e+02
9.453163296265944382e+01
1.118990269626594625e+02
1.008470489626594571e+02
1.008470489626594713e+02
1.166355889626594831e+02
1.166355889626594688e+02
9.453163296265944382e+01
1.197932969626594826e+02
1.150567349626594620e+02
1.087413189626594772e+02
9.453163296265947224e+01
1.008470489626594571e+02
9.926819496265947862e+01
1.055836109626594777e+02
1.166355889626594688e+02
8.821621696265947321e+01
9.137392496265945852e+01
9.611048696265946489e+01
1.024259029626594781e+02
1.024259029626594923e+02
1.087413189626594772e+02
1.008470489626594855e+02
1.024259029626594639e+02
9.926819496265946441e+01
9.611048696265947910e+01
1.087413189626594630e+02
1.024259029626594781e+02
8.979507096265945165e+01
1.055836109626594777e+02
1.055836109626594919e+02
1.182144429626594899e+02
9.926819496265945020e+01
1.087413189626594772e+02
1.040047569626594566e+02
9.926819496265945020e+01
1.040047569626594708e+02
1.055836109626594492e+02
9.295277896265947959e+01
8.821621696265945900e+01
1.324241289626594948e+02
1.040047569626594424e+02
1.024259029626594781e+02
9.768934096265948597e+01
1.008470489626594571e+02
1.040047569626594708e+02
1.103201729626594840e+02
1.182144429626594757e+02
1.055836109626594634e+02
1.134778809626594835e+02
1.008470489626594713e+02
8.190080096265944576e+01
1.118990269626594767e+02
1.055836109626594777e+02
1.134778809626594835e+02
8.821621696265947321e+01
9.453163296265945803e+01
9.611048696265945068e+01
1.213721509626594752e+02
1.118990269626594767e+02
1.055836109626594777e+02
1.103201729626594698e+02
8.821621696265944479e+01
1.055836109626594919e+02
1.024259029626594781e+02
1.103201729626594840e+02
1.040047569626594850e+02
9.926819496265947862e+01
1.118990269626594909e+02
1.055836109626594919e+02
9.611048696265947910e+01
1.087413189626594630e+02
1.055836109626594919e+02
8.663736296265946635e+01
9.611048696265945068e+01
1.008470489626594571e+02
1.103201729626594840e+02
1.182144429626594757e+02
1.040047569626594850e+02
1.087413189626594772e+02
8.663736296265946635e+01
1.024259029626594639e+02
9.611048696265946489e+01
1.040047569626594566e+02
9.926819496265946441e+01
9.611048696265947910e+01
1.024259029626594639e+02
1.087413189626594630e+02
1.213721509626594894e+02
1.055836109626594634e+02
1.103201729626594698e+02
1.150567349626594904e+02
1.182144429626594757e+02
9.768934096265947176e+01
9.295277896265946538e+01
1.261087129626594816e+02
9.926819496265946441e+01
1.182144429626594899e+02
1.071624649626594703e+02
1.166355889626594688e+02
1.150567349626594620e+02
1.245298589626594605e+02
1.182144429626594615e+02
1.071624649626594703e+02
1.213721509626594894e+02
1.150567349626594620e+02
1.182144429626594757e+02
1.182144429626594757e+02
1.324241289626594948e+02
1.150567349626594762e+02
8.347965496265945262e+01
9.768934096265945755e+01
1.008470489626594571e+02
1.024259029626594639e+02
1.055836109626594777e+02
9.453163296265947224e+01
1.182144429626594757e+02
8.979507096265948007e+01
1.024259029626594781e+02
1.071624649626594845e+02
9.295277896265946538e+01
8.821621696265947321e+01
1.134778809626594835e+02
9.768934096265947176e+01
1.103201729626594698e+02
1.087413189626594914e+02
1.008470489626594713e+02
9.453163296265947224e+01
7.558538496265947515e+01
9.926819496265946441e+01
1.071624649626594845e+02
9.768934096265945755e+01
1.087413189626594772e+02
1.055836109626594634e+02
1.182144429626594757e+02
9.926819496265947862e+01
1.024259029626594781e+02
8.821621696265944479e+01
1.024259029626594497e+02
1.150567349626594620e+02
1.166355889626594688e+02
1.134778809626594835e+02
1.024259029626594781e+02
1.197932969626594826e+02
9.926819496265945020e+01
1.213721509626594610e+02
8.663736296265946635e+01
1.182144429626594899e+02
1.118990269626594625e+02
1.071624649626594703e+02
1.024259029626594923e+02
9.768934096265947176e+01
9.926819496265949283e+01
8.505850896265945948e+01
1.245298589626594890e+02
9.137392496265945852e+01
1.040047569626594566e+02
1.087413189626594772e+02
8.821621696265947321e+01
9.768934096265947176e+01
9.926819496265947862e+01
9.611048696265946489e+01
1.245298589626594747e+02
1.024259029626594639e+02
1.040047569626594850e+02
1.055836109626594777e+02
1.040047569626594708e+02
9.611048696265946489e+01
1.071624649626594703e+02
1.118990269626594767e+02
1.261087129626594816e+02
1.166355889626594688e+02
1.055836109626594919e+02
1.024259029626594639e+02
8.821621696265944479e+01
1.134778809626594693e+02
1.008470489626594713e+02
1.182144429626594757e+02
1.213721509626594752e+02
8.979507096265948007e+01
1.024259029626594923e+02
9.768934096265945755e+01
8.979507096265948007e+01
1.087413189626594630e+02
1.118990269626594909e+02
1.055836109626594777e+02
1.087413189626594914e+02
1.197932969626594826e+02
1.024259029626594639e+02
1.261087129626594674e+02
1.040047569626594850e+02
1.071624649626594845e+02
1.087413189626594630e+02
1.308452749626594880e+02
1.308452749626594880e+02
1.071624649626594703e+02
1.040047569626594708e+02
9.768934096265948597e+01
1.166355889626594688e+02
1.276875669626594743e+02
9.453163296265948645e+01
1.087413189626594772e+02
1.008470489626594997e+02
1.403183989626594723e+02
1.118990269626594767e+02
1.134778809626594693e+02
8.190080096265947418e+01
1.008470489626594855e+02
9.768934096265948597e+01
8.663736296265946635e+01
1.118990269626594767e+02
9.768934096265947176e+01
1.134778809626594835e+02
1.087413189626594772e+02
1.134778809626594693e+02
1.024259029626594923e+02
1.055836109626594777e+02
1.055836109626594919e+02
1.213721509626594610e+02
1.434761069626594860e+02
1.040047569626594850e+02
1.103201729626594840e+02
1.055836109626594919e+02
9.611048696265949332e+01
1.134778809626594835e+02
1.103201729626594698e+02
1.055836109626594919e+02
1.087413189626594630e+02
1.150567349626594620e+02
1.197932969626594826e+02
9.453163296265947224e+01
9.295277896265946538e+01
1.166355889626594688e+02
1.150567349626594904e+02
9.926819496265947862e+01
1.197932969626594684e+02
1.071624649626594703e+02
1.118990269626594909e+02
1.087413189626594630e+02
1.008470489626594713e+02
1.087413189626594772e+02
1.103201729626594840e+02
1.071624649626594703e+02
9.453163296265947224e+01
1.071624649626594703e+02
8.821621696265945900e+01
9.926819496265946441e+01
1.324241289626594948e+02
1.182144429626594757e+02
9.137392496265945852e+01
1.040047569626594850e+02
1.229510049626594821e+02
9.768934096265947176e+01
9.768934096265947176e+01
1.087413189626594772e+02
1.213721509626594752e+02
1.197932969626594399e+02
1.040047569626594708e+02
1.103201729626594840e+02
1.087413189626594772e+02
1.087413189626594914e+02
1.150567349626594762e+02
1.087413189626594772e+02
8.821621696265947321e+01
1.340029829626594733e+02
1.118990269626594767e+02
9.768934096265947176e+01
1.340029829626594733e+02
1.071624649626594703e+02
1.213721509626594894e+02
8.979507096265945165e+01
9.137392496265944430e+01
9.611048696265945068e+01
1.324241289626594664e+02
9.926819496265947862e+01
8.663736296265946635e+01
1.197932969626594826e+02
1.150567349626594904e+02
1.197932969626594684e+02
9.295277896265947959e+01
1.197932969626594684e+02
1.150567349626594620e+02
1.008470489626594713e+02
1.024259029626594781e+02
1.197932969626594826e+02
1.055836109626594919e+02
1.040047569626594708e+02
9.611048696265947910e+01
1.055836109626594634e+02
9.926819496265947862e+01
1.150567349626594904e+02
1.087413189626594914e+02
1.118990269626594909e+02
1.197932969626594684e+02
1.071624649626594845e+02
1.087413189626594630e+02
9.926819496265945020e+01
1.229510049626594679e+02
1.245298589626594605e+02
9.295277896265946538e+01
9.768934096265945755e+01
1.166355889626594831e+02
1.008470489626594713e+02
1.087413189626594772e+02
1.008470489626594571e+02
1.103201729626594840e+02
1.150567349626594762e+02
1.182144429626594899e+02
1.229510049626594679e+02
1.055836109626594777e+02
1.276875669626594885e+02
1.071624649626594703e+02
1.308452749626594596e+02
1.371606909626594870e+02
1.055836109626594634e+02
1.103201729626594698e+02
1.040047569626594850e+02
1.292664209626594811e+02
1.055836109626594777e+02
1.182144429626594757e+02
1.024259029626594639e+02
1.040047569626594708e+02
1.118990269626594767e+02
1.197932969626594684e+02
1.071624649626594703e+02
9.926819496265946441e+01
1.276875669626594743e+02
1.213721509626594610e+02
1.213721509626594752e+02
9.768934096265947176e+01
1.150567349626594904e+02
1.292664209626594811e+02
1.040047569626594708e+02
9.453163296265947224e+01
1.118990269626594625e+02
1.103201729626594698e+02
1.055836109626594777e+02
1.024259029626594781e+02
1.103201729626594698e+02
1.071624649626594845e+02
1.087413189626594914e+02
1.008470489626594855e+02
1.118990269626594909e+02
1.150567349626594620e+02
1.040047569626594850e+02
1.118990269626594767e+02
1.040047569626594850e+02
1.103201729626594840e+02
1.103201729626594698e+02
1.166355889626594688e+02
1.118990269626594767e+02
9.611048696265947910e+01
1.024259029626594639e+02
1.040047569626594708e+02
1.040047569626594566e+02
9.926819496265945020e+01
1.024259029626594639e+02
1.103201729626594698e+02
1.087413189626594772e+02
1.134778809626594835e+02
9.926819496265947862e+01
8.821621696265948742e+01
1.040047569626594850e+02
9.137392496265947273e+01
1.071624649626594561e+02
1.182144429626594757e+02
1.229510049626594679e+02
1.103201729626594698e+02
1.103201729626594840e+02
1.182144429626594757e+02
1.166355889626594688e+02
1.055836109626594919e+02
9.611048696265947910e+01
1.197932969626594826e+02
1.150567349626594762e+02
1.245298589626594747e+02
1.024259029626594781e+02
1.055836109626594634e+02
1.055836109626594634e+02
1.040047569626594708e+02
1.118990269626594909e+02
1.087413189626594914e+02
1.150567349626594620e+02
1.055836109626594919e+02
1.150567349626594620e+02
1.197932969626594684e+02
9.453163296265948645e+01
1.087413189626594630e+02
1.024259029626594923e+02
1.040047569626594850e+02
1.087413189626594914e+02
1.103201729626594698e+02
1.150567349626594904e+02
1.055836109626594634e+02
1.008470489626594713e+02
9.611048696265949332e+01
1.008470489626594713e+02
1.134778809626594693e+02
1.134778809626594835e+02
1.134778809626594693e+02
1.197932969626594684e+02
1.182144429626594757e+02
1.166355889626594688e+02
1.040047569626594708e+02
1.150567349626594620e+02
1.166355889626594831e+02
1.213721509626594894e+02
1.213721509626594752e+02
1.071624649626594845e+02
1.008470489626594855e+02
1.197932969626594684e+02
1.024259029626594781e+02
1.166355889626594831e+02
1.403183989626595007e+02
1.229510049626594963e+02
1.229510049626594679e+02
1.118990269626594625e+02
1.213721509626594894e+02
1.087413189626594772e+02
1.008470489626594855e+02
1.024259029626594781e+02
1.040047569626594708e+02
1.182144429626594757e+02
9.926819496265946441e+01
1.182144429626594757e+02
1.055836109626594777e+02
1.040047569626594708e+02
1.166355889626594973e+02
1.134778809626594835e+02
1.103201729626594840e+02
1.340029829626594733e+02
1.008470489626594713e+02
1.024259029626594781e+02
9.611048696265949332e+01
1.150567349626594762e+02
1.182144429626594615e+02
1.040047569626594708e+02
1.008470489626594855e+02
1.197932969626594684e+02
1.213721509626594610e+02
1.118990269626594767e+02
9.611048696265947910e+01
1.355818369626594802e+02
9.611048696265947910e+01
9.926819496265946441e+01
9.137392496265947273e+01
1.229510049626594821e+02
1.118990269626594767e+02
8.821621696265944479e+01
9.611048696265946489e+01
1.024259029626594781e+02
1.134778809626594835e+02
1.134778809626594835e+02
1.118990269626594767e+02
1.071624649626594845e+02
1.024259029626594781e+02
9.611048696265945068e+01
9.137392496265947273e+01
1.087413189626594772e+02
1.040047569626594850e+02
1.040047569626594708e+02
1.071624649626594703e+02
1.150567349626594762e+02
1.055836109626594777e+02
9.768934096265947176e+01
1.087413189626594630e+02
9.768934096265944333e+01
1.087413189626594914e+02
8.979507096265946586e+01
1.182144429626594899e+02
1.087413189626594630e+02
1.040047569626594566e+02
1.087413189626594914e+02
1.087413189626594630e+02
9.611048696265947910e+01
1.118990269626594767e+02
1.134778809626594693e+02
9.295277896265949380e+01
1.118990269626594767e+02
1.213721509626594752e+02
1.055836109626594777e+02
1.118990269626594625e+02
9.768934096265947176e+01
1.087413189626594630e+02
1.024259029626594781e+02
1.134778809626594693e+02
1.024259029626594639e+02
9.768934096265945755e+01
1.024259029626594781e+02
1.087413189626594772e+02
1.245298589626594747e+02
1.071624649626594987e+02
1.166355889626594688e+02
9.137392496265947273e+01
1.008470489626594571e+02
1.024259029626594639e+02
1.071624649626594845e+02
1.355818369626594802e+02
1.071624649626594703e+02
1.182144429626594899e+02
1.040047569626594850e+02
1.197932969626594826e+02
1.166355889626594688e+02
1.095497290590230648e+02
2.248060710590230542e+02
1.269171230590230692e+02
1.411268090590230599e+02
1.269171230590230692e+02
1.584942030590230502e+02
1.505999330590230727e+02
1.458633710590230521e+02
1.458633710590230521e+02
1.458633710590230805e+02
1.379691010590230746e+02
1.316536850590230756e+02
1.348113930590230609e+02
1.332325390590230541e+02
1.474422250590230874e+02
1.521787870590230511e+02
1.253382690590230482e+02
1.553364950590230364e+02
1.300748310590230403e+02
1.458633710590230521e+02
1.442845170590230737e+02
1.442845170590230737e+02
1.427056630590230668e+02
1.427056630590230952e+02
1.316536850590230472e+02
1.363902470590230678e+02
1.300748310590230687e+02
1.316536850590230472e+02
1.458633710590230521e+02
1.348113930590230325e+02
1.348113930590230893e+02
1.395479550590230815e+02
1.411268090590230599e+02
1.584942030590231070e+02
1.537576410590230580e+02
1.490210790590230658e+02
1.395479550590230815e+02
1.379691010590230462e+02
1.395479550590230815e+02
1.363902470590230678e+02
1.427056630590230668e+02
1.395479550590230815e+02
1.584942030590230786e+02
1.300748310590230972e+02
1.553364950590230364e+02
1.300748310590230687e+02
1.411268090590230884e+02
1.379691010590231031e+02
1.490210790590230658e+02
1.553364950590230364e+02
1.206017070590230560e+02
1.537576410590230580e+02
1.474422250590230306e+02
1.505999330590230443e+02
1.332325390590230825e+02
1.379691010590230746e+02
1.427056630590230952e+02
1.474422250590230874e+02
1.458633710590230521e+02
1.490210790590230658e+02
1.427056630590230668e+02
1.363902470590230678e+02
1.253382690590230766e+02
1.332325390590230541e+02
1.458633710590230521e+02
1.505999330590231011e+02
1.395479550590230815e+02
1.553364950590230933e+02
1.253382690590230482e+02
1.190228530590230633e+02
1.284959770590230619e+02
1.395479550590230815e+02
1.490210790590230658e+02
1.395479550590230815e+02
1.553364950590230649e+02
1.348113930590230325e+02
1.537576410590230864e+02
1.269171230590230692e+02
1.411268090590230599e+02
1.363902470590230678e+02
1.395479550590230815e+02
1.221805610590230486e+02
1.316536850590230756e+02
1.348113930590230609e+02
1.174439990590230565e+02
1.411268090590230599e+02
1.395479550590230531e+02
1.521787870590230796e+02
1.427056630590230668e+02
1.206017070590230560e+02
1.537576410590230864e+02
1.300748310590230972e+02
1.584942030590230502e+02
1.284959770590230619e+02
1.490210790590230658e+02
1.411268090590230599e+02
1.427056630590230668e+02
1.269171230590230408e+02
1.458633710590230805e+02
1.490210790590230658e+02
1.300748310590230403e+02
1.505999330590230727e+02
1.395479550590230815e+02
1.284959770590230619e+02
1.363902470590230678e+02
1.458633710590230521e+02
1.490210790590230943e+02
1.300748310590230403e+02
1.600730570590230855e+02
1.442845170590230737e+02
1.300748310590230687e+02
1.458633710590230805e+02
1.348113930590230609e+02
1.458633710590230521e+02
1.332325390590230541e+02
1.521787870590230796e+02
1.332325390590230541e+02
1.458633710590230521e+02
1.490210790590230658e+02
1.458633710590230521e+02
1.253382690590230624e+02
1.442845170590230737e+02
1.569153490590230433e+02
1.600730570590230570e+02
1.632307650590230423e+02
1.505999330590230727e+02
1.632307650590230992e+02
1.442845170590230452e+02
1.379691010590230462e+02
1.490210790590230658e+02
1.348113930590230609e+02
1.474422250590230874e+02
1.490210790590230658e+02
1.521787870590230796e+02
1.553364950590230933e+02
1.332325390590230541e+02
1.395479550590230531e+02
1.553364950590230649e+02
1.616519110590230639e+02
1.348113930590230893e+02
1.474422250590230874e+02
1.553364950590230364e+02
1.395479550590230815e+02
1.490210790590230658e+02
1.569153490590230717e+02
1.711250350590230767e+02
1.379691010590230746e+02
1.363902470590230678e+02
1.348113930590230893e+02
1.474422250590230874e+02
1.379691010590230746e+02
1.505999330590231011e+02
1.300748310590230687e+02
1.521787870590230796e+02
1.632307650590230992e+02
1.269171230590230550e+02
1.521787870590230796e+02
1.490210790590230658e+02
1.442845170590230168e+02
1.569153490590230717e+02
1.505999330590230443e+02
1.395479550590230815e+02
1.348113930590230893e+02
1.427056630590230668e+02
1.537576410590230580e+02
1.442845170590230737e+02
1.537576410590230580e+02
1.474422250590230306e+02
1.411268090590230599e+02
1.490210790590230943e+02
1.537576410590230580e+02
1.332325390590230541e+02
1.616519110590230639e+02
1.521787870590230796e+02
1.648096190590230776e+02
1.442845170590230452e+02
1.505999330590230727e+02
1.442845170590230452e+02
1.395479550590230531e+02
1.332325390590230825e+02
1.490210790590230658e+02
1.521787870590230796e+02
1.490210790590230658e+02
1.237594150590230697e+02
1.648096190590230776e+02
1.379691010590230462e+02
1.521787870590230796e+02
1.363902470590230678e+02
1.474422250590230590e+02
1.458633710590230521e+02
1.474422250590230590e+02
1.474422250590230874e+02
1.363902470590230678e+02
1.316536850590230756e+02
1.490210790590230658e+02
1.521787870590230796e+02
1.300748310590230403e+02
1.332325390590230541e+02
1.458633710590230521e+02
1.411268090590230599e+02
1.458633710590230521e+02
1.490210790590230943e+02
1.458633710590230521e+02
1.648096190590230776e+02
1.269171230590230550e+02
1.363902470590230678e+02
1.474422250590230306e+02
1.427056630590230952e+02
1.379691010590230462e+02
1.395479550590230815e+02
1.332325390590230541e+02
1.584942030590230502e+02
1.269171230590230550e+02
1.427056630590230952e+02
1.363902470590230678e+02
1.253382690590230766e+02
1.616519110590230639e+02
1.427056630590230668e+02
1.584942030590231070e+02
1.411268090590230599e+02
1.411268090590230599e+02
1.284959770590230619e+02
1.332325390590230541e+02
1.553364950590230933e+02
1.395479550590230815e+02
1.505999330590230727e+02
1.063920210590230511e+02
1.537576410590230864e+02
1.221805610590230629e+02
1.332325390590230541e+02
1.284959770590230619e+02
1.142862910590230570e+02
1.221805610590230629e+02
1.348113930590230893e+02
1.458633710590230805e+02
1.142862910590230712e+02
1.395479550590230531e+02
1.427056630590230952e+02
1.142862910590230570e+02
1.474422250590230874e+02
1.474422250590230590e+02
1.316536850590230756e+02
1.316536850590230756e+02
1.490210790590230658e+02
1.284959770590230619e+02
1.411268090590230599e+02
1.600730570590230570e+02
1.427056630590230668e+02
1.284959770590230903e+02
1.505999330590230443e+02
1.632307650590230992e+02
1.521787870590230511e+02
1.521787870590230796e+02
1.427056630590230668e+02
1.316536850590230472e+02
1.348113930590230893e+02
1.079708750590230579e+02
1.316536850590230756e+02
1.348113930590230893e+02
1.269171230590230550e+02
1.284959770590230619e+02
1.316536850590230756e+02
1.332325390590230825e+02
1.300748310590230687e+02
1.600730570590230286e+02
1.237594150590230555e+02
1.490210790590230658e+02
1.379691010590230462e+02
1.490210790590230658e+02
1.284959770590230619e+02
1.569153490590231002e+02
1.521787870590230511e+02
1.411268090590230599e+02
1.395479550590230815e+02
1.221805610590230629e+02
1.348113930590230325e+02
1.316536850590230756e+02
1.490210790590230658e+02
1.379691010590230462e+02
1.553364950590230649e+02
1.411268090590230884e+02
1.363902470590230678e+02
1.300748310590230687e+02
1.663884730590231129e+02
1.316536850590230756e+02
1.490210790590230658e+02
1.442845170590230168e+02
1.569153490590230433e+02
1.521787870590230511e+02
1.537576410590230580e+02
1.237594150590230555e+02
1.505999330590230443e+02
1.316536850590230756e+02
1.363902470590230678e+02
1.395479550590230815e+02
1.458633710590230521e+02
1.253382690590230482e+02
1.316536850590230472e+02
1.427056630590230668e+02
1.300748310590230687e+02
1.442845170590230452e+02
1.427056630590230952e+02
1.411268090590230884e+02
1.553364950590230364e+02
1.427056630590230668e+02
1.600730570590230855e+02
1.269171230590230550e+02
1.363902470590230678e+02
1.190228530590230491e+02
1.316536850590230756e+02
1.474422250590230874e+02
1.427056630590230668e+02
1.521787870590230796e+02
1.411268090590230599e+02
1.395479550590230815e+02
1.206017070590230844e+02
1.269171230590230692e+02
1.490210790590230658e+02
1.363902470590230678e+02
1.458633710590230805e+02
1.458633710590230521e+02
1.253382690590230766e+02
1.600730570590230286e+02
1.537576410590230580e+02
1.442845170590230737e+02
1.521787870590230796e+02
1.569153490590230717e+02
1.474422250590230590e+02
1.521787870590230796e+02
1.395479550590230815e+02
1.284959770590230619e+02
1.616519110590230639e+02
1.284959770590230619e+02
1.395479550590230815e+02
1.379691010590230746e+02
1.490210790590230658e+02
1.348113930590230609e+02
1.363902470590230678e+02
1.237594150590230697e+02
1.411268090590230599e+02
1.363902470590230678e+02
1.553364950590230364e+02
1.395479550590230815e+02
1.458633710590230805e+02
1.411268090590230884e+02
1.474422250590230590e+02
1.348113930590230609e+02
1.300748310590230403e+02
1.632307650590230423e+02
1.427056630590230384e+02
1.127074370590230785e+02
1.663884730590230561e+02
1.316536850590230756e+02
1.395479550590230815e+02
1.474422250590230874e+02
1.332325390590230825e+02
1.363902470590230678e+02
1.379691010590230462e+02
1.458633710590230521e+02
1.300748310590230403e+02
1.253382690590230624e+02
1.411268090590230884e+02
1.190228530590230491e+02
1.411268090590230599e+02
1.332325390590230825e+02
1.284959770590230619e+02
1.332325390590230541e+02
1.521787870590230796e+02
1.348113930590230609e+02
1.458633710590230805e+02
1.363902470590230678e+02
1.490210790590230374e+02
1.427056630590230952e+02
1.458633710590230805e+02
1.316536850590230756e+02
1.458633710590230805e+02
1.411268090590230599e+02
1.395479550590230531e+02
1.490210790590230658e+02
1.300748310590230687e+02
1.442845170590230452e+02
1.442845170590230737e+02
1.490210790590230658e+02
1.490210790590230658e+02
1.521787870590230796e+02
1.363902470590230678e+02
1.300748310590230687e+02
1.284959770590230619e+02
1.269171230590230834e+02
1.505999330590230443e+02
1.269171230590230550e+02
1.442845170590230737e+02
1.363902470590230678e+02
1.553364950590230649e+02
1.363902470590230678e+02
1.142862910590230570e+02
1.395479550590230815e+02
1.411268090590230599e+02
1.458633710590230521e+02
1.442845170590230168e+02
1.332325390590230541e+02
1.490210790590230658e+02
1.411268090590230315e+02
1.221805610590230486e+02
1.569153490590230717e+02
1.316536850590230472e+02
1.427056630590230952e+02
1.111285830590231001e+02
1.269171230590230550e+02
1.553364950590230933e+02
1.174439990590230565e+02
1.379691010590230746e+02
1.490210790590230658e+02
1.284959770590230619e+02
1.348113930590230609e+02
1.348113930590230893e+02
1.537576410590230580e+02
1.332325390590230541e+02
1.395479550590230815e+02
1.442845170590230737e+02
1.521787870590230511e+02
1.395479550590230531e+02
1.395479550590230815e+02
1.284959770590230619e+02
1.253382690590230624e+02
1.348113930590230325e+02
1.395479550590230247e+02
1.253382690590230624e+02
1.411268090590230599e+02
1.363902470590230678e+02
1.348113930590230893e+02
1.395479550590230815e+02
1.427056630590230952e+02
1.316536850590230756e+02
1.395479550590230531e+02
1.474422250590230874e+02
1.300748310590230687e+02
1.253382690590230482e+02
1.284959770590230619e+02
1.253382690590230624e+02
1.190228530590230633e+02
1.632307650590230423e+02
1.253382690590230766e+02
1.237594150590230697e+02
1.458633710590230805e+02
1.348113930590230893e+02
1.348113930590230325e+02
1.284959770590230903e+02
1.332325390590230541e+02
1.300748310590230403e+02
1.474422250590230874e+02
1.395479550590230531e+02
1.427056630590230668e+02
1.332325390590230541e+02
1.269171230590230834e+02
1.316536850590230756e+02
1.363902470590230678e+02
1.237594150590230555e+02
1.474422250590230590e+02
1.442845170590230737e+02
1.284959770590230619e+02
1.379691010590230746e+02
1.379691010590231031e+02
1.363902470590230678e+02
1.458633710590230521e+02
1.442845170590230737e+02
1.490210790590230658e+02
1.411268090590230599e+02
1.427056630590230952e+02
1.269171230590230550e+02
1.569153490590230717e+02
1.569153490590230717e+02
1.379691010590230462e+02
1.474422250590230874e+02
1.379691010590230746e+02
1.363902470590230678e+02
1.569153490590231002e+02
1.332325390590230541e+02
1.553364950590230364e+02
1.332325390590230541e+02
1.427056630590230668e+02
1.379691010590230462e+02
1.616519110590230639e+02
1.363902470590230678e+02
1.505999330590230443e+02
1.442845170590230737e+02
1.348113930590230609e+02
1.458633710590230521e+02
1.158651450590230496e+02
1.537576410590230864e+02
1.395479550590230531e+02
1.316536850590230756e+02
1.395479550590230815e+02
1.316536850590230756e+02
1.237594150590230555e+02
1.300748310590230687e+02
1.442845170590230737e+02
1.474422250590230874e+02
1.474422250590230874e+02
1.632307650590230423e+02
1.521787870590230796e+02
1.474422250590230874e+02
1.237594150590230697e+02
1.458633710590230521e+02
1.395479550590230531e+02
1.505999330590230443e+02
1.569153490590230717e+02
1.490210790590230658e+02
1.648096190590230776e+02
1.632307650590230423e+02
1.569153490590230717e+02
1.379691010590230462e+02
1.569153490590230717e+02
1.348113930590230609e+02
1.521787870590230796e+02
1.379691010590230746e+02
1.521787870590230511e+02
1.727038890590230551e+02
1.300748310590230403e+02
1.237594150590230697e+02
1.174439990590230707e+02
1.269171230590230692e+02
1.442845170590230168e+02
1.190228530590230633e+02
1.521787870590230227e+02
1.458633710590230805e+02
1.553364950590230649e+02
1.190228530590230633e+02
1.411268090590230599e+02
1.127074370590230643e+02
1.521787870590230796e+02
1.442845170590230737e+02
1.332325390590230541e+02
1.379691010590230462e+02
1.237594150590230697e+02
1.300748310590230687e+02
1.569153490590230717e+02
1.521787870590230796e+02
1.332325390590230541e+02
1.411268090590230599e+02
1.395479550590230815e+02
1.379691010590230746e+02
1.300748310590230687e+02
1.300748310590230687e+02
1.458633710590230805e+02
1.269171230590230550e+02
1.253382690590230766e+02
1.348113930590230893e+02
1.237594150590230555e+02
1.332325390590230541e+02
1.379691010590230462e+02
1.427056630590230384e+02
1.316536850590230756e+02
1.521787870590230796e+02
1.284959770590230619e+02
1.363902470590230678e+02
1.237594150590230697e+02
1.269171230590230834e+02
1.442845170590230737e+02
1.442845170590230737e+02
1.316536850590230756e+02
1.221805610590230486e+02
1.269171230590230550e+02
1.395479550590230247e+02
1.269171230590230550e+02
1.490210790590230658e+02
1.032343130590230658e+02
1.284959770590230619e+02
1.269171230590230692e+02
1.521787870590230511e+02
1.600730570590230855e+02
1.284959770590230903e+02
1.379691010590230746e+02
1.379691010590230746e+02
1.300748310590230687e+02
1.427056630590230668e+02
1.790193050590230825e+02
1.332325390590230541e+02
1.332325390590230541e+02
1.348113930590230609e+02
1.442845170590230737e+02
1.521787870590230796e+02
1.269171230590230692e+02
1.474422250590230874e+02
1.348113930590230893e+02
1.442845170590230737e+02
1.411268090590230599e+02
1.442845170590230452e+02
1.332325390590230541e+02
1.442845170590230737e+02
1.553364950590230933e+02
1.269171230590230692e+02
1.632307650590230992e+02
1.537576410590230864e+02
1.237594150590230697e+02
1.679673270590230914e+02
1.395479550590230531e+02
1.569153490590230717e+02
1.190228530590230491e+02
1.474422250590230590e+02
1.458633710590230805e+02
1.427056630590230384e+02
1.521787870590230796e+02
1.458633710590230805e+02
1.332325390590230541e+02
1.269171230590230550e+02
1.316536850590230756e+02
1.363902470590230678e+02
1.442845170590230737e+02
1.474422250590230874e+02
1.395479550590230815e+02
1.474422250590230874e+02
1.521787870590230796e+02
1.569153490590230717e+02
1.490210790590230943e+02
1.537576410590230864e+02
1.505999330590230443e+02
1.490210790590230943e+02
1.521787870590230796e+02
1.206017070590230560e+02
1.379691010590230462e+02
1.284959770590230619e+02
1.537576410590230580e+02
1.411268090590230599e+02
1.411268090590230884e+02
1.521787870590230796e+02
1.411268090590230599e+02
1.442845170590230737e+02
1.363902470590230678e+02
1.537576410590230580e+02
1.395479550590230815e+02
1.395479550590230815e+02
1.442845170590230737e+02
1.379691010590230746e+02
1.553364950590230364e+02
1.411268090590230599e+02
1.490210790590230658e+02
1.316536850590230472e+02
1.584942030590230502e+02
1.316536850590230756e+02
1.332325390590230825e+02
1.316536850590230756e+02
1.363902470590230678e+02
1.458633710590230805e+02
1.332325390590230541e+02
1.332325390590230825e+02
1.284959770590230619e+02
1.363902470590230678e+02
1.427056630590230668e+02
1.695461810590230698e+02
1.537576410590230580e+02
1.442845170590230737e+02
1.427056630590230952e+02
1.395479550590230531e+02
1.316536850590230756e+02
1.458633710590230521e+02
1.569153490590231002e+02
1.458633710590230805e+02
1.395479550590230815e+02
1.663884730590231129e+02
1.474422250590230874e+02
1.505999330590230443e+02
1.711250350590230767e+02
1.316536850590230756e+02
1.379691010590230462e+02
1.363902470590230678e+02
1.648096190590230492e+02
1.569153490590231002e+02
1.442845170590230737e+02
1.332325390590230825e+02
1.442845170590230737e+02
1.332325390590230541e+02
1.616519110590230923e+02
1.505999330590230727e+02
1.537576410590230864e+02
1.569153490590230717e+02
1.442845170590230452e+02
1.395479550590230815e+02
1.600730570590230570e+02
1.474422250590230874e+02
1.348113930590230609e+02
1.427056630590230384e+02
1.616519110590230639e+02
1.458633710590230805e+02
1.553364950590230364e+02
1.269171230590230550e+02
1.648096190590230776e+02
1.395479550590230815e+02
1.616519110590230639e+02
1.411268090590230884e+02
1.379691010590230746e+02
1.379691010590230462e+02
1.395479550590230247e+02
1.569153490590230717e+02
1.348113930590230325e+02
1.442845170590230737e+02
1.632307650590230708e+02
1.363902470590230678e+02
1.442845170590230737e+02
1.174439990590230707e+02
1.569153490590230717e+02
1.427056630590230668e+02
1.695461810590230698e+02
1.442845170590230737e+02
1.379691010590230462e+02
1.411268090590230599e+02
1.427056630590230668e+02
1.474422250590230590e+02
1.253382690590230766e+02
1.395479550590230531e+02
1.442845170590230737e+02
1.316536850590230188e+02
1.237594150590230555e+02
1.269171230590230692e+02
1.553364950590230649e+02
1.158651450590230780e+02
1.474422250590230874e+02
1.379691010590230462e+02
1.427056630590230668e+02
1.221805610590230629e+02
1.269171230590230692e+02
1.300748310590230403e+02
1.442845170590230737e+02
1.269171230590230550e+02
1.269171230590230692e+02
1.474422250590230590e+02
1.379691010590230746e+02
1.395479550590230815e+02
1.300748310590230687e+02
1.474422250590230306e+02
1.458633710590230521e+02
1.521787870590230796e+02
1.348113930590230893e+02
1.474422250590230590e+02
1.569153490590231002e+02
1.474422250590230590e+02
1.537576410590230580e+02
1.632307650590230992e+02
1.553364950590230933e+02
1.553364950590230364e+02
1.427056630590230384e+02
1.490210790590230658e+02
1.348113930590230609e+02
1.427056630590230384e+02
1.284959770590230619e+02
1.332325390590230541e+02
1.458633710590230521e+02
1.221805610590230486e+02
1.569153490590230433e+02
1.584942030590231070e+02
1.553364950590230933e+02
1.221805610590230771e+02
1.348113930590230893e+02
1.269171230590230692e+02
1.395479550590230531e+02
1.553364950590230649e+02
1.553364950590230649e+02
1.442845170590230452e+02
1.458633710590230521e+02
1.395479550590230815e+02
1.474422250590230874e+02
1.505999330590230443e+02
1.395479550590230815e+02
1.616519110590230639e+02
1.395479550590230815e+02
1.427056630590230952e+02
1.395479550590230815e+02
1.363902470590230678e+02
1.632307650590230992e+02
1.521787870590230796e+02
1.332325390590230541e+02
1.427056630590230668e+02
1.363902470590230678e+02
1.521787870590230511e+02
1.395479550590230815e+02
1.537576410590230580e+02
1.379691010590230746e+02
1.411268090590230315e+02
1.679673270590230345e+02
1.411268090590230884e+02
1.458633710590230521e+02
1.395479550590230815e+02
1.332325390590230541e+02
1.411268090590230599e+02
1.427056630590230384e+02
1.458633710590230521e+02
1.411268090590230884e+02
1.474422250590230874e+02
1.505999330590230443e+02
1.490210790590230943e+02
1.379691010590231031e+02
1.379691010590230462e+02
1.458633710590230805e+02
1.521787870590230511e+02
1.569153490590230717e+02
1.379691010590230746e+02
1.521787870590230796e+02
1.458633710590230521e+02
1.616519110590230923e+02
1.316536850590230756e+02
1.569153490590230433e+02
1.363902470590230678e+02
1.316536850590230472e+02
1.505999330590230443e+02
1.395479550590230815e+02
1.553364950590230364e+02
1.316536850590230756e+02
1.332325390590230541e+02
1.379691010590230746e+02
1.584942030590230786e+02
1.521787870590230796e+02
1.363902470590230394e+02
1.253382690590230624e+02
1.458633710590230521e+02
1.332325390590230541e+02
1.427056630590230952e+02
1.237594150590230697e+02
1.458633710590230521e+02
1.442845170590230452e+02
1.363902470590230678e+02
1.237594150590230555e+02
1.442845170590230452e+02
1.427056630590230952e+02
1.537576410590230580e+02
1.474422250590230306e+02
1.442845170590230737e+02
1.505999330590230727e+02
1.348113930590230893e+02
1.458633710590230521e+02
1.363902470590230678e+02
1.363902470590230678e+02
1.411268090590230599e+02
1.395479550590230815e+02
1.490210790590230658e+02
1.411268090590230599e+02
1.490210790590230658e+02
1.190228530590230633e+02
1.300748310590230403e+02
1.427056630590230952e+02
1.348113930590230609e+02
1.269171230590230692e+02
1.537576410590230580e+02
1.316536850590230756e+02
1.474422250590230874e+02
1.490210790590230374e+02
1.348113930590230893e+02
1.379691010590230462e+02
1.253382690590230624e+02
1.206017070590230702e+02
1.442845170590230737e+02
1.221805610590230629e+02
1.300748310590230403e+02
1.490210790590230658e+02
1.363902470590230678e+02
1.190228530590230491e+02
1.284959770590230619e+02
1.316536850590230472e+02
1.127074370590230501e+02
1.395479550590230815e+02
1.427056630590230384e+02
1.221805610590230486e+02
1.363902470590230678e+02
1.300748310590230687e+02
1.363902470590230678e+02
1.190228530590230775e+02
1.474422250590230874e+02
1.300748310590230687e+02
1.395479550590230815e+02
1.158651450590230638e+02
1.253382690590230766e+02
1.316536850590230472e+02
1.379691010590230746e+02
1.395479550590230815e+02
1.284959770590230619e+02
1.363902470590230678e+02
1.190228530590230633e+02
1.190228530590230633e+02
1.142862910590230570e+02
1.379691010590230462e+02
1.284959770590230619e+02
1.474422250590230590e+02
1.411268090590230599e+02
1.427056630590230384e+02
1.427056630590230668e+02
1.300748310590230972e+02
1.284959770590230619e+02
1.411268090590230599e+02
1.411268090590230599e+02
1.142862910590230570e+02
1.316536850590230756e+02
1.237594150590230555e+02
1.284959770590230619e+02
1.348113930590230609e+02
1.363902470590230678e+02
1.458633710590230521e+02
1.332325390590230541e+02
1.458633710590230521e+02
1.395479550590230815e+02
1.190228530590230491e+02
1.316536850590230472e+02
1.458633710590230521e+02
1.253382690590230624e+02
1.253382690590230624e+02
1.300748310590230687e+02
1.553364950590230649e+02
1.411268090590230599e+02
1.079708750590230721e+02
1.253382690590230482e+02
1.190228530590230491e+02
1.316536850590230756e+02
1.174439990590230707e+02
1.300748310590230687e+02
1.269171230590230692e+02
1.269171230590230550e+02
1.190228530590230775e+02
1.584942030590230502e+02
1.269171230590230550e+02
1.521787870590230796e+02
1.253382690590230482e+02
1.600730570590230570e+02
1.363902470590230678e+02
1.427056630590230384e+02
1.300748310590230687e+02
1.363902470590230678e+02
1.348113930590230609e+02
1.442845170590230737e+02
1.348113930590230893e+02
1.206017070590230560e+02
1.348113930590230609e+02
1.174439990590230565e+02
1.316536850590230472e+02
1.206017070590230702e+02
1.379691010590230746e+02
1.253382690590230766e+02
1.269171230590230550e+02
1.363902470590230678e+02
1.395479550590230815e+02
1.411268090590230884e+02
1.411268090590230599e+02
1.411268090590230599e+02
1.490210790590230658e+02
1.206017070590230560e+02
1.474422250590230874e+02
1.348113930590230893e+02
1.490210790590230658e+02
1.316536850590230756e+02
1.363902470590230678e+02
1.348113930590230609e+02
1.379691010590230462e+02
1.300748310590230403e+02
1.395479550590230815e+02
1.332325390590230541e+02
1.427056630590230668e+02
1.237594150590230555e+02
1.253382690590230624e+02
1.348113930590230609e+02
1.190228530590230775e+02
1.427056630590230952e+02
1.442845170590230737e+02
1.316536850590230756e+02
1.284959770590230619e+02
1.284959770590230619e+02
1.284959770590230619e+02
1.395479550590230531e+02
1.284959770590230619e+02
1.316536850590230756e+02
1.142862910590230712e+02
1.095497290590230790e+02
1.095497290590230506e+02
1.474422250590230590e+02
1.332325390590230541e+02
1.348113930590230609e+02
1.158651450590230496e+02
1.237594150590230697e+02
1.427056630590230952e+02
1.221805610590230629e+02
1.458633710590230805e+02
1.269171230590230692e+02
1.427056630590230952e+02
1.442845170590230737e+02
1.474422250590230874e+02
1.379691010590230462e+02
1.395479550590230815e+02
1.174439990590230707e+02
1.237594150590230697e+02
1.348113930590230609e+02
1.332325390590230541e+02
1.395479550590230815e+02
1.095497290590230648e+02
1.253382690590230624e+02
1.332325390590230541e+02
1.411268090590230599e+02
1.348113930590230325e+02
1.127074370590230643e+02
1.427056630590230668e+02
1.537576410590230580e+02
1.379691010590230462e+02
1.348113930590230609e+02
1.379691010590230462e+02
1.490210790590230658e+02
1.379691010590230462e+02
1.474422250590230590e+02
1.442845170590230737e+02
1.521787870590230796e+02
1.569153490590230717e+02
1.237594150590230555e+02
1.490210790590230658e+02
1.537576410590230864e+02
1.363902470590230678e+02
1.521787870590230796e+02
1.411268090590230599e+02
1.253382690590230624e+02
1.411268090590230599e+02
1.111285830590230717e+02
1.300748310590230687e+02
1.221805610590230771e+02
1.269171230590230550e+02
1.284959770590230619e+02
1.253382690590230766e+02
1.190228530590230491e+02
1.269171230590230692e+02
1.237594150590230555e+02
1.379691010590230746e+02
1.300748310590230403e+02
1.474422250590230874e+02
1.237594150590230697e+02
1.253382690590230908e+02
1.190228530590230491e+02
1.332325390590230541e+02
1.427056630590230668e+02
9.849775105902307359e+01
1.474422250590230874e+02
1.221805610590230629e+02
1.348113930590230325e+02
1.284959770590230619e+02
1.316536850590230756e+02
1.427056630590230668e+02
1.174439990590230849e+02
1.142862910590230712e+02
1.221805610590230629e+02
1.300748310590230687e+02
1.142862910590230712e+02
1.427056630590230952e+02
1.269171230590230550e+02
1.237594150590230697e+02
1.269171230590230834e+02
1.221805610590230629e+02
1.158651450590230780e+02
1.190228530590230918e+02
1.127074370590230785e+02
1.111285830590230717e+02
1.237594150590230697e+02
1.253382690590230482e+02
1.111285830590230574e+02
1.458633710590230521e+02
1.237594150590230555e+02
1.411268090590230599e+02
1.316536850590230756e+02
1.348113930590230893e+02
1.269171230590230834e+02
1.395479550590230815e+02
1.316536850590230472e+02
1.284959770590230619e+02
1.348113930590230893e+02
1.316536850590230472e+02
1.458633710590230805e+02
1.379691010590230746e+02
1.363902470590230678e+02
1.379691010590230746e+02
1.300748310590230687e+02
1.142862910590230712e+02
1.300748310590230403e+02
1.490210790590230658e+02
1.253382690590230482e+02
1.190228530590230491e+02
1.221805610590230629e+02
1.316536850590230472e+02
1.221805610590230629e+02
1.237594150590230697e+02
1.458633710590230521e+02
1.142862910590230570e+02
1.332325390590230541e+02
1.269171230590230550e+02
1.505999330590231011e+02
1.458633710590230805e+02
1.411268090590230599e+02
1.363902470590230678e+02
1.174439990590230707e+02
1.253382690590230482e+02
1.505999330590230443e+02
1.174439990590230565e+02
1.427056630590230952e+02
1.158651450590230780e+02
1.142862910590230712e+02
1.363902470590230678e+02
1.427056630590230668e+02
1.221805610590230629e+02
1.284959770590230619e+02
1.474422250590230590e+02
1.284959770590230619e+02
1.427056630590230384e+02
1.316536850590230756e+02
1.505999330590230727e+02
1.237594150590230839e+02
1.411268090590230599e+02
1.442845170590230737e+02
1.348113930590230609e+02
1.269171230590230692e+02
1.206017070590230702e+02
1.348113930590230609e+02
1.284959770590230619e+02
1.474422250590230874e+02
1.284959770590230619e+02
1.395479550590230815e+02
1.206017070590230702e+02
1.363902470590230678e+02
1.427056630590230384e+02
1.395479550590230815e+02
1.537576410590230580e+02
1.395479550590230815e+02
1.363902470590230678e+02
1.332325390590230541e+02
1.490210790590230658e+02
1.505999330590230727e+02
1.442845170590230737e+02
1.379691010590230462e+02
1.332325390590230825e+02
1.427056630590230952e+02
1.411268090590230599e+02
1.584942030590231070e+02
1.316536850590230756e+02
1.505999330590230443e+02
1.505999330590231011e+02
1.395479550590230815e+02
1.490210790590230658e+02
1.363902470590230678e+02
1.395479550590230815e+02
1.379691010590230462e+02
1.474422250590230590e+02
1.363902470590230678e+02
1.348113930590230893e+02
1.427056630590230668e+02
1.411268090590230599e+02
1.458633710590230521e+02
1.190228530590230633e+02
1.411268090590230599e+02
1.363902470590230678e+02
1.206017070590230560e+02
1.395479550590230815e+02
1.237594150590230555e+02
1.300748310590230687e+02
1.411268090590230599e+02
1.269171230590230550e+02
1.111285830590230574e+02
1.316536850590230756e+02
1.190228530590230775e+02
1.363902470590230678e+02
1.569153490590230717e+02
1.221805610590230771e+02
1.395479550590230247e+02
1.490210790590230658e+02
1.348113930590230609e+02
1.427056630590230668e+02
1.395479550590230815e+02
1.553364950590230649e+02
1.253382690590230624e+02
1.316536850590230756e+02
1.332325390590230541e+02
1.458633710590230521e+02
1.411268090590230599e+02
1.348113930590230609e+02
1.537576410590230864e+02
1.411268090590230884e+02
1.411268090590230884e+02
1.300748310590230403e+02
1.600730570590230570e+02
1.379691010590230462e+02
1.379691010590230746e+02
1.300748310590230403e+02
1.095497290590230648e+02
1.332325390590230825e+02
1.411268090590230599e+02
1.632307650590230708e+02
1.363902470590230678e+02
1.427056630590230668e+02
1.237594150590230555e+02
1.348113930590230609e+02
1.348113930590230893e+02
1.348113930590230893e+02
1.411268090590230599e+02
1.395479550590230815e+02
1.505999330590230727e+02
1.442845170590230737e+02
1.300748310590230687e+02
1.442845170590230737e+02
1.284959770590230619e+02
1.379691010590230746e+02
1.284959770590230619e+02
1.505999330590230443e+02
1.332325390590230541e+02
1.379691010590230746e+02
1.427056630590230952e+02
1.395479550590230247e+02
1.269171230590230692e+02
1.505999330590230727e+02
1.411268090590230599e+02
1.427056630590230384e+02
1.600730570590230570e+02
1.427056630590230668e+02
1.427056630590230668e+02
1.253382690590230624e+02
1.458633710590230805e+02
1.411268090590230599e+02
1.206017070590230560e+02
1.253382690590230766e+02
1.221805610590230771e+02
1.332325390590230541e+02
1.458633710590230805e+02
1.284959770590230903e+02
1.379691010590231031e+02
1.316536850590230756e+02
1.284959770590230619e+02
1.174439990590230707e+02
1.427056630590230952e+02
1.395479550590230815e+02
1.474422250590230874e+02
1.553364950590230933e+02
1.206017070590230560e+02
1.474422250590230590e+02
1.284959770590230619e+02
1.363902470590230678e+02
1.395479550590230815e+02
1.474422250590230874e+02
1.284959770590230619e+02
1.379691010590230462e+02
1.442845170590230737e+02
1.332325390590230541e+02
1.379691010590230462e+02
1.127074370590230785e+02
1.616519110590230923e+02
1.284959770590230619e+02
1.395479550590230531e+02
1.553364950590230933e+02
1.553364950590230933e+02
1.553364950590230364e+02
1.411268090590230599e+02
1.379691010590230746e+02
1.253382690590230624e+02
1.663884730590231129e+02
1.395479550590230815e+02
1.474422250590230874e+02
1.521787870590230796e+02
1.348113930590230893e+02
1.427056630590230384e+02
1.253382690590230624e+02
1.537576410590230580e+02
1.332325390590230541e+02
1.253382690590230766e+02
1.174439990590230707e+02
1.379691010590230462e+02
1.363902470590230678e+02
1.284959770590230619e+02
1.505999330590230727e+02
1.253382690590230766e+02
1.237594150590230555e+02
1.711250350590230482e+02
1.474422250590230590e+02
1.474422250590230590e+02
1.190228530590230775e+02
1.269171230590230550e+02
1.521787870590230796e+02
1.411268090590230599e+02
1.284959770590230619e+02
1.427056630590230952e+02
1.505999330590230443e+02
1.237594150590230697e+02
1.537576410590230580e+02
1.395479550590230815e+02
1.427056630590230668e+02
1.395479550590230815e+02
1.127074370590230785e+02
1.411268090590230884e+02
1.348113930590230609e+02
1.379691010590230746e+02
1.379691010590230746e+02
1.442845170590230168e+02
1.348113930590230609e+02
1.490210790590230658e+02
1.395479550590230531e+02
1.427056630590230384e+02
1.442845170590230737e+02
1.348113930590230609e+02
1.569153490590230717e+02
1.316536850590230756e+02
1.206017070590230702e+02
1.174439990590230565e+02
1.411268090590230315e+02
1.442845170590230737e+02
1.442845170590230737e+02
1.427056630590230952e+02
1.442845170590230737e+02
1.332325390590230541e+02
1.600730570590230855e+02
1.458633710590230521e+02
1.537576410590230864e+02
1.553364950590230649e+02
1.442845170590230737e+02
1.363902470590230678e+02
1.221805610590230771e+02
1.411268090590230599e+02
1.490210790590230658e+02
1.348113930590230609e+02
1.348113930590230325e+02
1.584942030590230502e+02
1.379691010590230462e+02
1.379691010590230462e+02
1.379691010590230462e+02
1.474422250590230874e+02
1.237594150590230555e+02
1.348113930590230893e+02
1.458633710590230521e+02
1.284959770590230619e+02
1.490210790590230658e+02
1.190228530590230633e+02
1.363902470590230678e+02
1.553364950590230933e+02
1.427056630590230668e+02
1.474422250590230874e+02
1.474422250590230590e+02
1.442845170590230737e+02
1.411268090590230599e+02
1.553364950590230364e+02
1.505999330590230727e+02
1.395479550590230531e+02
1.395479550590230815e+02
1.427056630590230668e+02
1.269171230590230692e+02
1.348113930590230893e+02
1.363902470590230678e+02
1.332325390590230541e+02
1.505999330590230727e+02
1.427056630590230952e+02
1.348113930590230325e+02
1.363902470590230394e+02
1.332325390590230541e+02
1.490210790590230658e+02
1.395479550590230815e+02
1.348113930590230325e+02
1.442845170590230737e+02
1.411268090590230884e+02
1.348113930590230893e+02
1.411268090590230599e+02
1.521787870590230511e+02
1.553364950590230364e+02
1.206017070590230560e+02
1.221805610590230486e+02
1.442845170590230737e+02
1.411268090590230884e+02
1.316536850590230756e+02
1.363902470590230678e+02
1.332325390590230541e+02
1.332325390590230541e+02
1.206017070590230560e+02
1.427056630590230952e+02
1.237594150590230697e+02
1.395479550590230531e+02
1.174439990590230565e+02
1.584942030590231070e+02
1.348113930590230609e+02
1.127074370590230643e+02
1.490210790590230658e+02
1.253382690590230482e+02
1.237594150590230413e+02
1.379691010590231031e+02
1.616519110590230923e+02
1.363902470590230678e+02
1.427056630590230952e+02
1.584942030590230502e+02
1.490210790590230658e+02
1.411268090590230599e+02
1.379691010590230462e+02
1.348113930590230609e+02
1.411268090590230599e+02
1.269171230590230550e+02
1.190228530590230491e+02
1.284959770590230619e+02
1.505999330590230727e+02
1.253382690590230766e+02
1.569153490590230717e+02
1.521787870590230511e+02
1.395479550590230815e+02
1.458633710590230521e+02
1.442845170590230737e+02
1.584942030590230502e+02
1.632307650590230708e+02
1.237594150590230555e+02
1.537576410590230580e+02
1.079708750590230721e+02
1.442845170590230737e+02
1.521787870590230511e+02
1.521787870590230796e+02
1.300748310590230403e+02
1.521787870590230227e+02
1.442845170590230737e+02
1.553364950590230649e+02
1.553364950590230649e+02
1.284959770590230619e+02
1.427056630590230668e+02
1.553364950590230364e+02
1.584942030590230502e+02
1.363902470590230678e+02
1.521787870590230796e+02
1.379691010590230746e+02
1.474422250590230590e+02
1.395479550590230815e+02
1.395479550590230815e+02
1.427056630590230668e+02
1.411268090590230884e+02
1.395479550590230247e+02
1.316536850590230756e+02
1.332325390590230541e+02
1.395479550590230247e+02
1.427056630590230952e+02
1.474422250590230590e+02
1.206017070590230702e+02
1.269171230590230550e+02
1.395479550590230815e+02
1.190228530590230491e+02
1.348113930590230609e+02
1.521787870590230511e+02
1.395479550590230815e+02
1.490210790590230658e+02
1.206017070590230702e+02
1.284959770590230619e+02
1.253382690590230766e+02
1.490210790590230658e+02
1.379691010590231031e+02
1.521787870590230796e+02
1.363902470590230678e+02
1.332325390590230541e+02
1.316536850590230472e+02
1.348113930590230609e+02
1.505999330590231011e+02
1.253382690590230482e+02
1.679673270590230914e+02
1.442845170590230452e+02
1.348113930590230609e+02
1.521787870590230796e+02
1.363902470590230678e+02
1.300748310590230403e+02
1.158651450590230638e+02
1.521787870590230796e+02
1.316536850590230756e+02
1.616519110590230639e+02
1.363902470590230678e+02
1.316536850590230756e+02
1.332325390590230541e+02
1.348113930590230609e+02
1.458633710590230805e+02
1.332325390590230541e+02
1.190228530590230775e+02
1.379691010590230746e+02
1.363902470590230678e+02
1.395479550590230815e+02
1.300748310590230403e+02
1.427056630590230952e+02
1.458633710590230805e+02
1.316536850590230472e+02
1.427056630590230952e+02
1.379691010590230462e+02
1.442845170590230737e+02
1.584942030590230502e+02
1.332325390590230825e+02
1.395479550590230531e+02
1.474422250590230874e+02
1.348113930590230893e+02
1.616519110590230639e+02
1.427056630590230668e+02
1.553364950590230364e+02
1.284959770590230619e+02
1.427056630590230384e+02
1.316536850590230756e+02
1.379691010590230462e+02
1.427056630590230952e+02
1.379691010590230746e+02
1.284959770590230619e+02
1.363902470590230678e+02
1.474422250590230874e+02
1.553364950590230933e+02
1.474422250590230874e+02
1.269171230590230834e+02
1.458633710590230805e+02
1.427056630590230952e+02
1.269171230590230550e+02
1.474422250590230874e+02
1.284959770590230619e+02
1.411268090590230599e+02
1.427056630590230668e+02
1.537576410590230580e+02
1.505999330590231011e+02
1.490210790590230658e+02
1.332325390590230541e+02
1.316536850590230756e+02
1.253382690590230766e+02
1.316536850590230756e+02
1.569153490590230717e+02
1.363902470590230678e+02
1.174439990590230707e+02
1.411268090590230884e+02
1.253382690590230766e+02
1.206017070590230560e+02
1.063920210590230653e+02
1.300748310590230403e+02
1.032343130590230658e+02
1.458633710590230521e+02
1.284959770590230619e+02
1.190228530590230775e+02
1.363902470590230678e+02
1.269171230590230692e+02
1.395479550590230815e+02
1.300748310590230687e+02
1.411268090590230599e+02
1.253382690590230482e+02
1.253382690590230482e+02
1.284959770590230619e+02
1.505999330590230443e+02
1.537576410590230580e+02
1.237594150590230555e+02
1.158651450590230496e+02
1.379691010590230462e+02
1.332325390590230541e+02
1.411268090590230884e+02
1.300748310590230687e+02
1.269171230590230692e+02
1.411268090590230599e+02
1.474422250590230590e+02
1.427056630590230952e+02
1.300748310590230687e+02
1.379691010590230462e+02
1.474422250590230874e+02
1.363902470590230678e+02
1.269171230590230550e+02
1.063920210590230653e+02
1.427056630590230952e+02
1.269171230590230834e+02
1.379691010590231031e+02
1.521787870590230796e+02
1.348113930590230893e+02
1.316536850590230472e+02
1.379691010590230462e+02
1.379691010590230746e+02
1.253382690590230624e+02
1.206017070590230702e+02
1.395479550590230815e+02
1.379691010590231031e+02
1.316536850590230756e+02
1.221805610590230486e+02
1.379691010590230746e+02
1.427056630590230668e+02
1.221805610590230771e+02
1.190228530590230633e+02
1.269171230590230692e+02
1.411268090590230884e+02
1.206017070590230702e+02
1.363902470590230678e+02
1.427056630590230952e+02
1.411268090590230599e+02
1.253382690590230766e+02
1.206017070590230560e+02
1.505999330590230443e+02
1.332325390590230541e+02
1.206017070590230560e+02
1.490210790590230658e+02
1.300748310590230687e+02
1.616519110590230639e+02
1.332325390590230825e+02
1.458633710590230521e+02
1.458633710590230521e+02
1.427056630590230952e+02
1.521787870590230796e+02
1.474422250590230874e+02
1.269171230590230834e+02
1.505999330590230443e+02
1.316536850590230756e+02
1.411268090590230599e+02
1.490210790590230658e+02
1.474422250590230874e+02
1.348113930590230609e+02
1.505999330590230443e+02
1.348113930590230325e+02
1.269171230590230692e+02
1.395479550590230815e+02
1.474422250590230874e+02
1.490210790590230658e+02
1.490210790590230658e+02
1.474422250590230874e+02
1.569153490590230717e+02
1.474422250590230874e+02
1.474422250590230874e+02
1.442845170590230737e+02
1.458633710590230805e+02
1.316536850590230756e+02
1.411268090590230599e+02
1.505999330590230443e+02
1.332325390590230825e+02
1.237594150590230839e+02
1.442845170590230737e+02
1.395479550590230815e+02
1.411268090590230884e+02
1.095497290590230648e+02
1.316536850590230756e+02
1.427056630590230668e+02
1.427056630590230668e+02
1.269171230590230550e+02
1.442845170590230737e+02
1.363902470590230678e+02
1.348113930590230893e+02
1.348113930590230893e+02
1.190228530590230633e+02
1.553364950590230649e+02
1.411268090590230599e+02
1.284959770590230619e+02
1.474422250590230874e+02
1.379691010590230462e+02
1.490210790590230658e+02
1.600730570590230855e+02
1.505999330590230727e+02
1.190228530590230633e+02
1.521787870590230796e+02
1.316536850590230756e+02
1.553364950590230933e+02
1.411268090590230599e+02
1.505999330590231011e+02
1.221805610590230629e+02
1.553364950590230364e+02
1.316536850590230756e+02
1.442845170590230737e+02
1.127074370590230643e+02
1.316536850590230472e+02
1.174439990590230565e+02
1.379691010590230462e+02
1.316536850590230756e+02
1.427056630590230952e+02
1.458633710590230805e+02
1.269171230590230550e+02
1.379691010590230462e+02
1.442845170590230737e+02
1.221805610590230486e+02
1.127074370590230643e+02
1.474422250590230590e+02
1.316536850590230756e+02
1.474422250590230590e+02
1.348113930590230893e+02
1.474422250590230874e+02
1.079708750590230579e+02
1.411268090590230599e+02
1.490210790590230658e+02
1.237594150590230697e+02
1.379691010590230746e+02
1.395479550590230815e+02
1.600730570590230286e+02
1.427056630590230668e+02
1.458633710590230805e+02
1.474422250590230874e+02
1.427056630590230952e+02
1.348113930590230609e+02
1.427056630590230668e+02
1.284959770590230619e+02
1.300748310590230403e+02
1.458633710590230521e+02
1.379691010590230462e+02
1.379691010590230746e+02
1.553364950590230933e+02
1.442845170590230737e+02
1.363902470590230678e+02
1.332325390590230825e+02
1.663884730590230845e+02
1.237594150590230555e+02
1.158651450590230638e+02
1.458633710590230521e+02
1.521787870590230511e+02
1.411268090590230599e+02
1.363902470590230678e+02
1.348113930590230325e+02
1.348113930590230609e+02
1.458633710590230521e+02
1.269171230590230692e+02
1.332325390590230541e+02
1.253382690590230482e+02
1.458633710590230521e+02
1.616519110590230639e+02
1.284959770590230619e+02
1.363902470590230394e+02
1.505999330590231011e+02
1.206017070590230702e+02
1.253382690590230624e+02
1.363902470590230678e+02
1.221805610590230771e+02
1.174439990590230707e+02
1.490210790590230658e+02
1.442845170590230737e+02
1.395479550590230531e+02
1.569153490590230717e+02
1.427056630590230952e+02
1.521787870590230511e+02
1.442845170590230737e+02
1.206017070590230702e+02
1.316536850590230756e+02
1.474422250590230590e+02
1.363902470590230678e+02
1.269171230590230834e+02
1.190228530590230775e+02
1.332325390590230825e+02
1.474422250590230874e+02
1.427056630590230668e+02
1.395479550590230247e+02
1.411268090590230884e+02
1.237594150590230697e+02
1.253382690590230908e+02
1.521787870590230796e+02
1.411268090590230599e+02
1.332325390590230541e+02
1.379691010590230462e+02
1.379691010590230746e+02
1.348113930590230609e+02
1.237594150590230555e+02
1.206017070590230560e+02
1.284959770590230619e+02
1.284959770590230619e+02
1.411268090590230599e+02
1.284959770590230619e+02
1.363902470590230678e+02
1.174439990590230707e+02
1.553364950590230649e+02
1.284959770590230619e+02
1.316536850590230756e+02
1.458633710590230521e+02
1.363902470590230678e+02
1.316536850590230756e+02
1.269171230590230550e+02
1.363902470590230678e+02
1.348113930590230325e+02
1.474422250590230306e+02
1.474422250590230874e+02
1.332325390590230541e+02
1.569153490590230717e+02
1.221805610590230629e+02
1.600730570590230855e+02
1.490210790590230374e+02
1.521787870590230796e+02
1.411268090590230599e+02
1.537576410590230864e+02
1.537576410590230580e+02
1.537576410590230580e+02
1.348113930590230893e+02
1.411268090590230884e+02
1.221805610590230771e+02
1.284959770590230619e+02
1.269171230590230550e+02
1.332325390590230541e+02
1.158651450590230638e+02
1.332325390590230541e+02
1.363902470590230678e+02
1.553364950590230933e+02
1.206017070590230702e+02
1.474422250590230874e+02
1.221805610590230629e+02
1.379691010590230746e+02
1.269171230590230550e+02
1.253382690590230482e+02
1.316536850590230756e+02
1.253382690590230482e+02
1.348113930590230609e+02
1.332325390590230541e+02
1.190228530590230775e+02
1.395479550590230531e+02
1.521787870590230511e+02
1.395479550590230531e+02
1.158651450590230638e+02
1.316536850590230756e+02
1.206017070590230702e+02
1.474422250590230874e+02
1.332325390590230825e+02
1.348113930590230609e+02
1.190228530590230633e+02
1.332325390590230825e+02
1.600730570590230855e+02
1.411268090590230599e+02
1.348113930590230893e+02
1.300748310590230687e+02
1.284959770590230619e+02
1.537576410590230580e+02
1.379691010590230746e+02
1.332325390590230541e+02
1.316536850590230472e+02
1.442845170590230737e+02
1.127074370590230643e+02
1.600730570590230570e+02
1.379691010590230462e+02
1.490210790590230658e+02
1.411268090590230599e+02
1.348113930590230893e+02
1.332325390590230541e+02
1.190228530590230775e+02
1.237594150590230555e+02
1.427056630590230384e+02
1.348113930590230893e+02
1.521787870590230796e+02
1.269171230590230692e+02
1.632307650590230992e+02
1.190228530590230633e+02
1.348113930590230893e+02
1.411268090590230599e+02
1.316536850590230756e+02
1.174439990590230707e+02
1.332325390590230825e+02
1.300748310590230403e+02
1.158651450590230638e+02
1.363902470590230678e+02
1.284959770590230619e+02
1.348113930590230609e+02
1.490210790590230658e+02
1.079708750590230721e+02
1.458633710590230805e+02
1.411268090590230599e+02
1.521787870590230796e+02
1.474422250590230874e+02
1.537576410590230580e+02
1.316536850590230756e+02
1.411268090590230599e+02
1.474422250590230874e+02
1.458633710590230521e+02
1.442845170590230737e+02
1.411268090590230599e+02
1.411268090590230884e+02
1.569153490590230717e+02
1.411268090590230599e+02
1.490210790590230943e+02
1.363902470590230678e+02
1.442845170590230737e+02
1.379691010590230462e+02
1.474422250590230590e+02
1.332325390590230541e+02
1.411268090590230884e+02
1.427056630590230668e+02
1.253382690590230624e+02
1.332325390590230541e+02
1.316536850590230756e+02
1.395479550590230815e+02
1.442845170590230737e+02
1.537576410590230864e+02
1.458633710590230805e+02
1.474422250590230874e+02
1.474422250590230874e+02
1.521787870590230796e+02
1.348113930590230893e+02
1.316536850590230756e+02
1.474422250590230874e+02
1.221805610590230771e+02
1.379691010590231031e+02
1.411268090590230884e+02
1.300748310590230687e+02
1.395479550590230815e+02
1.253382690590230766e+02
1.316536850590230756e+02
1.269171230590230834e+02
1.537576410590230864e+02
1.427056630590230952e+02
1.458633710590230521e+02
1.395479550590230815e+02
1.521787870590230796e+02
1.521787870590230796e+02
1.300748310590230687e+02
1.363902470590230678e+02
1.427056630590230668e+02
1.521787870590230511e+02
1.363902470590230678e+02
1.521787870590230511e+02
1.379691010590230746e+02
1.569153490590230717e+02
1.632307650590230423e+02
1.395479550590230531e+02
1.269171230590230550e+02
1.332325390590230825e+02
1.284959770590230619e+02
1.332325390590230825e+02
1.190228530590230633e+02
1.521787870590230796e+02
1.411268090590230884e+02
1.442845170590230737e+02
1.158651450590230496e+02
1.237594150590230555e+02
1.332325390590230825e+02
1.427056630590230668e+02
1.521787870590230796e+02
1.221805610590230629e+02
1.584942030590230502e+02
1.363902470590230678e+02
1.521787870590230796e+02
1.379691010590230746e+02
1.379691010590230462e+02
1.300748310590230403e+02
1.395479550590230815e+02
1.537576410590230580e+02
1.158651450590230638e+02
1.269171230590230692e+02
1.221805610590230629e+02
1.332325390590230541e+02
1.379691010590230462e+02
1.206017070590230560e+02
1.648096190590230776e+02
1.395479550590230815e+02
1.316536850590230756e+02
1.095497290590230506e+02
1.111285830590230717e+02
1.442845170590230737e+02
1.411268090590230599e+02
1.300748310590230403e+02
1.458633710590230805e+02
1.332325390590230541e+02
1.316536850590230756e+02
1.206017070590230560e+02
1.379691010590230746e+02
1.411268090590230884e+02
1.316536850590230756e+02
1.253382690590230624e+02
1.363902470590230678e+02
1.269171230590230550e+02
1.379691010590230462e+02
1.395479550590230531e+02
1.395479550590230815e+02
1.237594150590230697e+02
1.221805610590230629e+02
1.332325390590230541e+02
1.158651450590230638e+02
1.395479550590230531e+02
1.348113930590230609e+02
1.395479550590230815e+02
1.363902470590230678e+02
1.427056630590230952e+02
1.505999330590230443e+02
1.284959770590230619e+02
1.379691010590231031e+02
1.190228530590230633e+02
1.427056630590230668e+02
1.269171230590230692e+02
1.569153490590230717e+02
1.300748310590230972e+02
1.569153490590230717e+02
1.411268090590230599e+02
1.269171230590230550e+02
1.442845170590230737e+02
1.379691010590230462e+02
1.411268090590230599e+02
1.442845170590230737e+02
1.269171230590230692e+02
1.474422250590230874e+02
1.300748310590230403e+02
1.442845170590230737e+02
1.316536850590230472e+02
1.079708750590230579e+02
1.332325390590230541e+02
1.521787870590230796e+02
1.127074370590230785e+02
1.095497290590230790e+02
1.127074370590230501e+02
1.237594150590230697e+02
1.253382690590230482e+02
1.237594150590230555e+02
1.269171230590230550e+02
1.206017070590230702e+02
1.458633710590230521e+02
1.379691010590230746e+02
1.237594150590230555e+02
1.458633710590230521e+02
1.063920210590230653e+02
1.395479550590230815e+02
1.190228530590230633e+02
1.190228530590230491e+02
1.442845170590230737e+02
1.190228530590230633e+02
1.300748310590230687e+02
1.395479550590230815e+02
1.032343130590230658e+02
1.395479550590230815e+02
1.411268090590230315e+02
1.253382690590230624e+02
1.190228530590230633e+02
1.253382690590230766e+02
1.284959770590230619e+02
1.206017070590230560e+02
1.395479550590230815e+02
1.379691010590230462e+02
1.190228530590230633e+02
1.348113930590230893e+02
1.206017070590230702e+02
1.032343130590230658e+02
1.158651450590230496e+02
1.332325390590230541e+02
1.332325390590230825e+02
1.111285830590230717e+02
1.269171230590230550e+02
1.221805610590230629e+02
1.206017070590230702e+02
1.348113930590230893e+02
1.269171230590230692e+02
1.300748310590230687e+02
1.063920210590230795e+02
1.348113930590230609e+02
1.395479550590230815e+02
1.332325390590230541e+02
1.332325390590230541e+02
1.332325390590230541e+02
1.395479550590230815e+02
1.190228530590230633e+02
1.332325390590230541e+02
1.269171230590230550e+02
1.316536850590230756e+02
1.237594150590230697e+02
1.427056630590230668e+02
1.474422250590230874e+02
1.395479550590230815e+02
1.300748310590230403e+02
1.458633710590230521e+02
1.221805610590230629e+02
1.284959770590230619e+02
1.537576410590230864e+02
1.474422250590230306e+02
1.316536850590230756e+02
1.395479550590230815e+02
1.300748310590230403e+02
1.458633710590230805e+02
1.411268090590230599e+02
1.458633710590230521e+02
1.379691010590230746e+02
1.363902470590230678e+02
1.316536850590230756e+02
1.458633710590230805e+02
1.316536850590230472e+02
1.316536850590230472e+02
1.284959770590230619e+02
1.332325390590230825e+02
1.379691010590230462e+02
1.427056630590230668e+02
1.442845170590230737e+02
1.458633710590230521e+02
1.237594150590230555e+02
1.348113930590230609e+02
1.284959770590230619e+02
1.395479550590230815e+02
1.411268090590230599e+02
1.395479550590230531e+02
1.458633710590230521e+02
1.521787870590230511e+02
1.458633710590230805e+02
1.363902470590230678e+02
1.474422250590230590e+02
1.521787870590230796e+02
1.237594150590230555e+02
1.411268090590230599e+02
1.300748310590230403e+02
1.521787870590230796e+02
1.269171230590230692e+02
1.174439990590230565e+02
1.427056630590230668e+02
1.474422250590230590e+02
1.474422250590230874e+02
1.363902470590230678e+02
1.442845170590230737e+02
1.442845170590230737e+02
1.442845170590230737e+02
1.458633710590230521e+02
1.427056630590230668e+02
1.458633710590230521e+02
1.379691010590230746e+02
1.584942030590230786e+02
1.316536850590230472e+02
1.474422250590230306e+02
1.221805610590230771e+02
1.505999330590230443e+02
1.379691010590230462e+02
1.237594150590230555e+02
1.363902470590230678e+02
1.237594150590230697e+02
1.411268090590230884e+02
1.316536850590230756e+02
1.363902470590230678e+02
1.269171230590230550e+02
1.348113930590230609e+02
1.395479550590230531e+02
1.300748310590230403e+02
1.427056630590230952e+02
1.442845170590230737e+02
1.253382690590230766e+02
1.284959770590230619e+02
1.190228530590230491e+02
1.348113930590230609e+02
1.521787870590230796e+02
1.458633710590230521e+02
1.332325390590230541e+02
1.427056630590230952e+02
1.284959770590230619e+02
1.316536850590230756e+02
1.237594150590230697e+02
1.300748310590230403e+02
1.300748310590230687e+02
1.300748310590230687e+02
1.411268090590230599e+02
1.505999330590230443e+02
1.442845170590230452e+02
1.363902470590230678e+02
1.284959770590230619e+02
1.537576410590230580e+02
1.505999330590231011e+02
1.679673270590230629e+02
1.411268090590230599e+02
1.316536850590230756e+02
1.505999330590230727e+02
1.474422250590230874e+02
1.411268090590230599e+02
1.395479550590230531e+02
1.300748310590230403e+02
1.427056630590230668e+02
1.237594150590230697e+02
1.284959770590230619e+02
1.427056630590230668e+02
1.442845170590230737e+02
1.253382690590230482e+02
1.490210790590230658e+02
1.395479550590230815e+02
1.206017070590230702e+02
1.332325390590230541e+02
1.411268090590230599e+02
1.427056630590230952e+02
1.537576410590230864e+02
1.427056630590230952e+02
1.474422250590230874e+02
1.537576410590230580e+02
1.505999330590230727e+02
1.458633710590230521e+02
1.490210790590230658e+02
1.411268090590230599e+02
1.284959770590230619e+02
1.316536850590230756e+02
1.490210790590230658e+02
1.458633710590230521e+02
1.490210790590230658e+02
1.427056630590230668e+02
1.474422250590230306e+02
1.395479550590230531e+02
1.553364950590230364e+02
1.458633710590230521e+02
1.569153490590230717e+02
1.442845170590230737e+02
1.474422250590230874e+02
1.616519110590230639e+02
1.442845170590230452e+02
1.584942030590231070e+02
1.379691010590230746e+02
1.332325390590230541e+02
1.206017070590230560e+02
1.221805610590230629e+02
1.490210790590230943e+02
1.300748310590230687e+02
1.537576410590230580e+02
1.395479550590230815e+02
1.427056630590230668e+02
1.269171230590230692e+02
1.379691010590231031e+02
1.269171230590230692e+02
1.521787870590230796e+02
1.474422250590230590e+02
1.411268090590230599e+02
1.427056630590230384e+02
1.300748310590230403e+02
1.284959770590230619e+02
1.269171230590230550e+02
1.395479550590230815e+02
1.316536850590230756e+02
1.363902470590230678e+02
1.474422250590230874e+02
1.521787870590230511e+02
1.458633710590230805e+02
1.269171230590230692e+02
1.395479550590230815e+02
1.284959770590230619e+02
1.348113930590230609e+02
1.363902470590230678e+02
1.553364950590230649e+02
1.411268090590230599e+02
1.300748310590230687e+02
1.521787870590230511e+02
1.363902470590230678e+02
1.363902470590230678e+02
1.395479550590230815e+02
1.458633710590230805e+02
1.206017070590230702e+02
1.379691010590230462e+02
1.521787870590230796e+02
1.505999330590230727e+02
1.505999330590230727e+02
1.332325390590230541e+02
1.206017070590230702e+02
1.284959770590230619e+02
1.269171230590230550e+02
1.427056630590230384e+02
1.411268090590230599e+02
1.427056630590230668e+02
1.316536850590230756e+02
1.363902470590230394e+02
1.521787870590230796e+02
1.537576410590230580e+02
1.206017070590230560e+02
1.521787870590230511e+02
1.363902470590230678e+02
1.269171230590230692e+02
1.363902470590230678e+02
1.316536850590230756e+02
1.174439990590230565e+02
1.237594150590230555e+02
1.332325390590230541e+02
1.379691010590230462e+02
1.237594150590230555e+02
1.411268090590230599e+02
1.316536850590230756e+02
1.490210790590230658e+02
1.442845170590230737e+02
1.427056630590230668e+02
1.411268090590230599e+02
1.553364950590230649e+02
1.395479550590230815e+02
1.237594150590230697e+02
1.363902470590230678e+02
1.474422250590230590e+02
1.379691010590230462e+02
1.442845170590230737e+02
1.411268090590230599e+02
1.237594150590230555e+02
1.490210790590230658e+02
1.537576410590230580e+02
1.427056630590230668e+02
1.348113930590230609e+02
1.269171230590230550e+02
1.584942030590230502e+02
1.537576410590230580e+02
1.427056630590230952e+02
1.490210790590230374e+02
1.284959770590230619e+02
1.332325390590230825e+02
1.427056630590230952e+02
1.537576410590230864e+02
1.379691010590230462e+02
1.600730570590230570e+02
1.332325390590230541e+02
1.348113930590230893e+02
1.395479550590230815e+02
1.190228530590230491e+02
1.537576410590230580e+02
1.442845170590230737e+02
1.521787870590230511e+02
1.284959770590230619e+02
1.458633710590230521e+02
1.442845170590230737e+02
1.490210790590230658e+02
1.395479550590230815e+02
1.395479550590230531e+02
1.505999330590230727e+02
1.284959770590230619e+02
1.395479550590230815e+02
1.348113930590230325e+02
1.253382690590230766e+02
1.458633710590230521e+02
1.348113930590230893e+02
1.490210790590230658e+02
1.442845170590230737e+02
1.269171230590230692e+02
1.569153490590230433e+02
1.584942030590230502e+02
1.379691010590231031e+02
1.505999330590231011e+02
1.474422250590230874e+02
1.363902470590230678e+02
1.284959770590230619e+02
1.316536850590230756e+02
1.442845170590230737e+02
1.300748310590230403e+02
1.458633710590230521e+02
1.427056630590230952e+02
1.442845170590230737e+02
1.442845170590230737e+02
1.253382690590230766e+02
1.269171230590230550e+02
1.284959770590230619e+02
1.300748310590230687e+02
1.395479550590230815e+02
1.490210790590230658e+02
1.269171230590230550e+02
1.284959770590230619e+02
1.442845170590230737e+02
1.458633710590230805e+02
1.300748310590230972e+02
1.411268090590230599e+02
1.411268090590230599e+02
1.348113930590230609e+02
1.316536850590230756e+02
1.679673270590230629e+02
1.300748310590230403e+02
1.332325390590230541e+02
1.442845170590230737e+02
1.474422250590230874e+02
1.395479550590230531e+02
1.411268090590230599e+02
1.379691010590230746e+02
1.300748310590230687e+02
1.284959770590230619e+02
1.474422250590230874e+02
1.395479550590230815e+02
1.490210790590230658e+02
1.505999330590230727e+02
1.569153490590230717e+02
1.442845170590230737e+02
1.284959770590230619e+02
1.427056630590230668e+02
1.427056630590230668e+02
1.537576410590230580e+02
1.379691010590230746e+02
1.569153490590231002e+02
1.190228530590230491e+02
1.348113930590230325e+02
1.190228530590230633e+02
1.521787870590230796e+02
1.505999330590230443e+02
1.505999330590231011e+02
1.442845170590230737e+02
1.474422250590230874e+02
1.427056630590230952e+02
1.300748310590230687e+02
1.363902470590230678e+02
1.505999330590230443e+02
1.474422250590230590e+02
1.332325390590230541e+02
1.427056630590230668e+02
1.253382690590230482e+02
1.332325390590230541e+02
1.395479550590230815e+02
1.300748310590230687e+02
1.474422250590230874e+02
1.395479550590230815e+02
1.332325390590230825e+02
1.253382690590230766e+02
1.427056630590230952e+02
1.427056630590230952e+02
1.348113930590230609e+02
1.616519110590230923e+02
1.348113930590230893e+02
1.269171230590230692e+02
1.269171230590230692e+02
1.442845170590230737e+02
1.395479550590230815e+02
1.269171230590230692e+02
1.490210790590230658e+02
1.237594150590230839e+02
1.190228530590230775e+02
1.411268090590230599e+02
1.253382690590230482e+02
1.458633710590230521e+02
1.237594150590230839e+02
1.348113930590230609e+02
1.458633710590230805e+02
1.553364950590230364e+02
1.411268090590230599e+02
1.553364950590230649e+02
1.348113930590230893e+02
1.332325390590230541e+02
1.284959770590230903e+02
1.269171230590230834e+02
1.584942030590231070e+02
1.332325390590230541e+02
1.395479550590230815e+02
1.490210790590230658e+02
1.269171230590230692e+02
1.537576410590230580e+02
1.316536850590230756e+02
1.348113930590230609e+02
1.079708750590230579e+02
1.269171230590230834e+02
1.284959770590230619e+02
1.300748310590230687e+02
1.521787870590230796e+02
1.300748310590230403e+02
1.427056630590230952e+02
1.253382690590230482e+02
1.237594150590230555e+02
1.300748310590230687e+02
1.253382690590230482e+02
1.300748310590230403e+02
1.427056630590230384e+02
1.427056630590230668e+02
1.111285830590230574e+02
1.458633710590230521e+02
1.142862910590230712e+02
1.458633710590230521e+02
1.379691010590230746e+02
1.206017070590230560e+02
1.284959770590230619e+02
1.284959770590230619e+02
1.379691010590230462e+02
1.316536850590230756e+02
1.411268090590230599e+02
1.553364950590230364e+02
1.474422250590230590e+02
1.379691010590230746e+02
1.363902470590230678e+02
1.253382690590230766e+02
1.442845170590230737e+02
1.490210790590230658e+02
1.142862910590230712e+02
1.474422250590230874e+02
1.284959770590230619e+02
1.600730570590230570e+02
1.284959770590230619e+02
1.284959770590230619e+02
1.505999330590230727e+02
1.363902470590230394e+02
1.442845170590230737e+02
1.458633710590230805e+02
1.174439990590230565e+02
1.253382690590230624e+02
1.316536850590230756e+02
1.363902470590230394e+02
1.269171230590230550e+02
1.537576410590230864e+02
1.379691010590230746e+02
1.474422250590230874e+02
1.616519110590230639e+02
1.269171230590230692e+02
1.379691010590231031e+02
1.584942030590230502e+02
1.427056630590230668e+02
1.458633710590230805e+02
1.269171230590230692e+02
1.253382690590230482e+02
1.395479550590230815e+02
1.348113930590230325e+02
1.174439990590230707e+02
1.474422250590230874e+02
1.253382690590230624e+02
1.284959770590230619e+02
1.079708750590230579e+02
1.142862910590230712e+02
1.395479550590230531e+02
1.237594150590230697e+02
1.363902470590230678e+02
1.190228530590230633e+02
1.379691010590230746e+02
1.063920210590230653e+02
1.411268090590230599e+02
1.427056630590230668e+02
1.206017070590230702e+02
1.505999330590230727e+02
1.269171230590230550e+02
1.284959770590230903e+02
1.458633710590230521e+02
1.284959770590230619e+02
1.363902470590230678e+02
1.316536850590230472e+02
1.269171230590230692e+02
1.442845170590230737e+02
1.411268090590230599e+02
1.458633710590230521e+02
1.269171230590230550e+02
1.284959770590230619e+02
1.237594150590230697e+02
1.316536850590230756e+02
1.095497290590230506e+02
1.363902470590230678e+02
1.316536850590230756e+02
1.316536850590230756e+02
8.586691905902308974e+01
1.521787870590230511e+02
1.316536850590230472e+02
1.537576410590230864e+02
1.427056630590230384e+02
1.411268090590230599e+02
1.427056630590230668e+02
1.237594150590230555e+02
1.174439990590230707e+02
1.079708750590230579e+02
1.348113930590230325e+02
1.269171230590230550e+02
1.316536850590230472e+02
1.442845170590230737e+02
1.427056630590230668e+02
1.300748310590230687e+02
1.505999330590230443e+02
1.269171230590230692e+02
1.206017070590230560e+02
1.427056630590230668e+02
1.300748310590230687e+02
1.190228530590230491e+02
1.410888428662959200e+02
-1.446837311337041001e+02
7.951353686629587969e+01
1.126694708662958675e+02
7.793468286629587283e+01
4.477874886629587792e+01
4.004218686629587864e+01
3.846333286629587178e+01
4.004218686629587154e+01
4.793645686629587743e+01
4.951531086629587719e+01
6.688270486629588163e+01
5.425187286629588357e+01
4.951531086629589140e+01
7.004041286629588114e+01
4.793645686629589164e+01
7.161926686629588801e+01
6.530385086629587477e+01
8.109239086629588655e+01
1.016174928662958763e+02
7.477697486629588752e+01
9.056551486629588510e+01
8.425009886629587186e+01
1.253003028662958798e+02
8.582895286629586451e+01
9.214436886629587775e+01
9.056551486629588510e+01
9.372322286629587040e+01
8.109239086629588655e+01
1.031963468662958547e+02
1.016174928662958621e+02
7.793468286629587283e+01
1.095117628662958680e+02
9.214436886629586354e+01
1.016174928662958763e+02
8.109239086629587234e+01
9.688093086629586992e+01
1.000386388662958694e+02
1.047752008662958616e+02
1.016174928662958763e+02
9.845978486629587678e+01
1.031963468662958689e+02
9.845978486629587678e+01
1.047752008662958758e+02
1.142483248662958601e+02
8.898666086629587824e+01
9.845978486629587678e+01
8.267124486629586499e+01
1.047752008662958616e+02
1.063540548662958685e+02
1.047752008662958758e+02
1.047752008662958758e+02
1.047752008662958758e+02
1.268791568662958724e+02
1.079329088662958753e+02
1.142483248662958744e+02
1.174060328662958597e+02
1.047752008662958616e+02
1.079329088662958753e+02
1.079329088662958895e+02
1.158271788662958812e+02
1.110906168662958606e+02
1.000386388662958694e+02
1.016174928662958763e+02
1.047752008662958758e+02
9.688093086629585571e+01
1.095117628662958680e+02
1.000386388662958552e+02
9.530207686629586306e+01
1.079329088662958611e+02
9.688093086629585571e+01
1.047752008662958758e+02
1.000386388662958836e+02
1.205637408662958592e+02
1.158271788662958670e+02
9.056551486629587089e+01
1.142483248662958744e+02
1.110906168662958748e+02
1.047752008662958616e+02
1.047752008662958616e+02
1.000386388662958836e+02
1.031963468662958832e+02
9.372322286629587040e+01
1.189848868662958807e+02
9.845978486629587678e+01
1.363522808662958994e+02
9.845978486629587678e+01
1.031963468662958832e+02
9.372322286629587040e+01
1.221425948662958660e+02
1.063540548662958685e+02
1.268791568662958582e+02
1.158271788662958528e+02
1.110906168662958748e+02
8.425009886629587186e+01
1.031963468662958832e+02
1.000386388662958552e+02
1.000386388662958694e+02
1.016174928662958763e+02
1.079329088662958611e+02
8.109239086629587234e+01
1.221425948662958803e+02
9.214436886629586354e+01
1.095117628662958680e+02
1.016174928662958763e+02
1.079329088662958753e+02
1.110906168662958606e+02
1.095117628662958680e+02
1.110906168662958748e+02
1.205637408662958592e+02
1.158271788662958670e+02
1.000386388662958694e+02
9.372322286629587040e+01
1.031963468662958689e+02
1.016174928662958763e+02
1.000386388662958836e+02
1.000386388662958836e+02
1.016174928662958763e+02
1.189848868662958523e+02
1.189848868662958665e+02
1.063540548662958827e+02
1.142483248662958601e+02
8.740780686629588558e+01
1.174060328662958739e+02
1.110906168662958748e+02
1.205637408662958734e+02
1.079329088662958611e+02
1.110906168662958748e+02
8.740780686629587137e+01
1.031963468662958689e+02
9.214436886629586354e+01
1.300368648662958435e+02
9.845978486629587678e+01
1.063540548662958685e+02
1.016174928662958763e+02
8.898666086629587824e+01
1.000386388662958694e+02
1.016174928662958621e+02
1.063540548662958685e+02
1.221425948662958660e+02
1.126694708662958533e+02
1.000386388662958694e+02
1.095117628662958680e+02
1.253003028662958656e+02
9.056551486629587089e+01
1.110906168662958748e+02
1.142483248662958601e+02
1.079329088662958611e+02
1.016174928662958621e+02
1.063540548662958543e+02
9.372322286629588461e+01
1.174060328662958739e+02
1.063540548662958827e+02
8.740780686629588558e+01
1.110906168662958606e+02
1.047752008662958758e+02
1.016174928662958763e+02
9.056551486629588510e+01
1.110906168662958606e+02
1.047752008662958758e+02
1.126694708662958675e+02
1.221425948662958660e+02
1.205637408662958592e+02
1.205637408662958734e+02
1.142483248662958744e+02
1.016174928662958621e+02
1.110906168662958606e+02
1.237214488662958729e+02
1.000386388662958836e+02
1.047752008662958758e+02
1.126694708662958533e+02
1.268791568662958724e+02
1.079329088662958753e+02
1.047752008662958758e+02
1.158271788662958528e+02
1.158271788662958812e+02
1.174060328662958739e+02
1.016174928662958763e+02
1.095117628662958680e+02
1.063540548662958685e+02
1.268791568662958866e+02
1.253003028662958513e+02
1.189848868662958523e+02
1.110906168662958748e+02
1.158271788662958670e+02
1.031963468662958689e+02
1.174060328662958881e+02
1.158271788662958670e+02
1.158271788662958670e+02
1.410888428662958631e+02
1.126694708662958817e+02
1.363522808662958710e+02
1.142483248662958601e+02
9.530207686629589148e+01
1.189848868662958523e+02
1.063540548662958827e+02
1.142483248662958601e+02
1.142483248662958601e+02
1.205637408662958734e+02
9.688093086629588413e+01
1.000386388662958694e+02
1.031963468662958547e+02
1.095117628662958680e+02
1.047752008662958758e+02
9.845978486629587678e+01
1.205637408662958734e+02
1.095117628662958680e+02
9.845978486629586257e+01
1.079329088662958611e+02
1.095117628662958680e+02
1.063540548662958827e+02
1.031963468662958689e+02
1.189848868662958949e+02
9.845978486629587678e+01
1.237214488662958729e+02
1.079329088662958611e+02
1.016174928662958763e+02
9.688093086629586992e+01
9.372322286629587040e+01
9.214436886629587775e+01
1.110906168662958606e+02
1.016174928662958763e+02
9.530207686629587727e+01
1.016174928662958763e+02
9.530207686629587727e+01
1.221425948662958660e+02
9.845978486629587678e+01
1.126694708662958533e+02
1.047752008662958616e+02
8.898666086629586403e+01
1.000386388662958836e+02
1.158271788662958670e+02
1.095117628662958822e+02
1.016174928662958763e+02
1.000386388662958694e+02
1.174060328662958597e+02
1.095117628662958822e+02
1.158271788662958670e+02
1.158271788662958670e+02
1.268791568662958724e+02
1.000386388662958836e+02
9.688093086629588413e+01
1.142483248662958744e+02
1.031963468662958689e+02
9.845978486629586257e+01
8.582895286629587872e+01
1.221425948662958660e+02
9.214436886629586354e+01
1.047752008662958758e+02
1.000386388662958694e+02
1.221425948662958660e+02
1.221425948662958660e+02
1.031963468662958832e+02
1.047752008662958616e+02
1.079329088662958753e+02
1.237214488662958729e+02
1.063540548662958685e+02
1.031963468662958689e+02
1.047752008662958616e+02
9.214436886629587775e+01
1.047752008662958758e+02
1.095117628662958822e+02
8.898666086629586403e+01
9.530207686629586306e+01
1.158271788662958670e+02
1.016174928662958905e+02
1.031963468662958547e+02
1.063540548662958827e+02
9.372322286629588461e+01
1.142483248662958744e+02
9.372322286629587040e+01
1.126694708662958817e+02
1.095117628662958680e+02
1.047752008662958758e+02
1.142483248662958744e+02
1.205637408662958592e+02
1.189848868662958807e+02
1.284580108662958366e+02
1.316157188662958788e+02
1.174060328662958739e+02
1.205637408662958592e+02
1.126694708662958533e+02
1.237214488662958587e+02
1.031963468662958689e+02
1.189848868662958807e+02
1.126694708662958817e+02
1.142483248662958601e+02
1.126694708662958675e+02
9.688093086629586992e+01
1.095117628662958538e+02
1.237214488662958729e+02
1.000386388662958836e+02
1.126694708662958533e+02
1.031963468662958832e+02
1.047752008662958758e+02
1.142483248662958601e+02
1.095117628662958680e+02
1.047752008662958758e+02
1.221425948662958945e+02
1.237214488662958587e+02
1.237214488662958587e+02
1.205637408662958592e+02
9.845978486629587678e+01
1.174060328662958881e+02
1.047752008662958616e+02
1.158271788662958670e+02
1.221425948662958518e+02
9.530207686629586306e+01
1.142483248662958601e+02
1.063540548662958685e+02
1.158271788662958528e+02
1.174060328662958597e+02
1.268791568662958582e+02
1.126694708662958675e+02
9.845978486629587678e+01
1.158271788662958812e+02
9.056551486629587089e+01
1.253003028662958513e+02
8.109239086629585813e+01
1.110906168662958748e+02
1.174060328662958739e+02
9.056551486629588510e+01
1.395099888662958563e+02
1.031963468662958832e+02
1.426676968662958416e+02
1.016174928662958763e+02
1.174060328662958739e+02
1.079329088662958753e+02
1.205637408662958592e+02
1.063540548662958685e+02
1.063540548662958685e+02
1.205637408662958734e+02
1.031963468662958689e+02
1.205637408662958734e+02
1.142483248662958744e+02
1.110906168662958606e+02
1.205637408662958592e+02
9.372322286629585619e+01
1.316157188662958788e+02
9.530207686629587727e+01
1.000386388662958552e+02
8.267124486629586499e+01
9.845978486629587678e+01
9.056551486629587089e+01
8.267124486629586499e+01
8.740780686629587137e+01
1.095117628662958822e+02
1.174060328662958739e+02
1.047752008662958616e+02
1.047752008662958758e+02
1.126694708662958533e+02
1.016174928662958763e+02
9.530207686629586306e+01
1.031963468662958689e+02
1.126694708662958817e+02
1.110906168662958748e+02
1.237214488662958729e+02
9.372322286629587040e+01
1.047752008662958758e+02
1.079329088662958611e+02
9.845978486629587678e+01
1.205637408662958592e+02
9.845978486629586257e+01
1.047752008662958758e+02
1.000386388662958694e+02
1.063540548662958827e+02
9.056551486629588510e+01
1.174060328662958597e+02
1.063540548662958685e+02
1.031963468662958832e+02
1.000386388662958694e+02
9.688093086629586992e+01
1.110906168662958748e+02
1.016174928662958621e+02
9.845978486629586257e+01
1.189848868662958807e+02
1.126694708662958675e+02
1.110906168662958606e+02
9.372322286629587040e+01
1.031963468662958689e+02
1.158271788662958670e+02
8.425009886629587186e+01
1.158271788662958812e+02
1.142483248662958601e+02
1.079329088662958753e+02
9.372322286629587040e+01
1.031963468662958689e+02
1.095117628662958680e+02
1.063540548662958685e+02
9.056551486629587089e+01
1.158271788662958812e+02
1.016174928662958621e+02
1.189848868662958523e+02
1.126694708662958817e+02
1.221425948662958660e+02
9.372322286629587040e+01
1.000386388662958694e+02
1.063540548662958543e+02
1.031963468662958689e+02
1.268791568662958724e+02
1.158271788662958812e+02
1.047752008662958616e+02
1.110906168662958748e+02
1.174060328662958597e+02
1.363522808662958710e+02
1.174060328662958597e+02
1.031963468662958689e+02
1.237214488662958587e+02
1.284580108662958935e+02
1.047752008662958758e+02
1.016174928662958621e+02
1.253003028662958513e+02
1.379311348662958494e+02
1.237214488662958587e+02
1.189848868662958807e+02
1.047752008662958758e+02
1.079329088662958753e+02
1.205637408662958592e+02
1.316157188662958504e+02
1.142483248662958601e+02
1.063540548662958685e+02
1.174060328662958739e+02
1.000386388662958836e+02
1.363522808662958710e+02
1.063540548662958827e+02
1.126694708662958533e+02
1.142483248662958744e+02
1.126694708662958675e+02
1.237214488662958729e+02
1.284580108662958651e+02
1.095117628662958680e+02
9.845978486629586257e+01
8.267124486629586499e+01
1.268791568662958582e+02
1.016174928662958621e+02
1.047752008662958616e+02
1.047752008662958758e+02
1.079329088662958753e+02
1.063540548662958827e+02
1.095117628662958680e+02
8.425009886629587186e+01
1.000386388662958694e+02
1.031963468662958689e+02
1.268791568662958866e+02
1.079329088662958611e+02
1.079329088662958611e+02
1.284580108662958651e+02
1.079329088662958753e+02
9.214436886629587775e+01
9.372322286629588461e+01
1.079329088662958753e+02
1.284580108662958651e+02
1.079329088662958611e+02
1.205637408662958734e+02
1.205637408662958450e+02
1.126694708662958533e+02
1.237214488662958729e+02
1.205637408662958592e+02
1.158271788662958812e+02
1.253003028662958656e+02
1.063540548662958685e+02
1.363522808662958710e+02
1.126694708662958533e+02
9.214436886629587775e+01
1.237214488662958587e+02
1.047752008662958616e+02
1.000386388662958836e+02
1.079329088662958753e+02
1.126694708662958817e+02
1.189848868662958807e+02
9.845978486629587678e+01
1.063540548662958685e+02
1.142483248662958744e+02
1.095117628662958538e+02
1.142483248662958601e+02
1.253003028662958656e+02
9.530207686629589148e+01
1.142483248662958601e+02
1.063540548662958543e+02
8.898666086629587824e+01
1.110906168662958748e+02
1.016174928662958763e+02
1.142483248662958744e+02
1.079329088662958611e+02
1.095117628662958680e+02
1.016174928662958621e+02
1.095117628662958822e+02
9.845978486629587678e+01
9.845978486629587678e+01
1.142483248662958601e+02
9.372322286629587040e+01
1.000386388662958694e+02
1.142483248662958601e+02
1.000386388662958694e+02
9.530207686629587727e+01
1.031963468662958689e+02
1.063540548662958543e+02
9.372322286629587040e+01
1.031963468662958832e+02
9.845978486629586257e+01
1.142483248662958744e+02
1.079329088662958753e+02
1.110906168662958748e+02
9.214436886629587775e+01
9.688093086629586992e+01
9.056551486629588510e+01
1.268791568662958724e+02
9.530207686629586306e+01
7.793468286629587283e+01
1.158271788662958670e+02
1.063540548662958685e+02
1.063540548662958827e+02
1.031963468662958547e+02
1.031963468662958689e+02
1.158271788662958528e+02
1.047752008662958616e+02
1.126694708662958817e+02
1.126694708662958675e+02
9.530207686629587727e+01
9.530207686629586306e+01
1.000386388662958694e+02
1.031963468662958689e+02
9.372322286629587040e+01
9.845978486629586257e+01
8.582895286629587872e+01
8.267124486629586499e+01
1.316157188662958504e+02
1.000386388662958694e+02
8.740780686629585716e+01
9.372322286629587040e+01
1.000386388662958694e+02
1.000386388662958694e+02
1.095117628662958680e+02
9.214436886629586354e+01
9.530207686629587727e+01
8.267124486629586499e+01
1.016174928662958763e+02
1.063540548662958827e+02
1.142483248662958744e+02
9.845978486629587678e+01
9.056551486629587089e+01
1.158271788662958528e+02
1.095117628662958822e+02
1.031963468662958689e+02
1.063540548662958685e+02
1.000386388662958552e+02
9.845978486629586257e+01
1.000386388662958836e+02
9.845978486629587678e+01
1.110906168662958606e+02
8.425009886629588607e+01
1.221425948662958803e+02
9.688093086629586992e+01
1.158271788662958670e+02
1.063540548662958827e+02
9.372322286629587040e+01
9.372322286629585619e+01
1.142483248662958744e+02
1.110906168662958606e+02
1.142483248662958744e+02
1.016174928662958621e+02
1.031963468662958689e+02
9.214436886629587775e+01
1.095117628662958680e+02
1.016174928662958763e+02
1.095117628662958822e+02
8.582895286629587872e+01
1.205637408662958592e+02
1.158271788662958670e+02
1.095117628662958538e+02
1.095117628662958822e+02
1.142483248662958601e+02
9.688093086629586992e+01
1.031963468662958689e+02
1.047752008662958758e+02
1.284580108662958651e+02
1.126694708662958675e+02
1.221425948662958803e+02
1.063540548662958827e+02
1.063540548662958685e+02
9.688093086629586992e+01
9.056551486629588510e+01
1.095117628662958680e+02
1.189848868662958807e+02
1.095117628662958822e+02
9.056551486629587089e+01
1.126694708662958675e+02
9.845978486629584836e+01
1.126694708662958675e+02
1.016174928662958905e+02
1.000386388662958694e+02
1.110906168662958748e+02
1.110906168662958748e+02
1.205637408662958592e+02
1.142483248662958601e+02
9.688093086629586992e+01
1.221425948662958518e+02
1.079329088662958611e+02
1.189848868662958665e+02
1.221425948662958660e+02
1.189848868662958665e+02
1.158271788662958812e+02
1.363522808662958425e+02
1.126694708662958817e+02
1.126694708662958675e+02
1.268791568662958582e+02
1.221425948662958660e+02
1.189848868662958523e+02
1.095117628662958538e+02
1.253003028662958798e+02
9.688093086629586992e+01
1.079329088662958753e+02
1.016174928662958621e+02
1.142483248662958601e+02
1.126694708662958533e+02
1.142483248662958744e+02
1.363522808662958710e+02
1.189848868662958523e+02
9.688093086629588413e+01
1.158271788662958812e+02
1.095117628662958822e+02
1.284580108662958935e+02
1.205637408662958592e+02
9.845978486629587678e+01
1.237214488662958587e+02
1.000386388662958836e+02
1.016174928662958621e+02
9.530207686629587727e+01
9.688093086629586992e+01
1.063540548662958685e+02
1.205637408662958734e+02
9.214436886629587775e+01
1.079329088662958611e+02
1.095117628662958680e+02
1.047752008662958616e+02
1.142483248662958744e+02
1.079329088662958753e+02
1.047752008662958758e+02
8.582895286629587872e+01
1.174060328662958597e+02
9.214436886629587775e+01
1.189848868662958665e+02
1.110906168662958748e+02
8.267124486629586499e+01
1.079329088662958611e+02
9.056551486629587089e+01
9.214436886629586354e+01
1.031963468662958832e+02
9.214436886629587775e+01
1.063540548662958827e+02
1.268791568662958724e+02
1.110906168662958606e+02
9.845978486629587678e+01
1.142483248662958744e+02
1.189848868662958807e+02
1.095117628662958822e+02
1.031963468662958547e+02
1.031963468662958689e+02
1.158271788662958812e+02
1.221425948662958660e+02
1.110906168662958606e+02
1.000386388662958694e+02
1.268791568662958724e+02
9.688093086629588413e+01
9.056551486629587089e+01
1.079329088662958753e+02
1.016174928662958621e+02
1.205637408662958734e+02
1.063540548662958827e+02
1.284580108662958935e+02
1.110906168662958606e+02
1.031963468662958689e+02
1.047752008662958616e+02
1.110906168662958748e+02
1.095117628662958538e+02
1.110906168662958748e+02
1.126694708662958675e+02
1.221425948662958660e+02
1.158271788662958670e+02
1.174060328662958597e+02
1.221425948662958803e+02
1.016174928662958763e+02
1.031963468662958832e+02
1.142483248662958601e+02
1.031963468662958689e+02
1.016174928662958763e+02
9.372322286629587040e+01
1.110906168662958748e+02
9.056551486629585668e+01
9.845978486629587678e+01
1.174060328662958739e+02
9.688093086629586992e+01
1.284580108662958935e+02
9.530207686629587727e+01
1.284580108662958651e+02
9.372322286629585619e+01
1.063540548662958543e+02
1.221425948662958660e+02
1.000386388662958694e+02
1.142483248662958601e+02
9.372322286629587040e+01
1.174060328662958597e+02
1.331945728662958572e+02
1.110906168662958748e+02
1.189848868662958665e+02
9.372322286629588461e+01
1.126694708662958675e+02
1.158271788662958528e+02
1.268791568662958582e+02
9.530207686629586306e+01
1.095117628662958680e+02
1.000386388662958694e+02
1.079329088662958611e+02
1.110906168662958606e+02
1.095117628662958680e+02
1.095117628662958680e+02
7.477697486629588752e+01
1.284580108662958651e+02
1.016174928662958621e+02
1.047752008662958616e+02
1.063540548662958685e+02
1.221425948662958518e+02
1.110906168662958748e+02
9.688093086629588413e+01
1.063540548662958685e+02
1.000386388662958836e+02
1.031963468662958832e+02
1.000386388662958552e+02
1.158271788662958528e+02
1.237214488662958729e+02
9.845978486629587678e+01
1.095117628662958538e+02
1.189848868662958523e+02
9.688093086629586992e+01
8.898666086629587824e+01
8.425009886629587186e+01
9.214436886629586354e+01
1.110906168662958606e+02
1.221425948662958803e+02
1.016174928662958763e+02
1.063540548662958827e+02
1.110906168662958748e+02
1.047752008662958758e+02
1.142483248662958744e+02
1.047752008662958616e+02
1.300368648662958435e+02
1.063540548662958685e+02
1.331945728662958572e+02
1.047752008662958616e+02
1.142483248662958744e+02
1.079329088662958753e+02
1.316157188662958788e+02
1.142483248662958744e+02
9.372322286629588461e+01
9.214436886629586354e+01
1.142483248662958601e+02
1.079329088662958753e+02
1.221425948662958660e+02
9.845978486629586257e+01
9.845978486629587678e+01
8.425009886629587186e+01
1.316157188662958788e+02
8.740780686629587137e+01
1.110906168662958748e+02
1.158271788662958812e+02
1.079329088662958753e+02
8.740780686629588558e+01
9.214436886629587775e+01
1.047752008662958758e+02
9.056551486629587089e+01
9.530207686629587727e+01
7.004041286629588114e+01
1.126694708662958675e+02
1.016174928662958621e+02
1.047752008662958758e+02
1.174060328662958597e+02
9.056551486629585668e+01
1.253003028662958513e+02
9.056551486629587089e+01
9.372322286629587040e+01
1.031963468662958689e+02
1.142483248662958601e+02
1.126694708662958533e+02
1.126694708662958533e+02
1.189848868662958665e+02
1.174060328662958739e+02
1.079329088662958611e+02
1.189848868662958665e+02
1.205637408662958592e+02
9.845978486629586257e+01
9.056551486629585668e+01
1.063540548662958685e+02
1.079329088662958611e+02
1.000386388662958694e+02
1.031963468662958689e+02
1.047752008662958616e+02
1.063540548662958685e+02
1.000386388662958694e+02
1.063540548662958827e+02
1.253003028662958656e+02
1.063540548662958685e+02
1.126694708662958675e+02
1.268791568662958724e+02
1.158271788662958670e+02
1.016174928662958621e+02
1.063540548662958827e+02
9.214436886629584933e+01
1.016174928662958763e+02
1.079329088662958753e+02
1.016174928662958905e+02
1.016174928662958621e+02
1.174060328662958597e+02
1.047752008662958758e+02
9.845978486629587678e+01
1.126694708662958533e+02
1.174060328662958739e+02
1.063540548662958827e+02
1.221425948662958518e+02
1.079329088662958611e+02
1.095117628662958680e+02
1.063540548662958827e+02
1.095117628662958680e+02
9.688093086629586992e+01
1.237214488662958729e+02
9.688093086629588413e+01
1.016174928662958763e+02
1.031963468662958689e+02
1.079329088662958611e+02
1.110906168662958606e+02
9.372322286629585619e+01
1.016174928662958621e+02
9.530207686629587727e+01
1.221425948662958660e+02
1.268791568662958724e+02
9.372322286629587040e+01
1.126694708662958675e+02
1.095117628662958538e+02
1.016174928662958763e+02
1.253003028662958513e+02
1.079329088662958611e+02
1.110906168662958748e+02
1.205637408662958734e+02
1.079329088662958611e+02
1.063540548662958827e+02
8.740780686629588558e+01
1.110906168662958606e+02
1.110906168662958748e+02
7.477697486629587331e+01
1.189848868662958665e+02
8.898666086629587824e+01
1.142483248662958601e+02
9.214436886629587775e+01
1.126694708662958533e+02
1.047752008662958758e+02
1.079329088662958753e+02
1.079329088662958611e+02
1.063540548662958685e+02
1.110906168662958606e+02
9.372322286629587040e+01
9.372322286629587040e+01
1.158271788662958528e+02
9.688093086629586992e+01
1.158271788662958528e+02
9.214436886629587775e+01
1.158271788662958670e+02
1.126694708662958675e+02
1.363522808662958710e+02
1.047752008662958758e+02
1.126694708662958533e+02
1.000386388662958552e+02
1.126694708662958675e+02
1.158271788662958528e+02
1.142483248662958601e+02
9.845978486629587678e+01
1.016174928662958621e+02
1.031963468662958832e+02
1.110906168662958748e+02
1.142483248662958601e+02
1.379311348662958778e+02
9.214436886629587775e+01
1.047752008662958616e+02
1.016174928662958763e+02
1.110906168662958606e+02
1.063540548662958685e+02
1.205637408662958592e+02
1.000386388662958694e+02
1.031963468662958832e+02
1.189848868662958665e+02
1.095117628662958680e+02
1.316157188662958788e+02
1.142483248662958601e+02
9.688093086629586992e+01
1.016174928662958763e+02
1.095117628662958680e+02
1.047752008662958758e+02
1.047752008662958616e+02
9.214436886629587775e+01
1.158271788662958670e+02
1.016174928662958621e+02
1.221425948662958660e+02
1.031963468662958689e+02
1.063540548662958685e+02
1.189848868662958665e+02
1.253003028662958656e+02
1.063540548662958685e+02
1.158271788662958670e+02
1.284580108662958651e+02
1.268791568662958440e+02
1.047752008662958758e+02
1.095117628662958680e+02
1.174060328662958597e+02
1.158271788662958812e+02
1.126694708662958533e+02
1.031963468662958832e+02
1.268791568662958724e+02
1.063540548662958827e+02
1.000386388662958694e+02
1.047752008662958758e+02
1.126694708662958675e+02
1.205637408662958734e+02
1.331945728662958572e+02
1.079329088662958611e+02
1.047752008662958758e+02
1.095117628662958680e+02
1.347734268662958925e+02
1.095117628662958538e+02
1.110906168662958606e+02
1.079329088662958611e+02
1.142483248662958601e+02
1.016174928662958621e+02
9.372322286629588461e+01
1.079329088662958753e+02
1.316157188662958788e+02
1.158271788662958670e+02
1.158271788662958812e+02
1.268791568662958724e+02
1.205637408662958734e+02
1.063540548662958685e+02
1.158271788662958670e+02
1.253003028662958798e+02
1.284580108662958651e+02
9.372322286629585619e+01
1.237214488662958729e+02
9.688093086629586992e+01
1.079329088662958611e+02
1.442465508662958769e+02
1.095117628662958680e+02
1.205637408662958592e+02
1.095117628662958680e+02
1.174060328662958739e+02
1.158271788662958812e+02
1.000386388662958552e+02
1.031963468662958547e+02
1.237214488662958729e+02
9.372322286629588461e+01
1.110906168662958748e+02
1.079329088662958611e+02
1.174060328662958739e+02
1.063540548662958685e+02
1.079329088662958753e+02
1.221425948662958518e+02
1.110906168662958748e+02
1.174060328662958739e+02
1.158271788662958670e+02
9.688093086629586992e+01
1.079329088662958753e+02
1.047752008662958758e+02
1.079329088662958753e+02
1.253003028662958513e+02
1.237214488662958587e+02
8.425009886629587186e+01
1.095117628662958680e+02
1.126694708662958533e+02
9.056551486629588510e+01
1.158271788662958670e+02
1.142483248662958744e+02
1.079329088662958753e+02
1.126694708662958675e+02
1.047752008662958758e+02
1.142483248662958744e+02
9.214436886629586354e+01
8.582895286629587872e+01
1.237214488662958587e+02
1.095117628662958680e+02
1.174060328662958739e+02
9.845978486629587678e+01
1.079329088662958753e+02
1.205637408662958734e+02
1.063540548662958685e+02
1.284580108662958651e+02
1.079329088662958753e+02
1.000386388662958836e+02
1.316157188662958788e+02
9.688093086629586992e+01
9.056551486629588510e+01
1.047752008662958616e+02
1.205637408662958592e+02
9.845978486629587678e+01
1.300368648662958719e+02
1.126694708662958675e+02
9.688093086629586992e+01
1.158271788662958812e+02
8.740780686629587137e+01
1.063540548662958827e+02
1.110906168662958606e+02
9.845978486629587678e+01
1.016174928662958763e+02
1.031963468662958689e+02
1.000386388662958694e+02
9.530207686629587727e+01
1.031963468662958689e+02
9.845978486629587678e+01
1.079329088662958753e+02
9.530207686629586306e+01
1.331945728662958572e+02
1.253003028662958513e+02
1.174060328662958739e+02
1.284580108662958651e+02
1.331945728662958857e+02
9.845978486629587678e+01
1.016174928662958621e+02
1.142483248662958601e+02
1.016174928662958905e+02
1.031963468662958547e+02
1.221425948662958660e+02
8.425009886629587186e+01
1.079329088662958895e+02
1.221425948662958803e+02
1.079329088662958753e+02
1.095117628662958538e+02
1.079329088662958753e+02
1.031963468662958689e+02
1.142483248662958744e+02
1.031963468662958689e+02
1.016174928662958621e+02
1.079329088662958753e+02
1.000386388662958694e+02
1.079329088662958753e+02
1.079329088662958753e+02
1.126694708662958675e+02
1.095117628662958680e+02
1.031963468662958832e+02
1.205637408662958734e+02
1.000386388662958836e+02
1.000386388662958694e+02
1.142483248662958601e+02
1.253003028662958513e+02
1.205637408662958734e+02
1.063540548662958543e+02
1.158271788662958528e+02
1.000386388662958694e+02
9.845978486629586257e+01
1.000386388662958694e+02
1.126694708662958675e+02
1.063540548662958685e+02
1.189848868662958807e+02
1.174060328662958597e+02
1.031963468662958832e+02
1.079329088662958753e+02
1.331945728662958572e+02
1.110906168662958748e+02
1.126694708662958817e+02
1.316157188662958788e+02
1.016174928662958763e+02
1.095117628662958680e+02
9.688093086629588413e+01
1.016174928662958763e+02
1.331945728662958857e+02
9.845978486629587678e+01
9.845978486629587678e+01
1.095117628662958680e+02
1.016174928662958763e+02
1.158271788662958528e+02
1.031963468662958689e+02
1.016174928662958763e+02
8.898666086629586403e+01
1.000386388662958694e+02
1.063540548662958685e+02
1.174060328662958597e+02
9.845978486629587678e+01
1.063540548662958685e+02
9.845978486629587678e+01
1.063540548662958827e+02
1.205637408662958592e+02
1.110906168662958606e+02
9.845978486629587678e+01
9.688093086629586992e+01
1.031963468662958689e+02
1.110906168662958606e+02
1.268791568662958582e+02
1.347734268662958925e+02
1.047752008662958758e+02
1.158271788662958670e+02
1.126694708662958675e+02
1.031963468662958689e+02
1.221425948662958660e+02
1.031963468662958689e+02
1.047752008662958758e+02
1.079329088662958753e+02
1.158271788662958670e+02
1.189848868662958807e+02
9.530207686629586306e+01
1.174060328662958739e+02
8.425009886629587186e+01
1.221425948662958518e+02
1.221425948662958660e+02
1.174060328662958739e+02
1.016174928662958621e+02
1.237214488662958729e+02
1.205637408662958592e+02
1.221425948662958660e+02
1.142483248662958601e+02
1.189848868662958807e+02
1.237214488662958729e+02
1.174060328662958597e+02
1.237214488662958587e+02
1.095117628662958538e+02
9.688093086629586992e+01
1.000386388662958836e+02
8.425009886629587186e+01
8.109239086629585813e+01
8.898666086629587824e+01
1.253003028662958656e+02
1.047752008662958616e+02
1.047752008662958758e+02
1.079329088662958753e+02
9.688093086629586992e+01
9.530207686629587727e+01
1.095117628662958680e+02
1.174060328662958597e+02
1.000386388662958694e+02
9.845978486629586257e+01
1.095117628662958680e+02
1.142483248662958601e+02
1.095117628662958822e+02
1.063540548662958827e+02
1.221425948662958518e+02
1.079329088662958753e+02
1.316157188662958504e+02
9.530207686629587727e+01
1.158271788662958528e+02
1.174060328662958597e+02
1.158271788662958812e+02
1.237214488662958587e+02
9.845978486629586257e+01
1.158271788662958670e+02
1.063540548662958543e+02
1.079329088662958611e+02
8.898666086629586403e+01
1.174060328662958597e+02
8.740780686629588558e+01
9.056551486629585668e+01
1.253003028662958656e+02
1.126694708662958675e+02
1.126694708662958675e+02
9.845978486629587678e+01
7.793468286629587283e+01
9.056551486629588510e+01
1.031963468662958547e+02
1.110906168662958748e+02
1.158271788662958528e+02
1.095117628662958538e+02
1.079329088662958753e+02
1.095117628662958680e+02
1.158271788662958670e+02
1.031963468662958547e+02
1.158271788662958670e+02
9.845978486629587678e+01
1.442465508662958769e+02
1.047752008662958758e+02
1.047752008662958616e+02
1.142483248662958744e+02
1.142483248662958744e+02
1.016174928662958621e+02
1.063540548662958685e+02
1.347734268662958641e+02
1.142483248662958601e+02
9.530207686629587727e+01
1.016174928662958621e+02
1.300368648662958719e+02
1.174060328662958597e+02
8.898666086629586403e+01
1.174060328662958739e+02
9.056551486629587089e+01
1.268791568662958582e+02
1.000386388662958836e+02
1.221425948662958660e+02
1.126694708662958675e+02
1.079329088662958753e+02
1.095117628662958680e+02
1.079329088662958611e+02
1.158271788662958670e+02
1.189848868662958807e+02
1.205637408662958592e+02
1.142483248662958744e+02
1.079329088662958611e+02
1.316157188662958504e+02
1.174060328662958739e+02
1.189848868662958523e+02
1.331945728662958857e+02
1.158271788662958528e+02
1.063540548662958827e+02
1.079329088662958753e+02
1.174060328662958597e+02
1.205637408662958592e+02
1.284580108662958651e+02
1.189848868662958807e+02
1.095117628662958822e+02
1.095117628662958538e+02
1.031963468662958832e+02
1.221425948662958518e+02
9.688093086629586992e+01
1.158271788662958528e+02
1.237214488662958729e+02
1.205637408662958734e+02
1.016174928662958621e+02
1.205637408662958592e+02
1.237214488662958587e+02
1.110906168662958748e+02
1.016174928662958763e+02
1.284580108662958651e+02
1.126694708662958533e+02
1.189848868662958665e+02
1.174060328662958739e+02
1.142483248662958744e+02
1.110906168662958748e+02
1.031963468662958689e+02
1.110906168662958606e+02
1.079329088662958611e+02
1.063540548662958685e+02
1.000386388662958694e+02
1.079329088662958753e+02
1.142483248662958744e+02
1.268791568662958724e+02
1.174060328662958597e+02
1.016174928662958763e+02
1.142483248662958601e+02
1.174060328662958739e+02
1.189848868662958665e+02
1.316157188662958504e+02
1.126694708662958817e+02
1.158271788662958670e+02
1.031963468662958689e+02
9.372322286629588461e+01
1.142483248662958744e+02
1.126694708662958533e+02
1.410888428662958631e+02
9.214436886629586354e+01
1.174060328662958739e+02
1.110906168662958748e+02
1.063540548662958543e+02
9.688093086629586992e+01
1.237214488662958587e+02
1.142483248662958601e+02
1.110906168662958748e+02
1.079329088662958611e+02
1.016174928662958905e+02
1.174060328662958739e+02
9.845978486629587678e+01
9.530207686629586306e+01
1.316157188662958788e+02
1.110906168662958606e+02
1.110906168662958748e+02
1.284580108662958651e+02
1.142483248662958744e+02
1.047752008662958758e+02
8.898666086629586403e+01
1.205637408662958592e+02
9.214436886629584933e+01
1.174060328662958739e+02
1.300368648662958435e+02
1.331945728662958857e+02
1.000386388662958836e+02
1.063540548662958685e+02
1.174060328662958597e+02
1.158271788662958812e+02
1.063540548662958685e+02
9.056551486629587089e+01
8.898666086629587824e+01
1.189848868662958665e+02
1.284580108662958651e+02
1.205637408662958592e+02
1.000386388662958694e+02
1.189848868662958523e+02
9.688093086629588413e+01
1.063540548662958685e+02
1.063540548662958685e+02
1.047752008662958758e+02
1.174060328662958597e+02
1.142483248662958744e+02
1.284580108662958651e+02
1.126694708662958817e+02
1.158271788662958670e+02
1.031963468662958689e+02
1.142483248662958744e+02
9.688093086629588413e+01
1.063540548662958543e+02
1.079329088662958753e+02
1.031963468662958547e+02
1.016174928662958763e+02
1.016174928662958763e+02
1.016174928662958763e+02
7.793468286629587283e+01
1.016174928662958621e+02
1.016174928662958621e+02
1.110906168662958748e+02
1.110906168662958606e+02
8.898666086629587824e+01
1.000386388662958694e+02
1.031963468662958689e+02
1.253003028662958513e+02
1.300368648662958719e+02
9.214436886629587775e+01
1.142483248662958601e+02
9.845978486629587678e+01
1.253003028662958798e+02
8.425009886629588607e+01
1.174060328662958597e+02
1.174060328662958597e+02
1.237214488662958729e+02
8.740780686629587137e+01
1.079329088662958753e+02
1.158271788662958670e+02
9.056551486629587089e+01
1.063540548662958685e+02
1.189848868662958523e+02
8.425009886629587186e+01
9.214436886629587775e+01
7.793468286629587283e+01
1.079329088662958753e+02
9.214436886629587775e+01
1.189848868662958665e+02
8.582895286629587872e+01
1.221425948662958518e+02
9.372322286629587040e+01
9.688093086629586992e+01
9.056551486629587089e+01
1.016174928662958763e+02
9.530207686629587727e+01
1.063540548662958827e+02
1.031963468662958689e+02
1.110906168662958606e+02
8.898666086629586403e+01
1.079329088662958611e+02
1.047752008662958616e+02
1.158271788662958670e+02
1.095117628662958680e+02
1.063540548662958827e+02
8.109239086629588655e+01
9.372322286629585619e+01
1.189848868662958665e+02
1.174060328662958597e+02
9.372322286629585619e+01
8.898666086629586403e+01
1.031963468662958547e+02
1.174060328662958597e+02
1.016174928662958763e+02
1.000386388662958552e+02
9.530207686629587727e+01
1.063540548662958685e+02
1.126694708662958533e+02
1.063540548662958827e+02
1.142483248662958601e+02
9.845978486629587678e+01
1.205637408662958592e+02
1.110906168662958606e+02
1.031963468662958832e+02
1.016174928662958621e+02
1.063540548662958685e+02
1.063540548662958543e+02
1.284580108662958651e+02
1.205637408662958592e+02
1.063540548662958685e+02
1.253003028662958656e+02
1.174060328662958739e+02
1.047752008662958758e+02
9.530207686629587727e+01
1.284580108662958651e+02
1.031963468662958689e+02
7.793468286629587283e+01
1.000386388662958694e+02
1.142483248662958601e+02
1.300368648662958719e+02
9.845978486629586257e+01
1.079329088662958753e+02
8.267124486629587921e+01
8.425009886629587186e+01
1.000386388662958836e+02
1.079329088662958611e+02
1.000386388662958836e+02
1.174060328662958597e+02
1.079329088662958611e+02
9.214436886629587775e+01
9.530207686629587727e+01
1.000386388662958694e+02
9.530207686629586306e+01
1.016174928662958763e+02
1.174060328662958739e+02
1.189848868662958665e+02
9.056551486629587089e+01
1.174060328662958597e+02
1.095117628662958822e+02
1.110906168662958606e+02
1.079329088662958611e+02
1.095117628662958680e+02
9.845978486629587678e+01
1.142483248662958744e+02
1.079329088662958611e+02
1.205637408662958592e+02
1.079329088662958753e+02
1.142483248662958601e+02
8.425009886629587186e+01
1.063540548662958685e+02
1.095117628662958822e+02
1.158271788662958670e+02
1.363522808662958994e+02
1.205637408662958876e+02
9.214436886629587775e+01
1.000386388662958836e+02
1.063540548662958685e+02
1.237214488662958729e+02
1.063540548662958685e+02
1.110906168662958606e+02
8.582895286629587872e+01
1.174060328662958597e+02
1.174060328662958597e+02
1.142483248662958744e+02
1.189848868662958523e+02
1.189848868662958523e+02
1.158271788662958528e+02
1.174060328662958739e+02
1.142483248662958601e+02
1.079329088662958753e+02
1.126694708662958675e+02
1.189848868662958523e+02
1.126694708662958533e+02
1.237214488662958587e+02
1.237214488662958729e+02
1.031963468662958689e+02
1.079329088662958611e+02
1.031963468662958547e+02
1.158271788662958812e+02
1.205637408662958592e+02
8.582895286629587872e+01
1.095117628662958680e+02
1.110906168662958748e+02
1.000386388662958836e+02
1.221425948662958660e+02
8.898666086629586403e+01
1.079329088662958753e+02
9.056551486629587089e+01
1.095117628662958680e+02
1.095117628662958822e+02
1.158271788662958670e+02
1.016174928662958905e+02
1.174060328662958739e+02
1.189848868662958665e+02
9.845978486629587678e+01
1.158271788662958670e+02
1.174060328662958739e+02
1.095117628662958822e+02
1.205637408662958734e+02
1.189848868662958523e+02
1.174060328662958881e+02
1.126694708662958817e+02
1.174060328662958597e+02
1.000386388662958552e+02
1.095117628662958680e+02
1.253003028662958656e+02
7.793468286629585862e+01
1.047752008662958616e+02
1.126694708662958675e+02
1.126694708662958675e+02
1.095117628662958680e+02
1.174060328662958597e+02
1.110906168662958748e+02
9.530207686629586306e+01
1.016174928662958905e+02
1.110906168662958606e+02
1.142483248662958744e+02
1.031963468662958689e+02
1.047752008662958758e+02
9.845978486629586257e+01
1.189848868662958665e+02
1.205637408662958592e+02
1.063540548662958827e+02
9.372322286629585619e+01
1.063540548662958827e+02
1.142483248662958744e+02
1.031963468662958547e+02
1.126694708662958675e+02
9.372322286629587040e+01
1.158271788662958670e+02
9.845978486629586257e+01
9.214436886629587775e+01
1.095117628662958538e+02
8.740780686629587137e+01
1.095117628662958680e+02
1.237214488662958587e+02
1.221425948662958660e+02
1.000386388662958694e+02
1.158271788662958528e+02
1.063540548662958827e+02
1.063540548662958685e+02
9.372322286629587040e+01
1.000386388662958552e+02
1.016174928662958763e+02
1.031963468662958689e+02
9.845978486629586257e+01
1.031963468662958689e+02
1.063540548662958685e+02
1.158271788662958528e+02
1.063540548662958685e+02
1.110906168662958606e+02
8.740780686629585716e+01
1.126694708662958533e+02
1.110906168662958606e+02
1.142483248662958601e+02
1.221425948662958660e+02
1.047752008662958758e+02
1.063540548662958827e+02
1.016174928662958763e+02
1.031963468662958689e+02
1.158271788662958670e+02
1.079329088662958611e+02
9.688093086629586992e+01
1.316157188662958788e+02
1.284580108662958651e+02
1.126694708662958533e+02
1.110906168662958606e+02
1.126694708662958675e+02
1.110906168662958748e+02
1.031963468662958689e+02
1.063540548662958827e+02
1.016174928662958763e+02
1.016174928662958763e+02
1.174060328662958597e+02
1.221425948662958660e+02
1.142483248662958601e+02
1.079329088662958753e+02
1.205637408662958592e+02
1.110906168662958748e+02
9.372322286629588461e+01
1.047752008662958616e+02
1.095117628662958680e+02
1.110906168662958748e+02
1.047752008662958758e+02
1.047752008662958758e+02
1.126694708662958675e+02
9.372322286629587040e+01
1.142483248662958601e+02
1.063540548662958685e+02
1.095117628662958822e+02
9.056551486629585668e+01
9.056551486629587089e+01
1.205637408662958734e+02
9.688093086629588413e+01
1.189848868662958665e+02
1.095117628662958538e+02
1.031963468662958832e+02
1.000386388662958694e+02
1.031963468662958689e+02
1.016174928662958905e+02
1.221425948662958803e+02
1.158271788662958528e+02
1.110906168662958748e+02
1.110906168662958748e+02
1.095117628662958680e+02
8.898666086629586403e+01
9.372322286629588461e+01
1.363522808662958710e+02
9.530207686629586306e+01
9.845978486629587678e+01
1.031963468662958689e+02
9.530207686629587727e+01
1.253003028662958656e+02
7.951353686629587969e+01
1.126694708662958675e+02
1.079329088662958753e+02
9.845978486629586257e+01
1.047752008662958616e+02
1.095117628662958680e+02
1.142483248662958601e+02
1.031963468662958832e+02
1.253003028662958656e+02
1.095117628662958538e+02
1.142483248662958744e+02
9.845978486629587678e+01
1.189848868662958665e+02
9.214436886629586354e+01
1.158271788662958812e+02
1.268791568662958866e+02
9.214436886629587775e+01
1.000386388662958694e+02
1.158271788662958670e+02
9.530207686629587727e+01
8.740780686629585716e+01
1.174060328662958739e+02
1.047752008662958758e+02
9.530207686629587727e+01
1.142483248662958744e+02
9.214436886629586354e+01
1.079329088662958611e+02
8.740780686629588558e+01
8.740780686629588558e+01
1.016174928662958763e+02
8.267124486629587921e+01
8.267124486629586499e+01
9.688093086629585571e+01
1.205637408662958734e+02
9.845978486629587678e+01
1.031963468662958832e+02
8.740780686629588558e+01
1.126694708662958675e+02
1.158271788662958670e+02
8.740780686629587137e+01
1.063540548662958685e+02
8.740780686629587137e+01
1.031963468662958689e+02
9.688093086629588413e+01
1.095117628662958680e+02
9.214436886629587775e+01
1.047752008662958758e+02
1.063540548662958543e+02
1.079329088662958753e+02
1.016174928662958763e+02
1.016174928662958763e+02
9.688093086629588413e+01
1.110906168662958606e+02
9.688093086629588413e+01
1.016174928662958763e+02
7.635582886629588018e+01
1.047752008662958758e+02
9.530207686629589148e+01
1.158271788662958670e+02
7.951353686629587969e+01
1.110906168662958606e+02
9.056551486629587089e+01
1.063540548662958827e+02
1.316157188662958788e+02
9.688093086629588413e+01
1.095117628662958680e+02
9.214436886629587775e+01
1.079329088662958611e+02
9.530207686629587727e+01
1.205637408662958734e+02
1.016174928662958763e+02
7.793468286629587283e+01
1.158271788662958528e+02
1.095117628662958680e+02
9.845978486629586257e+01
1.174060328662958597e+02
1.110906168662958606e+02
1.063540548662958685e+02
9.845978486629586257e+01
1.031963468662958689e+02
9.372322286629588461e+01
1.221425948662958660e+02
1.126694708662958675e+02
8.740780686629587137e+01
1.079329088662958753e+02
8.582895286629587872e+01
9.688093086629586992e+01
1.063540548662958827e+02
1.110906168662958606e+02
1.047752008662958758e+02
1.047752008662958758e+02
1.047752008662958616e+02
9.056551486629587089e+01
1.079329088662958611e+02
9.372322286629587040e+01
7.951353686629585127e+01
8.740780686629587137e+01
9.214436886629587775e+01
9.845978486629586257e+01
1.063540548662958827e+02
1.079329088662958611e+02
9.214436886629586354e+01
1.079329088662958611e+02
9.845978486629587678e+01
1.126694708662958675e+02
9.214436886629587775e+01
1.000386388662958694e+02
1.047752008662958758e+02
8.898666086629587824e+01
1.000386388662958836e+02
8.582895286629587872e+01
8.425009886629587186e+01
8.582895286629586451e+01
1.126694708662958675e+02
9.214436886629586354e+01
9.372322286629585619e+01
7.319812086629588066e+01
8.740780686629587137e+01
1.110906168662958748e+02
7.793468286629587283e+01
1.031963468662958689e+02
8.898666086629587824e+01
9.372322286629588461e+01
1.110906168662958606e+02
1.063540548662958827e+02
8.425009886629587186e+01
7.793468286629587283e+01
1.063540548662958827e+02
1.158271788662958670e+02
9.530207686629587727e+01
1.221425948662958660e+02
9.688093086629588413e+01
1.047752008662958616e+02
9.530207686629587727e+01
1.126694708662958817e+02
1.142483248662958744e+02
1.095117628662958538e+02
9.845978486629587678e+01
7.793468286629585862e+01
1.095117628662958680e+02
9.214436886629587775e+01
1.063540548662958685e+02
1.189848868662958523e+02
1.174060328662958739e+02
1.000386388662958694e+02
1.063540548662958685e+02
1.110906168662958748e+02
1.016174928662958763e+02
1.063540548662958685e+02
1.016174928662958621e+02
1.142483248662958601e+02
1.063540548662958685e+02
1.063540548662958685e+02
1.079329088662958753e+02
1.142483248662958886e+02
1.237214488662958729e+02
8.582895286629586451e+01
1.079329088662958753e+02
9.372322286629587040e+01
1.095117628662958680e+02
9.688093086629586992e+01
9.845978486629587678e+01
1.047752008662958616e+02
9.530207686629587727e+01
1.221425948662958803e+02
1.079329088662958753e+02
9.845978486629586257e+01
1.221425948662958660e+02
1.063540548662958827e+02
1.063540548662958685e+02
9.845978486629586257e+01
1.095117628662958680e+02
1.221425948662958518e+02
1.142483248662958744e+02
9.688093086629588413e+01
1.174060328662958597e+02
8.898666086629587824e+01
1.063540548662958685e+02
1.047752008662958758e+02
1.253003028662958798e+02
1.079329088662958611e+02
9.845978486629587678e+01
1.110906168662958748e+02
1.063540548662958827e+02
1.205637408662958592e+02
1.158271788662958670e+02
1.063540548662958685e+02
1.000386388662958694e+02
1.174060328662958739e+02
1.047752008662958758e+02
1.031963468662958832e+02
1.237214488662958587e+02
1.268791568662959008e+02
9.214436886629586354e+01
1.095117628662958680e+02
1.126694708662958533e+02
8.898666086629589245e+01
1.031963468662958689e+02
1.347734268662958641e+02
9.688093086629588413e+01
7.951353686629587969e+01
1.142483248662958601e+02
1.000386388662958836e+02
1.095117628662958680e+02
8.425009886629588607e+01
1.237214488662958729e+02
9.845978486629587678e+01
1.063540548662958685e+02
9.214436886629587775e+01
1.016174928662958621e+02
1.000386388662958836e+02
9.845978486629586257e+01
1.063540548662958827e+02
1.095117628662958538e+02
9.688093086629586992e+01
1.031963468662958547e+02
1.110906168662958748e+02
8.740780686629587137e+01
9.845978486629587678e+01
1.079329088662958611e+02
1.000386388662958694e+02
1.063540548662958685e+02
8.109239086629587234e+01
1.110906168662958748e+02
9.845978486629586257e+01
1.205637408662958592e+02
1.268791568662958582e+02
9.530207686629586306e+01
9.845978486629586257e+01
9.530207686629586306e+01
1.221425948662958660e+02
9.372322286629588461e+01
1.095117628662958822e+02
1.142483248662958744e+02
8.267124486629586499e+01
1.079329088662958753e+02
1.047752008662958758e+02
1.253003028662958656e+02
1.142483248662958744e+02
9.688093086629586992e+01
9.688093086629586992e+01
9.845978486629587678e+01
8.425009886629587186e+01
8.425009886629588607e+01
9.688093086629586992e+01
1.095117628662958680e+02
1.047752008662958758e+02
8.740780686629588558e+01
9.214436886629587775e+01
1.158271788662958670e+02
9.688093086629586992e+01
1.110906168662958748e+02
9.530207686629587727e+01
1.063540548662958827e+02
1.095117628662958680e+02
1.047752008662958758e+02
1.047752008662958758e+02
1.063540548662958685e+02
1.174060328662958739e+02
1.142483248662958744e+02
1.000386388662958694e+02
1.126694708662958675e+02
8.898666086629586403e+01
1.047752008662958616e+02
9.530207686629587727e+01
1.142483248662958601e+02
9.845978486629587678e+01
1.095117628662958680e+02
8.898666086629587824e+01
1.016174928662958621e+02
1.047752008662958758e+02
1.189848868662958807e+02
1.174060328662958597e+02
1.189848868662958665e+02
1.016174928662958763e+02
1.031963468662958689e+02
1.016174928662958621e+02
1.126694708662958817e+02
1.205637408662958734e+02
1.158271788662958812e+02
1.189848868662958807e+02
1.237214488662958729e+02
1.079329088662958611e+02
1.126694708662958817e+02
9.372322286629588461e+01
1.158271788662958670e+02
1.031963468662958689e+02
1.000386388662958836e+02
1.095117628662958680e+02
1.221425948662958660e+02
1.205637408662958592e+02
1.063540548662958685e+02
1.268791568662958582e+02
1.016174928662958763e+02
1.189848868662958665e+02
1.079329088662958611e+02
1.253003028662958656e+02
9.845978486629587678e+01
1.189848868662958665e+02
1.016174928662958621e+02
9.845978486629587678e+01
9.372322286629588461e+01
1.221425948662958518e+02
1.095117628662958822e+02
1.110906168662958748e+02
1.047752008662958616e+02
1.095117628662958538e+02
1.047752008662958616e+02
1.095117628662958680e+02
9.372322286629587040e+01
1.189848868662958807e+02
1.031963468662958689e+02
8.740780686629588558e+01
1.126694708662958675e+02
9.845978486629586257e+01
1.095117628662958680e+02
9.372322286629587040e+01
1.031963468662958689e+02
1.095117628662958680e+02
1.031963468662958832e+02
1.016174928662958621e+02
1.205637408662958592e+02
8.425009886629587186e+01
1.268791568662958866e+02
1.189848868662958807e+02
1.016174928662958763e+02
1.158271788662958670e+02
1.237214488662958587e+02
1.363522808662958994e+02
1.221425948662958803e+02
9.530207686629587727e+01
1.174060328662958739e+02
1.063540548662958685e+02
1.063540548662958685e+02
8.425009886629587186e+01
1.110906168662958606e+02
1.047752008662958616e+02
1.079329088662958753e+02
1.205637408662958592e+02
1.000386388662958836e+02
1.126694708662958675e+02
1.126694708662958817e+02
1.079329088662958611e+02
1.016174928662958763e+02
1.079329088662958611e+02
1.126694708662958817e+02
1.158271788662958670e+02
1.126694708662958533e+02
1.300368648662958435e+02
1.158271788662958528e+02
1.063540548662958827e+02
1.126694708662958675e+02
1.047752008662958758e+02
1.158271788662958528e+02
1.253003028662958656e+02
9.530207686629586306e+01
1.000386388662958552e+02
1.142483248662958744e+02
1.016174928662958763e+02
1.095117628662958822e+02
1.110906168662958748e+02
1.237214488662958587e+02
1.189848868662958807e+02
1.221425948662958803e+02
1.126694708662958675e+02
1.110906168662958748e+02
1.000386388662958694e+02
1.158271788662958528e+02
1.063540548662958827e+02
1.031963468662958689e+02
1.095117628662958680e+02
1.126694708662958675e+02
1.126694708662958817e+02
9.845978486629586257e+01
1.126694708662958675e+02
1.063540548662958685e+02
8.267124486629586499e+01
1.205637408662958592e+02
1.205637408662958734e+02
1.047752008662958616e+02
8.898666086629587824e+01
1.095117628662958680e+02
1.189848868662958665e+02
9.845978486629587678e+01
1.016174928662958621e+02
1.142483248662958601e+02
1.063540548662958685e+02
1.110906168662958748e+02
1.047752008662958758e+02
8.898666086629587824e+01
1.016174928662958621e+02
9.845978486629587678e+01
1.126694708662958959e+02
1.079329088662958753e+02
1.110906168662958606e+02
1.237214488662958729e+02
1.095117628662958680e+02
1.095117628662958538e+02
1.174060328662958739e+02
1.063540548662958543e+02
1.174060328662958597e+02
1.237214488662958729e+02
1.110906168662958748e+02
1.063540548662958827e+02
1.237214488662958587e+02
1.205637408662958734e+02
1.016174928662958763e+02
1.095117628662958680e+02
1.000386388662958694e+02
1.126694708662958533e+02
9.530207686629586306e+01
9.688093086629586992e+01
1.126694708662958675e+02
1.031963468662958689e+02
9.530207686629586306e+01
1.142483248662958601e+02
9.688093086629586992e+01
1.205637408662958734e+02
1.205637408662958592e+02
9.688093086629586992e+01
1.000386388662958836e+02
9.688093086629586992e+01
1.126694708662958675e+02
1.047752008662958758e+02
1.016174928662958763e+02
1.142483248662958744e+02
1.205637408662958734e+02
9.214436886629586354e+01
1.000386388662958694e+02
9.372322286629587040e+01
9.372322286629587040e+01
1.268791568662958724e+02
1.205637408662958592e+02
1.110906168662958748e+02
1.189848868662958665e+02
1.158271788662958670e+02
1.126694708662958675e+02
8.898666086629587824e+01
1.237214488662958587e+02
1.031963468662958547e+02
1.126694708662958533e+02
1.031963468662958689e+02
1.395099888662958847e+02
1.110906168662958748e+02
1.063540548662958685e+02
9.214436886629587775e+01
1.079329088662958611e+02
1.047752008662958758e+02
1.047752008662958616e+02
1.110906168662958748e+02
1.221425948662958660e+02
1.047752008662958758e+02
8.582895286629587872e+01
8.582895286629587872e+01
1.079329088662958753e+02
1.237214488662958729e+02
1.110906168662958606e+02
1.142483248662958601e+02
9.372322286629588461e+01
8.740780686629587137e+01
9.214436886629586354e+01
9.372322286629588461e+01
9.530207686629587727e+01
9.372322286629587040e+01
1.110906168662958748e+02
9.688093086629586992e+01
1.031963468662958832e+02
1.063540548662958685e+02
1.142483248662958744e+02
1.047752008662958616e+02
1.000386388662958694e+02
9.688093086629586992e+01
1.000386388662958694e+02
1.126694708662958675e+02
1.047752008662958758e+02
9.056551486629588510e+01
9.372322286629585619e+01
9.214436886629587775e+01
1.047752008662958616e+02
1.126694708662958675e+02
9.372322286629585619e+01
1.063540548662958827e+02
1.047752008662958616e+02
1.284580108662958651e+02
1.126694708662958675e+02
9.530207686629587727e+01
1.110906168662958606e+02
1.000386388662958694e+02
1.016174928662958763e+02
1.047752008662958758e+02
1.016174928662958763e+02
1.047752008662958758e+02
1.237214488662958729e+02
1.079329088662958753e+02
1.095117628662958822e+02
9.372322286629588461e+01
1.031963468662958689e+02
1.237214488662958729e+02
1.000386388662958694e+02
1.063540548662958685e+02
1.174060328662958739e+02
1.142483248662958744e+02
1.142483248662958601e+02
1.174060328662958597e+02
1.158271788662958670e+02
1.016174928662958621e+02
1.110906168662958606e+02
1.110906168662958606e+02
1.126694708662958533e+02
1.031963468662958689e+02
1.110906168662958606e+02
1.284580108662958651e+02
1.189848868662958523e+02
1.063540548662958543e+02
1.031963468662958689e+02
1.300368648662958719e+02
1.189848868662958665e+02
1.016174928662958763e+02
1.047752008662958758e+02
1.031963468662958547e+02
1.174060328662958739e+02
9.845978486629587678e+01
1.095117628662958538e+02
1.126694708662958675e+02
1.316157188662958788e+02
9.214436886629587775e+01
1.063540548662958685e+02
1.253003028662958656e+02
1.047752008662958758e+02
1.079329088662958753e+02
9.372322286629587040e+01
1.110906168662958748e+02
1.221425948662958660e+02
1.110906168662958748e+02
1.126694708662958675e+02
1.095117628662958680e+02
1.047752008662958616e+02
1.016174928662958763e+02
1.205637408662958734e+02
1.142483248662958601e+02
1.237214488662958587e+02
9.845978486629587678e+01
1.031963468662958689e+02
1.031963468662958689e+02
1.174060328662958597e+02
8.582895286629586451e+01
1.031963468662958689e+02
7.951353686629587969e+01
1.031963468662958689e+02
9.688093086629586992e+01
9.845978486629586257e+01
1.110906168662958606e+02
1.126694708662958675e+02
1.063540548662958685e+02
9.845978486629587678e+01
1.142483248662958744e+02
1.079329088662958753e+02
1.158271788662958670e+02
8.740780686629588558e+01
1.126694708662958533e+02
1.031963468662958689e+02
1.158271788662958812e+02
8.582895286629586451e+01
9.056551486629585668e+01
9.845978486629587678e+01
8.582895286629587872e+01
9.688093086629588413e+01
1.016174928662958763e+02
1.063540548662958685e+02
9.845978486629587678e+01
1.237214488662958729e+02
9.688093086629586992e+01
7.951353686629586548e+01
9.214436886629587775e+01
9.056551486629587089e+01
1.205637408662958592e+02
1.221425948662958518e+02
1.000386388662958694e+02
9.845978486629586257e+01
9.688093086629586992e+01
9.530207686629587727e+01
9.214436886629586354e+01
1.095117628662958538e+02
1.063540548662958543e+02
1.063540548662958827e+02
9.214436886629586354e+01
1.189848868662958523e+02
1.079329088662958611e+02
1.126694708662958817e+02
1.174060328662958739e+02
1.047752008662958616e+02
9.688093086629588413e+01
9.845978486629587678e+01
1.031963468662958547e+02
1.126694708662958675e+02
8.109239086629587234e+01
1.079329088662958611e+02
8.267124486629586499e+01
1.237214488662958587e+02
1.174060328662958597e+02
1.126694708662958817e+02
1.158271788662958670e+02
1.079329088662958753e+02
1.095117628662958680e+02
1.189848868662958665e+02
1.063540548662958685e+02
1.063540548662958685e+02
1.063540548662958685e+02
1.031963468662958832e+02
1.142483248662958744e+02
1.126694708662958675e+02
1.268791568662958866e+02
1.253003028662958513e+02
1.063540548662958827e+02
1.158271788662958670e+02
1.016174928662958621e+02
1.031963468662958689e+02
1.253003028662958513e+02
1.095117628662958538e+02
9.845978486629586257e+01
1.047752008662958758e+02
1.126694708662958533e+02
1.205637408662958734e+02
1.237214488662958587e+02
1.189848868662958665e+02
1.268791568662958724e+02
1.016174928662958763e+02
1.110906168662958606e+02
1.331945728662958572e+02
1.205637408662958734e+02
1.079329088662958611e+02
1.016174928662958763e+02
9.530207686629587727e+01
1.079329088662958611e+02
1.237214488662958587e+02
1.174060328662958881e+02
1.110906168662958606e+02
1.031963468662958689e+02
1.079329088662958753e+02
1.031963468662958547e+02
1.284580108662958651e+02
1.300368648662958719e+02
1.284580108662958651e+02
1.158271788662958812e+02
1.142483248662958744e+02
1.363522808662958710e+02
1.095117628662958538e+02
1.126694708662958533e+02
1.331945728662958572e+02
1.095117628662958822e+02
1.047752008662958758e+02
1.047752008662958616e+02
9.688093086629586992e+01
1.079329088662958753e+02
1.268791568662958582e+02
1.016174928662958621e+02
1.031963468662958832e+02
9.688093086629586992e+01
9.530207686629586306e+01
9.214436886629586354e+01
1.174060328662958597e+02
1.142483248662958744e+02
1.300368648662958719e+02
9.372322286629585619e+01
1.253003028662958656e+02
9.688093086629585571e+01
1.142483248662958601e+02
1.363522808662958710e+02
1.142483248662958744e+02
1.095117628662958538e+02
8.109239086629587234e+01
1.000386388662958694e+02
1.031963468662958689e+02
1.174060328662958739e+02
1.079329088662958611e+02
9.372322286629588461e+01
9.688093086629586992e+01
8.740780686629587137e+01
1.142483248662958601e+02
1.126694708662958675e+02
9.372322286629587040e+01
1.126694708662958675e+02
9.688093086629586992e+01
1.237214488662958587e+02
7.951353686629586548e+01
1.126694708662958533e+02
8.740780686629585716e+01
1.000386388662958694e+02
1.158271788662958670e+02
1.000386388662958694e+02
1.189848868662958807e+02
8.898666086629587824e+01
1.031963468662958689e+02
1.031963468662958547e+02
1.253003028662958513e+02
1.031963468662958832e+02
1.221425948662958660e+02
1.110906168662958606e+02
1.174060328662958597e+02
9.530207686629587727e+01
1.016174928662958763e+02
1.079329088662958753e+02
1.110906168662958606e+02
1.095117628662958680e+02
1.031963468662958689e+02
1.000386388662958552e+02
1.189848868662958807e+02
1.000386388662958694e+02
1.205637408662958734e+02
9.530207686629587727e+01
1.063540548662958685e+02
1.174060328662958597e+02
1.031963468662958689e+02
1.016174928662958763e+02
1.047752008662958758e+02
1.095117628662958680e+02
1.095117628662958680e+02
1.047752008662958616e+02
1.063540548662958827e+02
1.047752008662958758e+02
1.237214488662958729e+02
1.110906168662958748e+02
1.079329088662958753e+02
1.000386388662958552e+02
1.316157188662958788e+02
8.740780686629588558e+01
9.056551486629587089e+01
1.126694708662958675e+02
1.126694708662958675e+02
1.126694708662958817e+02
1.095117628662958822e+02
1.126694708662958675e+02
9.372322286629587040e+01
1.047752008662958616e+02
1.189848868662958523e+02
1.095117628662958538e+02
1.126694708662958817e+02
1.189848868662958665e+02
1.079329088662958753e+02
1.110906168662958606e+02
1.221425948662958660e+02
9.056551486629587089e+01
1.079329088662958611e+02
1.047752008662958758e+02
1.063540548662958827e+02
1.174060328662958597e+02
8.740780686629587137e+01
1.016174928662958763e+02
1.016174928662958621e+02
1.110906168662958748e+02
1.142483248662958744e+02
1.079329088662958753e+02
1.110906168662958606e+02
8.740780686629588558e+01
1.158271788662958670e+02
8.425009886629587186e+01
1.110906168662958748e+02
1.142483248662958601e+02
9.688093086629586992e+01
1.047752008662958758e+02
1.031963468662958547e+02
1.095117628662958680e+02
1.047752008662958758e+02
1.284580108662958651e+02
9.530207686629586306e+01
1.158271788662958812e+02
1.142483248662958601e+02
1.095117628662958822e+02
1.000386388662958694e+02
1.016174928662958763e+02
1.031963468662958689e+02
1.142483248662958744e+02
1.047752008662958758e+02
8.582895286629587872e+01
1.142483248662958744e+02
1.142483248662958601e+02
1.079329088662958753e+02
1.142483248662958744e+02
1.016174928662958763e+02
9.530207686629587727e+01
1.110906168662958748e+02
1.426676968662958700e+02
9.372322286629585619e+01
1.000386388662958836e+02
1.331945728662958572e+02
9.845978486629587678e+01
1.142483248662958601e+02
9.688093086629586992e+01
1.095117628662958680e+02
1.031963468662958689e+02
1.063540548662958685e+02
1.031963468662958832e+02
1.221425948662958660e+02
1.142483248662958744e+02
9.214436886629587775e+01
1.142483248662958744e+02
1.079329088662958753e+02
1.000386388662958694e+02
1.047752008662958758e+02
1.079329088662958753e+02
1.079329088662958753e+02
9.845978486629587678e+01
1.110906168662958748e+02
1.221425948662958660e+02
1.158271788662958670e+02
9.056551486629587089e+01
1.205637408662958734e+02
1.063540548662958827e+02
1.000386388662958694e+02
1.095117628662958680e+02
9.056551486629587089e+01
1.079329088662958753e+02
1.063540548662958685e+02
1.031963468662958832e+02
1.031963468662958689e+02
1.158271788662958670e+02
1.110906168662958748e+02
1.142483248662958601e+02
1.253003028662958656e+02
1.110906168662958748e+02
1.095117628662958538e+02
1.063540548662958685e+02
1.158271788662958670e+02
1.016174928662958763e+02
1.253003028662958798e+02
1.110906168662958606e+02
9.530207686629586306e+01
1.221425948662958660e+02
1.174060328662958739e+02
1.237214488662958729e+02
1.095117628662958538e+02
1.095117628662958680e+02
1.031963468662958832e+02
9.372322286629587040e+01
1.047752008662958758e+02
1.126694708662958817e+02
9.688093086629585571e+01
8.425009886629587186e+01
1.237214488662958587e+02
1.205637408662958592e+02
1.079329088662958753e+02
1.221425948662958660e+02
1.205637408662958592e+02
1.000386388662958552e+02
1.016174928662958763e+02
1.031963468662958832e+02
8.898666086629587824e+01
8.425009886629587186e+01
1.284580108662958651e+02
9.056551486629587089e+01
1.063540548662958543e+02
1.016174928662958621e+02
1.016174928662958905e+02
1.110906168662958748e+02
9.372322286629587040e+01
1.031963468662958832e+02
1.110906168662958748e+02
1.110906168662958748e+02
1.126694708662958675e+02
9.845978486629586257e+01
7.477697486629588752e+01
1.000386388662958836e+02
9.530207686629586306e+01
1.174060328662958597e+02
1.174060328662958739e+02
9.530207686629587727e+01
9.056551486629587089e+01
9.688093086629588413e+01
9.845978486629587678e+01
9.530207686629586306e+01
1.063540548662958685e+02
1.189848868662958807e+02
1.110906168662958606e+02
1.047752008662958758e+02
1.079329088662958753e+02
9.845978486629586257e+01
1.126694708662958675e+02
1.174060328662958597e+02
1.158271788662958812e+02
1.047752008662958616e+02
1.189848868662958665e+02
1.142483248662958601e+02
1.158271788662958670e+02
1.095117628662958538e+02
1.110906168662958748e+02
1.031963468662958832e+02
1.253003028662958656e+02
1.158271788662958670e+02
1.016174928662958763e+02
1.221425948662958803e+02
1.016174928662958763e+02
9.845978486629587678e+01
1.016174928662958763e+02
1.268791568662958866e+02
1.126694708662958533e+02
1.221425948662958660e+02
1.221425948662958518e+02
9.372322286629588461e+01
1.237214488662958587e+02
1.063540548662958827e+02
1.142483248662958744e+02
1.158271788662958670e+02
1.237214488662958587e+02
1.142483248662958744e+02
1.174060328662958597e+02
1.126694708662958817e+02
1.047752008662958758e+02
1.000386388662958694e+02
9.688093086629586992e+01
1.110906168662958748e+02
9.688093086629586992e+01
1.000386388662958694e+02
1.063540548662958685e+02
9.056551486629587089e+01
1.126694708662958675e+02
8.740780686629585716e+01
1.063540548662958543e+02
9.845978486629586257e+01
9.056551486629587089e+01
1.095117628662958538e+02
1.079329088662958611e+02
1.016174928662958621e+02
1.016174928662958763e+02
1.221425948662958660e+02
9.926819496265946441e+01
2.429439089626594637e+02
1.276875669626594600e+02
9.137392496265945852e+01
1.197932969626594542e+02
1.482126689626594782e+02
1.308452749626594596e+02
1.450549609626594645e+02
1.261087129626594674e+02
1.340029829626594733e+02
1.229510049626594679e+02
1.292664209626594811e+02
1.229510049626594821e+02
1.118990269626594625e+02
1.134778809626594693e+02
1.166355889626594831e+02
1.150567349626594620e+02
1.182144429626594899e+02
1.103201729626594698e+02
1.071624649626594987e+02
1.040047569626594850e+02
1.040047569626594850e+02
1.024259029626594639e+02
1.071624649626594845e+02
9.768934096265947176e+01
1.008470489626594713e+02
1.087413189626594630e+02
1.134778809626594693e+02
9.768934096265948597e+01
1.118990269626594767e+02
1.087413189626594772e+02
1.118990269626594909e+02
1.040047569626594566e+02
8.821621696265947321e+01
1.071624649626594703e+02
9.768934096265944333e+01
9.453163296265945803e+01
1.087413189626594630e+02
1.166355889626594688e+02
1.103201729626594840e+02
9.611048696265947910e+01
9.295277896265946538e+01
9.768934096265947176e+01
1.103201729626594840e+02
1.040047569626594708e+02
9.453163296265947224e+01
1.150567349626594904e+02
9.295277896265946538e+01
9.453163296265945803e+01
9.295277896265949380e+01
1.308452749626594880e+02
9.611048696265946489e+01
1.024259029626594781e+02
8.979507096265945165e+01
9.926819496265947862e+01
9.611048696265947910e+01
1.055836109626594919e+02
1.024259029626594639e+02
9.926819496265946441e+01
1.008470489626594855e+02
1.276875669626594885e+02
1.040047569626594850e+02
8.505850896265948791e+01
9.453163296265944382e+01
9.926819496265946441e+01
1.166355889626594688e+02
9.295277896265945117e+01
1.024259029626594639e+02
8.821621696265945900e+01
9.768934096265947176e+01
1.055836109626594634e+02
1.024259029626594639e+02
8.505850896265947370e+01
1.040047569626594850e+02
9.295277896265946538e+01
1.055836109626594777e+02
9.768934096265948597e+01
9.926819496265947862e+01
1.024259029626594639e+02
9.295277896265946538e+01
8.979507096265946586e+01
8.979507096265946586e+01
1.087413189626594772e+02
9.611048696265946489e+01
1.055836109626594634e+02
1.118990269626594483e+02
9.768934096265947176e+01
9.926819496265946441e+01
1.087413189626594630e+02
1.024259029626594923e+02
1.166355889626594688e+02
9.611048696265947910e+01
1.197932969626594826e+02
9.768934096265947176e+01
1.150567349626594620e+02
1.008470489626594713e+02
9.137392496265947273e+01
8.821621696265944479e+01
1.150567349626594904e+02
1.055836109626594919e+02
1.118990269626594909e+02
1.134778809626594693e+02
8.505850896265947370e+01
1.103201729626594840e+02
1.087413189626594772e+02
9.295277896265945117e+01
9.137392496265947273e+01
1.055836109626594919e+02
9.453163296265945803e+01
1.118990269626594767e+02
1.008470489626594571e+02
1.166355889626594831e+02
1.118990269626594909e+02
1.071624649626594703e+02
8.821621696265947321e+01
1.197932969626594684e+02
1.087413189626594772e+02
1.134778809626594835e+02
1.008470489626594713e+02
1.118990269626594767e+02
9.926819496265946441e+01
9.768934096265947176e+01
1.182144429626594757e+02
9.453163296265944382e+01
9.453163296265945803e+01
1.008470489626594997e+02
1.024259029626594639e+02
1.024259029626594639e+02
1.008470489626594571e+02
1.040047569626594850e+02
1.103201729626594698e+02
1.197932969626594684e+02
1.182144429626594615e+02
9.768934096265945755e+01
1.197932969626594684e+02
1.213721509626594610e+02
1.197932969626594826e+02
9.768934096265947176e+01
1.118990269626594767e+02
9.768934096265950018e+01
1.134778809626594835e+02
1.182144429626594757e+02
9.611048696265946489e+01
1.008470489626594713e+02
8.663736296265945214e+01
1.055836109626594634e+02
1.213721509626594610e+02
9.768934096265947176e+01
1.008470489626594571e+02
1.024259029626594639e+02
1.040047569626594708e+02
1.134778809626594835e+02
1.024259029626594781e+02
1.071624649626594703e+02
1.071624649626594845e+02
1.024259029626594497e+02
9.768934096265947176e+01
1.055836109626594777e+02
8.821621696265947321e+01
1.118990269626594909e+02
9.768934096265947176e+01
1.008470489626594571e+02
1.008470489626594713e+02
1.040047569626594708e+02
8.979507096265946586e+01
9.453163296265945803e+01
9.926819496265946441e+01
8.505850896265947370e+01
1.024259029626594639e+02
1.071624649626594703e+02
9.137392496265944430e+01
8.505850896265947370e+01
8.821621696265944479e+01
8.821621696265944479e+01
1.040047569626594708e+02
9.768934096265947176e+01
9.768934096265945755e+01
1.166355889626594688e+02
8.979507096265948007e+01
1.118990269626594909e+02
1.024259029626594639e+02
1.055836109626594919e+02
1.024259029626594639e+02
9.768934096265947176e+01
1.071624649626594845e+02
7.400653096265945408e+01
9.453163296265945803e+01
1.008470489626594855e+02
1.024259029626594781e+02
1.182144429626594757e+02
1.150567349626594762e+02
1.040047569626594708e+02
1.103201729626594698e+02
1.024259029626594639e+02
1.071624649626594561e+02
1.197932969626594684e+02
9.295277896265949380e+01
1.071624649626594845e+02
1.103201729626594840e+02
1.024259029626594781e+02
1.166355889626594688e+02
9.453163296265947224e+01
1.197932969626594684e+02
9.137392496265947273e+01
1.008470489626594713e+02
1.024259029626594639e+02
1.055836109626594492e+02
1.055836109626594919e+02
8.032194696265945311e+01
1.055836109626594919e+02
1.040047569626594708e+02
9.611048696265947910e+01
1.087413189626594772e+02
9.768934096265945755e+01
1.071624649626594845e+02
9.453163296265948645e+01
9.768934096265948597e+01
9.453163296265948645e+01
1.008470489626594713e+02
9.295277896265946538e+01
1.134778809626594835e+02
1.166355889626594831e+02
1.024259029626594781e+02
1.103201729626594840e+02
1.040047569626594850e+02
1.197932969626594826e+02
1.229510049626594679e+02
9.768934096265947176e+01
1.071624649626594703e+02
9.137392496265945852e+01
1.103201729626594698e+02
9.926819496265945020e+01
1.150567349626594904e+02
8.505850896265947370e+01
1.134778809626594551e+02
1.103201729626594840e+02
1.118990269626594625e+02
9.295277896265945117e+01
1.008470489626594429e+02
9.295277896265946538e+01
8.979507096265945165e+01
9.926819496265946441e+01
8.190080096265948839e+01
1.103201729626594840e+02
9.768934096265947176e+01
8.663736296265945214e+01
1.118990269626594625e+02
9.926819496265946441e+01
1.118990269626594767e+02
1.071624649626594703e+02
1.166355889626594688e+02
1.055836109626594634e+02
1.024259029626594781e+02
1.182144429626594899e+02
8.979507096265946586e+01
1.166355889626594688e+02
1.150567349626594904e+02
1.071624649626594845e+02
1.055836109626594919e+02
1.197932969626594826e+02
9.768934096265948597e+01
1.087413189626594772e+02
1.040047569626594708e+02
1.024259029626594497e+02
1.008470489626594713e+02
1.008470489626594713e+02
1.134778809626594835e+02
1.087413189626594772e+02
1.150567349626594762e+02
1.276875669626594885e+02
9.295277896265947959e+01
7.874309296265946045e+01
1.087413189626594630e+02
1.134778809626594835e+02
8.032194696265946732e+01
1.103201729626594840e+02
1.055836109626594634e+02
1.103201729626594840e+02
1.071624649626594561e+02
8.979507096265948007e+01
8.032194696265945311e+01
9.926819496265946441e+01
1.071624649626594703e+02
1.150567349626594904e+02
8.190080096265947418e+01
9.926819496265947862e+01
7.400653096265945408e+01
1.182144429626594757e+02
9.453163296265945803e+01
9.768934096265947176e+01
1.040047569626594708e+02
9.295277896265945117e+01
9.137392496265944430e+01
9.611048696265945068e+01
1.118990269626594625e+02
1.055836109626594919e+02
1.103201729626594698e+02
8.347965496265949525e+01
1.071624649626594703e+02
1.118990269626594767e+02
1.182144429626594899e+02
1.355818369626594802e+02
1.103201729626594698e+02
1.055836109626594777e+02
8.190080096265945997e+01
1.118990269626594625e+02
1.118990269626594625e+02
1.197932969626594684e+02
1.055836109626594634e+02
1.087413189626594772e+02
1.213721509626594894e+02
1.118990269626594767e+02
1.308452749626594880e+02
9.295277896265945117e+01
1.134778809626594693e+02
1.071624649626594703e+02
8.347965496265945262e+01
1.229510049626594821e+02
1.040047569626594708e+02
1.355818369626594802e+02
1.024259029626594923e+02
1.103201729626594840e+02
1.103201729626594698e+02
9.768934096265948597e+01
1.040047569626594850e+02
9.295277896265946538e+01
1.229510049626594821e+02
1.071624649626594845e+02
1.213721509626594894e+02
1.261087129626594674e+02
1.087413189626594772e+02
1.134778809626594835e+02
1.197932969626594826e+02
1.024259029626594639e+02
1.118990269626594767e+02
9.926819496265946441e+01
9.926819496265946441e+01
1.166355889626594688e+02
1.166355889626594688e+02
9.453163296265947224e+01
1.118990269626594767e+02
9.611048696265946489e+01
1.150567349626594762e+02
8.663736296265946635e+01
1.040047569626594708e+02
8.190080096265947418e+01
1.103201729626594698e+02
1.182144429626594615e+02
1.040047569626594708e+02
1.087413189626594772e+02
9.611048696265946489e+01
9.453163296265945803e+01
9.926819496265946441e+01
1.197932969626594826e+02
1.040047569626594424e+02
1.103201729626594556e+02
1.040047569626594850e+02
1.276875669626594743e+02
1.134778809626594835e+02
1.118990269626594909e+02
1.134778809626594835e+02
1.008470489626594855e+02
8.979507096265946586e+01
9.611048696265947910e+01
9.453163296265944382e+01
1.055836109626594777e+02
1.245298589626594890e+02
1.150567349626594904e+02
9.295277896265947959e+01
1.150567349626594762e+02
8.505850896265945948e+01
1.150567349626594904e+02
9.453163296265945803e+01
9.295277896265945117e+01
1.071624649626594845e+02
8.821621696265947321e+01
1.103201729626594698e+02
1.229510049626594821e+02
1.150567349626594762e+02
1.103201729626594698e+02
8.821621696265947321e+01
1.040047569626594850e+02
1.134778809626594693e+02
1.229510049626594821e+02
1.087413189626594772e+02
1.008470489626594855e+02
1.008470489626594713e+02
9.611048696265949332e+01
1.276875669626594600e+02
9.768934096265948597e+01
1.055836109626594919e+02
1.118990269626594909e+02
1.008470489626594855e+02
1.118990269626594909e+02
9.768934096265948597e+01
1.071624649626594561e+02
8.663736296265945214e+01
1.229510049626594679e+02
9.611048696265946489e+01
1.071624649626594845e+02
1.024259029626594781e+02
1.103201729626594698e+02
9.611048696265946489e+01
9.768934096265947176e+01
1.197932969626594826e+02
9.768934096265948597e+01
1.071624649626594703e+02
1.040047569626594708e+02
1.040047569626594566e+02
1.150567349626594620e+02
1.008470489626594855e+02
9.926819496265946441e+01
9.926819496265946441e+01
1.134778809626594835e+02
8.821621696265945900e+01
9.137392496265944430e+01
1.103201729626594840e+02
1.008470489626594713e+02
1.040047569626594850e+02
1.008470489626594855e+02
1.103201729626594840e+02
1.040047569626594708e+02
9.611048696265947910e+01
1.055836109626594919e+02
1.071624649626594703e+02
1.103201729626594840e+02
9.611048696265946489e+01
1.008470489626594855e+02
8.190080096265945997e+01
9.768934096265947176e+01
8.505850896265947370e+01
1.008470489626594855e+02
1.387395449626594655e+02
1.197932969626594826e+02
1.150567349626594762e+02
9.926819496265945020e+01
1.118990269626594625e+02
1.071624649626594561e+02
1.213721509626594894e+02
9.453163296265945803e+01
1.040047569626594708e+02
1.008470489626594713e+02
1.103201729626594840e+02
1.118990269626594625e+02
8.032194696265945311e+01
1.118990269626594767e+02
1.134778809626594835e+02
1.103201729626594840e+02
9.453163296265947224e+01
9.295277896265949380e+01
1.040047569626594708e+02
8.663736296265946635e+01
1.229510049626594821e+02
1.055836109626594919e+02
1.118990269626594767e+02
1.166355889626594688e+02
8.505850896265945948e+01
9.768934096265948597e+01
1.182144429626594899e+02
1.134778809626594693e+02
1.040047569626594708e+02
1.055836109626594634e+02
1.134778809626594693e+02
1.276875669626594743e+02
9.137392496265945852e+01
1.071624649626594561e+02
1.008470489626594713e+02
7.716423896265946780e+01
1.087413189626594772e+02
9.137392496265945852e+01
1.087413189626594630e+02
1.166355889626594688e+02
1.008470489626594571e+02
1.008470489626594713e+02
9.453163296265950066e+01
9.926819496265946441e+01
9.768934096265947176e+01
1.182144429626594615e+02
1.008470489626594713e+02
1.087413189626594772e+02
1.150567349626594762e+02
8.663736296265945214e+01
1.071624649626594703e+02
1.040047569626594708e+02
9.611048696265947910e+01
9.926819496265947862e+01
9.768934096265945755e+01
9.926819496265946441e+01
9.453163296265947224e+01
1.118990269626594625e+02
9.926819496265949283e+01
1.197932969626594826e+02
8.505850896265947370e+01
1.040047569626594708e+02
9.768934096265948597e+01
1.087413189626594630e+02
8.821621696265947321e+01
8.663736296265948056e+01
1.103201729626594698e+02
8.821621696265945900e+01
1.087413189626594630e+02
1.103201729626594840e+02
1.261087129626594674e+02
1.087413189626594772e+02
1.166355889626594831e+02
1.071624649626594561e+02
1.055836109626594919e+02
1.213721509626594752e+02
9.926819496265945020e+01
1.024259029626594781e+02
9.926819496265947862e+01
1.055836109626594919e+02
9.926819496265945020e+01
9.768934096265947176e+01
1.134778809626594693e+02
1.071624649626594703e+02
1.040047569626594850e+02
1.008470489626594571e+02
9.926819496265945020e+01
1.261087129626594674e+02
1.040047569626594708e+02
1.213721509626594894e+02
1.055836109626594634e+02
1.276875669626594885e+02
8.979507096265946586e+01
1.087413189626594630e+02
1.118990269626594767e+02
1.197932969626594684e+02
1.150567349626594620e+02
1.008470489626594713e+02
1.071624649626594845e+02
1.024259029626594781e+02
1.024259029626594781e+02
1.008470489626594713e+02
9.453163296265945803e+01
1.040047569626594566e+02
1.118990269626594625e+02
9.611048696265949332e+01
1.055836109626594777e+02
1.245298589626594890e+02
8.663736296265946635e+01
1.118990269626594625e+02
8.821621696265944479e+01
9.926819496265947862e+01
1.245298589626594747e+02
1.024259029626594639e+02
1.229510049626594679e+02
1.040047569626594850e+02
1.008470489626594855e+02
1.118990269626594767e+02
1.118990269626594767e+02
1.055836109626594634e+02
1.071624649626594845e+02
1.150567349626594762e+02
1.055836109626594777e+02
1.245298589626594605e+02
1.071624649626594561e+02
1.055836109626594777e+02
1.024259029626594497e+02
1.134778809626594835e+02
1.134778809626594693e+02
8.663736296265949477e+01
1.118990269626594909e+02
9.295277896265946538e+01
9.611048696265947910e+01
1.087413189626594914e+02
1.103201729626594698e+02
1.150567349626594762e+02
1.071624649626594703e+02
1.118990269626594625e+02
1.166355889626594688e+02
1.024259029626594781e+02
8.821621696265945900e+01
1.087413189626594630e+02
1.150567349626594904e+02
9.453163296265945803e+01
1.055836109626594777e+02
1.150567349626594620e+02
1.340029829626594733e+02
1.071624649626594703e+02
1.103201729626594840e+02
9.768934096265947176e+01
1.182144429626594615e+02
9.926819496265945020e+01
8.663736296265946635e+01
1.071624649626594703e+02
1.071624649626594703e+02
1.087413189626594914e+02
1.103201729626594840e+02
1.008470489626594855e+02
1.150567349626594904e+02
9.453163296265944382e+01
1.292664209626594811e+02
1.008470489626594713e+02
1.166355889626594831e+02
1.008470489626594713e+02
1.024259029626594781e+02
9.611048696265947910e+01
1.040047569626594850e+02
1.166355889626594688e+02
8.979507096265948007e+01
1.197932969626594968e+02
8.663736296265948056e+01
9.926819496265949283e+01
1.182144429626594899e+02
1.055836109626594777e+02
1.071624649626594845e+02
9.295277896265945117e+01
1.197932969626594826e+02
1.134778809626594693e+02
9.295277896265947959e+01
1.150567349626594762e+02
1.118990269626594767e+02
9.137392496265945852e+01
8.821621696265947321e+01
9.295277896265946538e+01
9.768934096265947176e+01
9.611048696265946489e+01
1.071624649626594561e+02
1.024259029626594923e+02
8.663736296265945214e+01
9.295277896265946538e+01
1.040047569626594566e+02
1.087413189626594772e+02
1.008470489626594855e+02
1.245298589626594747e+02
1.103201729626594698e+02
1.118990269626594625e+02
1.166355889626594831e+02
1.103201729626594840e+02
1.229510049626594821e+02
1.213721509626594752e+02
9.768934096265948597e+01
9.768934096265948597e+01
1.055836109626594777e+02
1.071624649626594845e+02
1.166355889626594688e+02
1.134778809626594693e+02
1.292664209626594811e+02
1.150567349626594620e+02
1.071624649626594703e+02
1.182144429626594757e+02
8.979507096265948007e+01
1.008470489626594713e+02
1.245298589626594747e+02
1.118990269626594909e+02
1.087413189626594772e+02
1.166355889626594688e+02
9.768934096265945755e+01
1.229510049626594679e+02
1.008470489626594713e+02
1.166355889626594831e+02
1.040047569626594708e+02
1.150567349626594762e+02
1.229510049626594679e+02
1.134778809626594693e+02
1.071624649626594845e+02
7.716423896265948201e+01
1.245298589626594747e+02
1.103201729626594840e+02
1.229510049626594821e+02
1.071624649626594703e+02
1.040047569626594850e+02
1.150567349626594904e+02
1.071624649626594845e+02
1.024259029626594639e+02
1.024259029626594781e+02
1.166355889626594831e+02
9.926819496265949283e+01
9.295277896265946538e+01
9.768934096265947176e+01
1.103201729626594698e+02
1.276875669626594743e+02
1.055836109626594777e+02
1.292664209626594811e+02
1.087413189626594772e+02
1.008470489626594713e+02
1.008470489626594429e+02
1.197932969626594684e+02
1.182144429626594757e+02
1.103201729626594698e+02
1.103201729626594840e+02
1.245298589626594747e+02
1.166355889626594831e+02
1.150567349626594762e+02
1.024259029626594781e+02
1.024259029626594639e+02
1.024259029626594639e+02
1.071624649626594703e+02
1.150567349626594762e+02
1.040047569626594850e+02
1.055836109626594919e+02
1.040047569626594708e+02
1.055836109626594777e+02
9.453163296265945803e+01
1.197932969626594826e+02
9.611048696265945068e+01
1.276875669626594600e+02
1.071624649626594561e+02
9.768934096265948597e+01
1.008470489626594571e+02
9.295277896265946538e+01
8.190080096265947418e+01
1.055836109626594777e+02
1.055836109626594777e+02
9.768934096265947176e+01
1.040047569626594708e+02
9.768934096265947176e+01
1.008470489626594571e+02
9.295277896265946538e+01
1.087413189626594772e+02
1.071624649626594561e+02
1.040047569626594708e+02
9.768934096265945755e+01
1.024259029626594639e+02
9.768934096265948597e+01
1.229510049626594821e+02
1.024259029626594781e+02
9.137392496265944430e+01
1.197932969626594684e+02
1.118990269626594767e+02
1.008470489626594713e+02
1.229510049626594679e+02
1.040047569626594566e+02
1.055836109626594634e+02
1.166355889626594688e+02
8.663736296265945214e+01
9.926819496265947862e+01
1.118990269626594909e+02
8.190080096265944576e+01
8.505850896265945948e+01
1.118990269626594909e+02
8.347965496265948104e+01
1.024259029626594781e+02
9.295277896265946538e+01
1.008470489626594855e+02
1.103201729626594698e+02
1.087413189626594630e+02
1.024259029626594639e+02
1.008470489626594713e+02
1.150567349626594762e+02
1.308452749626594880e+02
1.055836109626594919e+02
1.071624649626594845e+02
9.611048696265949332e+01
1.103201729626594840e+02
1.055836109626594634e+02
1.087413189626594914e+02
9.611048696265946489e+01
1.229510049626594821e+02
1.118990269626594767e+02
9.295277896265947959e+01
9.926819496265947862e+01
1.087413189626594772e+02
9.137392496265945852e+01
1.182144429626594757e+02
1.118990269626594767e+02
1.166355889626594973e+02
1.055836109626594634e+02
1.134778809626594835e+02
9.926819496265945020e+01
8.347965496265946683e+01
1.103201729626594698e+02
1.087413189626594772e+02
1.166355889626594973e+02
1.150567349626594762e+02
1.229510049626594821e+02
1.150567349626594620e+02
9.768934096265948597e+01
9.453163296265948645e+01
9.768934096265948597e+01
9.611048696265946489e+01
9.926819496265947862e+01
1.040047569626594424e+02
1.008470489626594713e+02
1.134778809626594835e+02
1.118990269626594767e+02
1.103201729626594698e+02
1.134778809626594693e+02
1.008470489626594713e+02
1.197932969626594826e+02
9.611048696265947910e+01
1.071624649626594845e+02
1.024259029626594781e+02
1.118990269626594767e+02
9.926819496265947862e+01
9.453163296265945803e+01
1.040047569626594708e+02
1.055836109626594777e+02
1.024259029626594639e+02
1.087413189626594772e+02
1.008470489626594713e+02
1.103201729626594840e+02
9.768934096265948597e+01
1.118990269626594625e+02
1.040047569626594708e+02
1.134778809626594693e+02
1.024259029626594639e+02
8.979507096265946586e+01
1.008470489626594571e+02
1.008470489626594855e+02
1.213721509626594894e+02
1.213721509626594752e+02
1.087413189626594914e+02
1.008470489626594713e+02
1.071624649626594845e+02
1.008470489626594997e+02
1.071624649626594845e+02
1.024259029626594923e+02
1.040047569626594992e+02
1.024259029626594781e+02
1.087413189626594772e+02
1.103201729626594698e+02
1.040047569626594708e+02
1.118990269626594767e+02
1.071624649626594703e+02
1.134778809626594693e+02
1.071624649626594703e+02
1.087413189626594772e+02
8.821621696265945900e+01
1.150567349626594762e+02
1.134778809626594835e+02
1.213721509626594610e+02
1.024259029626594781e+02
1.055836109626594634e+02
1.087413189626594914e+02
1.087413189626594914e+02
1.087413189626594630e+02
7.874309296265946045e+01
1.166355889626594831e+02
1.024259029626594781e+02
1.071624649626594703e+02
1.308452749626594880e+02
8.979507096265945165e+01
1.134778809626594693e+02
1.166355889626594831e+02
1.150567349626594620e+02
1.103201729626594698e+02
9.926819496265947862e+01
1.071624649626594845e+02
1.071624649626594845e+02
1.071624649626594845e+02
1.055836109626594777e+02
9.611048696265947910e+01
1.150567349626594762e+02
1.308452749626594596e+02
1.166355889626594688e+02
1.166355889626594831e+02
8.505850896265945948e+01
9.768934096265944333e+01
1.103201729626594698e+02
1.261087129626594816e+02
1.008470489626594855e+02
1.024259029626594781e+02
9.137392496265948694e+01
9.611048696265946489e+01
1.055836109626594919e+02
9.611048696265947910e+01
9.926819496265949283e+01
1.024259029626594781e+02
1.071624649626594561e+02
1.040047569626594850e+02
1.150567349626594904e+02
1.245298589626594605e+02
1.261087129626594674e+02
1.134778809626594835e+02
1.071624649626594703e+02
1.040047569626594566e+02
1.166355889626594688e+02
1.055836109626594777e+02
1.087413189626594630e+02
9.926819496265949283e+01
9.926819496265945020e+01
1.008470489626594855e+02
9.295277896265945117e+01
1.024259029626594639e+02
1.103201729626594698e+02
1.166355889626594831e+02
1.276875669626594743e+02
1.118990269626594767e+02
9.611048696265946489e+01
8.979507096265946586e+01
9.768934096265948597e+01
8.821621696265945900e+01
1.245298589626594605e+02
1.182144429626594757e+02
1.087413189626594772e+02
1.008470489626594571e+02
1.197932969626594826e+02
9.768934096265947176e+01
9.453163296265947224e+01
1.134778809626594693e+02
9.137392496265944430e+01
8.663736296265946635e+01
9.768934096265947176e+01
1.166355889626594831e+02
1.134778809626594835e+02
8.190080096265947418e+01
1.040047569626594708e+02
1.024259029626594781e+02
1.071624649626594845e+02
1.150567349626594478e+02
1.197932969626594826e+02
1.008470489626594855e+02
9.137392496265945852e+01
1.118990269626594767e+02
1.087413189626594772e+02
1.055836109626594919e+02
1.182144429626594757e+02
1.087413189626594630e+02
1.103201729626594698e+02
9.453163296265945803e+01
1.166355889626594831e+02
1.182144429626594757e+02
9.611048696265947910e+01
1.087413189626594630e+02
1.134778809626594693e+02
8.821621696265945900e+01
1.134778809626594835e+02
1.118990269626594767e+02
9.453163296265944382e+01
1.055836109626594634e+02
8.190080096265947418e+01
1.008470489626594713e+02
1.008470489626594713e+02
9.453163296265948645e+01
1.071624649626594845e+02
1.055836109626594777e+02
1.134778809626594693e+02
1.071624649626594703e+02
1.197932969626594826e+02
8.347965496265948104e+01
1.261087129626594816e+02
8.979507096265945165e+01
1.087413189626594772e+02
1.150567349626594762e+02
1.134778809626594835e+02
9.453163296265945803e+01
8.663736296265948056e+01
1.150567349626594762e+02
1.213721509626594894e+02
1.134778809626594835e+02
8.347965496265945262e+01
1.071624649626594561e+02
8.979507096265945165e+01
9.137392496265944430e+01
8.979507096265945165e+01
1.166355889626594973e+02
8.821621696265945900e+01
9.768934096265947176e+01
1.150567349626594478e+02
8.505850896265947370e+01
1.055836109626594634e+02
1.087413189626594630e+02
9.611048696265946489e+01
1.103201729626594698e+02
1.024259029626594497e+02
1.261087129626594816e+02
1.087413189626594914e+02
1.245298589626594747e+02
1.071624649626594703e+02
1.055836109626594777e+02
1.150567349626594904e+02
1.150567349626594620e+02
1.087413189626594914e+02
1.182144429626594757e+02
1.024259029626594497e+02
9.926819496265946441e+01
1.118990269626594767e+02
1.213721509626594752e+02
1.071624649626594845e+02
1.118990269626594767e+02
9.611048696265946489e+01
1.118990269626594625e+02
9.453163296265947224e+01
1.024259029626594639e+02
1.245298589626594747e+02
9.768934096265947176e+01
1.229510049626594963e+02
1.134778809626594835e+02
1.040047569626594708e+02
1.040047569626594708e+02
1.040047569626594850e+02
1.071624649626594703e+02
1.055836109626594777e+02
1.087413189626594914e+02
1.055836109626594777e+02
1.261087129626594816e+02
1.008470489626594571e+02
1.213721509626594752e+02
1.055836109626594777e+02
9.926819496265949283e+01
9.295277896265945117e+01
1.071624649626594845e+02
9.295277896265945117e+01
1.087413189626594630e+02
8.032194696265945311e+01
1.024259029626594497e+02
1.166355889626594688e+02
1.040047569626594708e+02
1.103201729626594698e+02
1.150567349626594620e+02
9.295277896265945117e+01
1.071624649626594703e+02
9.926819496265946441e+01
1.040047569626594708e+02
1.118990269626594767e+02
1.040047569626594708e+02
1.118990269626594625e+02
1.040047569626594850e+02
1.055836109626594634e+02
1.055836109626594634e+02
1.055836109626594777e+02
1.182144429626594757e+02
1.182144429626594615e+02
9.295277896265945117e+01
1.087413189626594772e+02
1.150567349626594762e+02
8.663736296265945214e+01
1.261087129626594674e+02
1.182144429626594757e+02
1.055836109626594777e+02
9.768934096265948597e+01
1.087413189626594772e+02
1.040047569626594850e+02
1.055836109626594777e+02
1.182144429626594757e+02
8.663736296265946635e+01
1.103201729626594840e+02
9.768934096265948597e+01
1.071624649626594703e+02
1.103201729626594698e+02
1.055836109626594634e+02
1.071624649626594703e+02
9.453163296265945803e+01
1.118990269626594625e+02
1.024259029626594923e+02
8.347965496265946683e+01
1.040047569626594708e+02
8.347965496265946683e+01
9.137392496265947273e+01
9.453163296265945803e+01
1.134778809626594835e+02
9.295277896265947959e+01
1.008470489626594429e+02
1.055836109626594634e+02
9.295277896265945117e+01
9.926819496265946441e+01
1.008470489626594571e+02
1.071624649626594703e+02
8.979507096265946586e+01
1.055836109626594634e+02
1.087413189626594772e+02
1.024259029626594781e+02
1.055836109626594777e+02
1.150567349626594620e+02
1.071624649626594845e+02
8.663736296265946635e+01
1.229510049626594821e+02
9.137392496265947273e+01
1.150567349626594762e+02
8.663736296265946635e+01
8.347965496265948104e+01
9.768934096265945755e+01
1.118990269626594909e+02
1.150567349626594762e+02
8.190080096265944576e+01
8.505850896265945948e+01
8.347965496265948104e+01
1.040047569626594850e+02
1.182144429626594757e+02
1.024259029626594639e+02
1.166355889626594688e+02
7.558538496265947515e+01
9.611048696265946489e+01
1.071624649626594845e+02
1.040047569626594708e+02
8.979507096265948007e+01
1.340029829626594733e+02
1.103201729626594840e+02
1.040047569626594850e+02
9.768934096265947176e+01
9.768934096265948597e+01
9.295277896265946538e+01
9.611048696265946489e+01
1.008470489626594571e+02
7.874309296265946045e+01
9.611048696265946489e+01
1.087413189626594914e+02
8.032194696265945311e+01
1.134778809626594835e+02
9.295277896265949380e+01
1.087413189626594772e+02
9.611048696265947910e+01
9.453163296265947224e+01
1.071624649626594703e+02
8.190080096265947418e+01
1.040047569626594850e+02
1.055836109626594492e+02
1.276875669626594885e+02
1.245298589626594605e+02
1.134778809626594835e+02
1.213721509626594894e+02
1.118990269626594909e+02
9.137392496265947273e+01
9.137392496265947273e+01
1.103201729626594698e+02
1.071624649626594845e+02
1.118990269626594909e+02
9.453163296265947224e+01
1.182144429626594757e+02
1.166355889626594688e+02
1.071624649626594703e+02
1.118990269626594625e+02
1.134778809626594835e+02
1.229510049626594679e+02
1.213721509626594894e+02
1.134778809626594693e+02
1.008470489626594713e+02
9.768934096265948597e+01
1.308452749626594596e+02
9.768934096265947176e+01
1.340029829626594733e+02
9.768934096265948597e+01
8.505850896265948791e+01
9.768934096265947176e+01
1.166355889626594688e+02
1.213721509626594752e+02
8.821621696265945900e+01
1.197932969626594826e+02
1.182144429626594757e+02
8.821621696265947321e+01
1.040047569626594566e+02
1.229510049626594679e+02
1.166355889626594831e+02
1.150567349626594762e+02
1.103201729626594840e+02
1.040047569626594708e+02
1.055836109626594777e+02
1.134778809626594693e+02
9.137392496265945852e+01
1.261087129626594674e+02
1.040047569626594850e+02
1.197932969626594684e+02
1.118990269626594767e+02
1.087413189626594772e+02
1.261087129626594674e+02
1.040047569626594708e+02
1.103201729626594698e+02
1.071624649626594845e+02
1.008470489626594997e+02
1.040047569626594850e+02
1.182144429626594757e+02
1.261087129626594816e+02
1.229510049626594821e+02
1.118990269626594909e+02
1.229510049626594821e+02
9.926819496265949283e+01
1.245298589626594747e+02
1.166355889626594831e+02
1.150567349626594904e+02
1.134778809626594835e+02
9.611048696265946489e+01
1.024259029626594923e+02
1.040047569626594708e+02
1.024259029626594781e+02
1.024259029626594923e+02
1.071624649626594845e+02
1.071624649626594703e+02
1.229510049626594821e+02
1.024259029626594781e+02
9.926819496265947862e+01
9.295277896265949380e+01
1.071624649626594703e+02
1.213721509626594752e+02
1.213721509626594752e+02
1.024259029626594781e+02
1.055836109626594919e+02
1.103201729626594840e+02
1.276875669626594743e+02
1.166355889626594688e+02
1.103201729626594698e+02
1.071624649626594703e+02
9.295277896265949380e+01
1.087413189626594772e+02
1.071624649626594561e+02
1.276875669626594743e+02
9.137392496265947273e+01
9.926819496265949283e+01
1.150567349626594904e+02
9.453163296265948645e+01
1.166355889626594831e+02
1.055836109626594919e+02
9.453163296265944382e+01
1.134778809626594835e+02
9.768934096265947176e+01
9.137392496265945852e+01
9.611048696265947910e+01
1.150567349626594620e+02
9.137392496265945852e+01
1.213721509626594752e+02
8.821621696265948742e+01
9.768934096265947176e+01
1.118990269626594909e+02
9.768934096265948597e+01
1.118990269626594909e+02
1.008470489626594855e+02
1.040047569626594850e+02
9.768934096265945755e+01
1.197932969626594826e+02
9.611048696265946489e+01
1.166355889626594831e+02
1.166355889626594831e+02
9.453163296265947224e+01
1.134778809626594693e+02
9.295277896265947959e+01
9.453163296265947224e+01
1.071624649626594703e+02
1.040047569626594850e+02
1.040047569626594424e+02
1.150567349626594762e+02
1.134778809626594693e+02
1.008470489626594571e+02
9.926819496265947862e+01
1.024259029626594639e+02
1.166355889626594831e+02
1.008470489626594855e+02
1.134778809626594835e+02
1.276875669626594743e+02
9.768934096265944333e+01
1.055836109626594919e+02
8.821621696265947321e+01
1.040047569626594566e+02
9.611048696265945068e+01
1.024259029626594781e+02
1.150567349626594904e+02
1.118990269626594625e+02
1.166355889626594688e+02
9.611048696265949332e+01
1.087413189626594914e+02
1.055836109626594919e+02
9.137392496265947273e+01
9.768934096265947176e+01
1.118990269626594767e+02
1.103201729626594698e+02
9.611048696265949332e+01
1.182144429626594757e+02
9.611048696265947910e+01
1.182144429626594899e+02
1.087413189626594772e+02
1.055836109626594777e+02
8.663736296265945214e+01
1.055836109626594919e+02
1.055836109626594634e+02
1.008470489626594855e+02
9.295277896265946538e+01
1.134778809626594835e+02
9.453163296265947224e+01
1.182144429626594757e+02
1.008470489626594713e+02
1.071624649626594845e+02
1.024259029626594923e+02
1.087413189626594630e+02
1.071624649626594703e+02
8.821621696265948742e+01
1.166355889626594831e+02
9.453163296265947224e+01
1.008470489626594855e+02
1.024259029626594781e+02
1.134778809626594835e+02
1.229510049626594821e+02
1.213721509626594752e+02
1.040047569626594850e+02
1.134778809626594693e+02
8.979507096265946586e+01
1.008470489626594855e+02
1.340029829626594733e+02
1.087413189626594630e+02
9.295277896265949380e+01
8.347965496265948104e+01
1.229510049626594963e+02
1.071624649626594845e+02
1.182144429626594899e+02
1.166355889626594831e+02
1.055836109626594919e+02
1.087413189626594772e+02
1.166355889626594831e+02
9.611048696265947910e+01
1.134778809626594693e+02
9.926819496265947862e+01
1.024259029626594497e+02
1.134778809626594835e+02
1.071624649626594845e+02
1.134778809626594693e+02
1.024259029626594781e+02
1.024259029626594497e+02
1.087413189626594914e+02
8.505850896265948791e+01
8.979507096265948007e+01
1.103201729626594698e+02
1.118990269626594909e+02
9.926819496265949283e+01
1.229510049626594679e+02
8.663736296265948056e+01
8.821621696265947321e+01
1.071624649626594703e+02
1.134778809626594835e+02
8.979507096265948007e+01
1.134778809626594835e+02
1.150567349626594620e+02
9.295277896265947959e+01
8.190080096265944576e+01
9.768934096265948597e+01
9.453163296265945803e+01
1.055836109626594777e+02
1.008470489626594713e+02
9.926819496265947862e+01
1.087413189626594630e+02
9.926819496265947862e+01
1.024259029626594781e+02
1.040047569626594708e+02
9.926819496265949283e+01
1.008470489626594855e+02
8.347965496265945262e+01
9.768934096265945755e+01
9.926819496265945020e+01
8.979507096265948007e+01
9.295277896265946538e+01
9.295277896265949380e+01
1.024259029626594639e+02
1.103201729626594698e+02
1.040047569626594708e+02
9.295277896265946538e+01
1.008470489626594713e+02
9.611048696265945068e+01
1.182144429626594757e+02
9.453163296265947224e+01
1.024259029626594781e+02
1.118990269626594767e+02
1.134778809626594693e+02
1.166355889626594688e+02
1.087413189626594914e+02
1.024259029626594781e+02
9.926819496265945020e+01
8.821621696265945900e+01
1.103201729626594698e+02
1.087413189626594772e+02
7.084882296265945456e+01
1.087413189626594772e+02
8.979507096265945165e+01
9.611048696265949332e+01
1.134778809626594693e+02
1.040047569626594708e+02
1.213721509626594752e+02
9.768934096265945755e+01
8.821621696265944479e+01
9.926819496265945020e+01
8.821621696265950163e+01
1.103201729626594698e+02
1.166355889626594688e+02
1.134778809626594835e+02
9.137392496265944430e+01
1.008470489626594855e+02
9.453163296265947224e+01
1.008470489626594713e+02
9.926819496265949283e+01
1.103201729626594840e+02
6.769111496265946926e+01
1.292664209626594527e+02
9.295277896265946538e+01
9.453163296265945803e+01
1.055836109626594777e+02
1.276875669626594743e+02
1.276875669626594743e+02
8.347965496265945262e+01
1.166355889626594688e+02
8.347965496265948104e+01
9.137392496265945852e+01
9.611048696265947910e+01
8.821621696265947321e+01
9.295277896265946538e+01
8.979507096265945165e+01
9.137392496265945852e+01
8.821621696265944479e+01
9.611048696265945068e+01
8.347965496265946683e+01
1.103201729626594840e+02
8.505850896265944527e+01
1.071624649626594845e+02
1.118990269626594625e+02
1.024259029626594781e+02
1.103201729626594698e+02
8.979507096265949428e+01
9.137392496265945852e+01
1.008470489626594855e+02
1.118990269626594767e+02
9.137392496265948694e+01
8.979507096265948007e+01
1.008470489626594855e+02
9.768934096265948597e+01
1.118990269626594767e+02
1.103201729626594840e+02
1.182144429626594899e+02
1.024259029626594923e+02
1.055836109626594777e+02
1.055836109626594634e+02
1.008470489626594855e+02
1.071624649626594703e+02
9.611048696265947910e+01
1.071624649626594703e+02
1.087413189626594630e+02
9.453163296265950066e+01
1.008470489626594855e+02
1.134778809626594693e+02
1.024259029626594639e+02
8.979507096265948007e+01
1.055836109626594634e+02
9.295277896265947959e+01
1.024259029626594781e+02
9.611048696265949332e+01
1.055836109626594634e+02
8.979507096265945165e+01
1.040047569626594850e+02
1.134778809626594693e+02
9.768934096265948597e+01
9.926819496265947862e+01
1.150567349626594904e+02
1.087413189626594630e+02
1.229510049626594679e+02
9.295277896265949380e+01
9.295277896265945117e+01
9.137392496265947273e+01
1.024259029626594781e+02
9.768934096265948597e+01
1.024259029626594923e+02
1.055836109626594634e+02
1.150567349626594762e+02
9.926819496265949283e+01
9.926819496265947862e+01
9.453163296265945803e+01
1.103201729626594840e+02
8.663736296265946635e+01
1.055836109626594777e+02
1.087413189626594772e+02
1.103201729626594698e+02
8.821621696265950163e+01
9.926819496265945020e+01
1.103201729626594840e+02
9.926819496265946441e+01
1.087413189626594914e+02
1.150567349626594904e+02
1.071624649626594845e+02
9.768934096265948597e+01
9.768934096265948597e+01
9.768934096265948597e+01
1.071624649626594845e+02
9.295277896265949380e+01
1.087413189626594772e+02
1.008470489626594571e+02
1.134778809626594835e+02
1.182144429626594615e+02
9.137392496265947273e+01
1.040047569626594708e+02
1.087413189626594772e+02
8.663736296265945214e+01
1.024259029626594923e+02
9.611048696265947910e+01
9.453163296265947224e+01
1.024259029626594923e+02
9.295277896265946538e+01
1.245298589626594890e+02
9.453163296265947224e+01
1.087413189626594914e+02
1.103201729626594840e+02
9.611048696265945068e+01
9.926819496265946441e+01
8.663736296265946635e+01
1.150567349626594762e+02
8.663736296265946635e+01
8.032194696265946732e+01
8.979507096265946586e+01
7.716423896265945359e+01
9.768934096265945755e+01
9.768934096265948597e+01
1.134778809626594835e+02
9.137392496265944430e+01
1.024259029626594781e+02
9.768934096265947176e+01
9.926819496265947862e+01
1.087413189626594914e+02
1.071624649626594845e+02
9.768934096265947176e+01
1.087413189626594772e+02
9.611048696265947910e+01
8.663736296265948056e+01
9.768934096265948597e+01
1.040047569626594708e+02
9.926819496265949283e+01
8.032194696265946732e+01
1.055836109626594492e+02
1.118990269626594625e+02
1.087413189626594630e+02
9.926819496265946441e+01
1.292664209626594811e+02
1.055836109626594919e+02
1.182144429626594757e+02
1.213721509626594894e+02
9.926819496265949283e+01
1.040047569626594708e+02
9.295277896265946538e+01
1.182144429626594899e+02
1.118990269626594909e+02
1.071624649626594845e+02
9.295277896265946538e+01
9.137392496265945852e+01
1.213721509626594894e+02
8.979507096265948007e+01
9.926819496265946441e+01
1.103201729626594698e+02
9.926819496265946441e+01
9.295277896265949380e+01
8.979507096265945165e+01
1.166355889626594831e+02
1.182144429626594757e+02
8.821621696265945900e+01
1.182144429626594757e+02
9.295277896265949380e+01
1.213721509626594752e+02
9.453163296265947224e+01
1.150567349626594904e+02
1.182144429626594757e+02
1.182144429626594757e+02
1.071624649626594703e+02
1.024259029626594639e+02
1.024259029626594639e+02
1.087413189626594914e+02
1.040047569626594708e+02
9.926819496265946441e+01
1.008470489626594713e+02
8.821621696265948742e+01
9.768934096265945755e+01
1.040047569626594708e+02
9.295277896265949380e+01
9.137392496265948694e+01
1.040047569626594850e+02
1.087413189626594630e+02
9.926819496265945020e+01
1.008470489626594429e+02
9.453163296265947224e+01
1.118990269626594909e+02
1.166355889626594688e+02
1.071624649626594845e+02
1.182144429626594757e+02
1.103201729626594840e+02
1.134778809626594835e+02
1.008470489626594855e+02
1.197932969626594826e+02
1.118990269626594767e+02
9.926819496265949283e+01
9.611048696265945068e+01
1.008470489626594713e+02
1.040047569626594708e+02
1.087413189626594772e+02
9.768934096265948597e+01
1.213721509626594752e+02
1.118990269626594625e+02
1.040047569626594850e+02
1.087413189626594772e+02
9.611048696265949332e+01
1.055836109626594777e+02
9.295277896265946538e+01
1.024259029626594923e+02
9.137392496265947273e+01
1.008470489626594855e+02
1.040047569626594850e+02
1.245298589626594890e+02
1.134778809626594835e+02
9.768934096265945755e+01
9.611048696265947910e+01
8.821621696265945900e+01
8.821621696265947321e+01
1.087413189626594772e+02
1.024259029626594639e+02
9.768934096265947176e+01
8.979507096265948007e+01
1.055836109626594777e+02
1.134778809626594693e+02
1.024259029626594639e+02
8.821621696265944479e+01
1.213721509626594894e+02
8.821621696265945900e+01
1.166355889626594831e+02
9.453163296265947224e+01
1.055836109626594919e+02
1.008470489626594713e+02
9.768934096265947176e+01
9.768934096265948597e+01
9.926819496265946441e+01
1.213721509626594752e+02
1.071624649626594845e+02
1.134778809626594835e+02
1.024259029626594781e+02
9.453163296265945803e+01
9.768934096265945755e+01
7.874309296265947467e+01
1.245298589626594605e+02
1.182144429626594899e+02
1.118990269626594767e+02
9.453163296265947224e+01
1.150567349626594620e+02
9.768934096265947176e+01
9.768934096265948597e+01
9.926819496265947862e+01
1.134778809626594693e+02
9.926819496265946441e+01
1.071624649626594703e+02
8.979507096265945165e+01
1.229510049626594821e+02
1.134778809626594835e+02
1.261087129626594674e+02
9.611048696265945068e+01
8.190080096265944576e+01
1.040047569626594708e+02
1.245298589626594890e+02
1.040047569626594708e+02
1.118990269626594767e+02
1.118990269626594767e+02
9.926819496265945020e+01
1.261087129626594674e+02
9.768934096265947176e+01
1.071624649626594703e+02
1.134778809626594835e+02
1.008470489626594713e+02
9.768934096265948597e+01
9.926819496265946441e+01
1.213721509626594752e+02
9.926819496265947862e+01
1.087413189626594772e+02
9.611048696265949332e+01
8.347965496265948104e+01
1.008470489626594571e+02
1.040047569626594708e+02
1.134778809626594693e+02
9.611048696265947910e+01
9.926819496265946441e+01
1.040047569626594850e+02
1.182144429626594757e+02
1.103201729626594840e+02
1.071624649626594845e+02
1.087413189626594914e+02
8.347965496265945262e+01
1.055836109626594777e+02
1.008470489626594855e+02
1.087413189626594914e+02
1.055836109626594919e+02
1.150567349626594762e+02
1.040047569626594850e+02
1.024259029626594781e+02
9.295277896265949380e+01
1.182144429626594757e+02
1.008470489626594855e+02
1.008470489626594713e+02
1.071624649626594845e+02
1.245298589626594747e+02
1.261087129626594674e+02
1.071624649626594703e+02
8.979507096265946586e+01
1.071624649626594703e+02
1.087413189626594630e+02
1.340029829626594733e+02
1.134778809626594835e+02
9.926819496265947862e+01
1.118990269626594767e+02
1.150567349626594762e+02
9.295277896265947959e+01
1.055836109626594634e+02
1.087413189626594630e+02
1.071624649626594845e+02
1.134778809626594835e+02
9.611048696265947910e+01
1.166355889626594831e+02
9.611048696265946489e+01
8.505850896265945948e+01
1.071624649626594703e+02
1.055836109626594634e+02
1.182144429626594757e+02
8.821621696265947321e+01
1.197932969626594684e+02
1.118990269626594767e+02
1.071624649626594703e+02
1.118990269626594909e+02
1.197932969626594684e+02
1.150567349626594762e+02
1.071624649626594845e+02
1.040047569626594708e+02
1.087413189626594772e+02
1.103201729626594698e+02
9.926819496265947862e+01
9.611048696265947910e+01
1.024259029626594781e+02
1.087413189626594772e+02
1.276875669626594743e+02
1.150567349626594620e+02
1.087413189626594914e+02
1.245298589626594747e+02
1.008470489626594429e+02
1.087413189626594772e+02
1.071624649626594703e+02
1.229510049626594821e+02
1.229510049626594679e+02
1.118990269626594909e+02
1.040047569626594850e+02
1.071624649626594845e+02
1.118990269626594767e+02
1.197932969626594684e+02
1.118990269626594625e+02
1.150567349626594620e+02
1.024259029626594781e+02
1.040047569626594566e+02
9.768934096265948597e+01
9.611048696265947910e+01
8.347965496265949525e+01
1.261087129626594674e+02
1.040047569626594850e+02
1.197932969626594684e+02
1.150567349626594762e+02
1.087413189626594630e+02
1.071624649626594703e+02
1.118990269626594625e+02
1.150567349626594904e+02
1.071624649626594703e+02
1.261087129626594674e+02
8.979507096265948007e+01
1.213721509626594752e+02
1.103201729626594840e+02
8.979507096265945165e+01
1.087413189626594772e+02
9.611048696265947910e+01
9.295277896265946538e+01
8.979507096265945165e+01
1.008470489626594713e+02
1.103201729626594698e+02
8.505850896265945948e+01
1.166355889626594688e+02
8.821621696265947321e+01
1.134778809626594693e+02
9.926819496265946441e+01
1.071624649626594703e+02
1.055836109626594634e+02
1.024259029626594781e+02
1.134778809626594693e+02
1.071624649626594845e+02
1.166355889626594831e+02
9.295277896265946538e+01
8.821621696265945900e+01
9.295277896265946538e+01
1.040047569626594708e+02
1.040047569626594566e+02
1.103201729626594698e+02
1.276875669626594885e+02
9.926819496265947862e+01
1.071624649626594703e+02
8.347965496265948104e+01
9.137392496265947273e+01
1.103201729626594698e+02
8.979507096265945165e+01
9.768934096265947176e+01
1.166355889626594688e+02
1.055836109626594919e+02
8.505850896265945948e+01
1.150567349626594762e+02
8.979507096265945165e+01
1.150567349626594620e+02
1.245298589626594747e+02
1.071624649626594845e+02
1.245298589626594605e+02
1.134778809626594835e+02
1.087413189626594914e+02
9.137392496265948694e+01
1.134778809626594693e+02
1.087413189626594772e+02
1.040047569626594566e+02
1.087413189626594914e+02
9.768934096265947176e+01
9.453163296265950066e+01
8.979507096265946586e+01
1.055836109626594634e+02
1.008470489626594713e+02
1.040047569626594708e+02
9.611048696265947910e+01
9.137392496265947273e+01
1.040047569626594708e+02
8.979507096265946586e+01
1.213721509626594752e+02
8.821621696265948742e+01
9.453163296265945803e+01
8.979507096265948007e+01
1.040047569626594850e+02
9.295277896265945117e+01
9.926819496265947862e+01
8.347965496265948104e+01
9.137392496265947273e+01
1.087413189626594630e+02
9.453163296265947224e+01
1.103201729626594840e+02
1.213721509626594610e+02
1.055836109626594919e+02
1.055836109626594777e+02
1.103201729626594840e+02
1.229510049626594821e+02
1.040047569626594850e+02
8.821621696265947321e+01
1.197932969626594826e+02
1.040047569626594850e+02
1.040047569626594708e+02
1.071624649626594703e+02
1.118990269626594909e+02
9.453163296265950066e+01
1.166355889626594831e+02
1.071624649626594845e+02
1.071624649626594703e+02
1.055836109626594777e+02
1.008470489626594713e+02
1.197932969626594826e+02
9.295277896265947959e+01
1.055836109626594634e+02
1.150567349626594904e+02
1.118990269626594767e+02
1.071624649626594845e+02
1.229510049626594821e+02
1.040047569626594708e+02
8.663736296265946635e+01
1.182144429626594757e+02
9.295277896265949380e+01
1.024259029626594781e+02
1.055836109626594634e+02
1.040047569626594708e+02
1.245298589626594747e+02
1.103201729626594698e+02
1.245298589626594890e+02
1.087413189626594772e+02
1.103201729626594840e+02
1.055836109626594919e+02
1.040047569626594850e+02
9.768934096265944333e+01
1.134778809626594835e+02
1.118990269626594909e+02
1.008470489626594713e+02
1.087413189626594914e+02
9.137392496265944430e+01
8.663736296265946635e+01
1.150567349626594904e+02
1.071624649626594703e+02
1.261087129626594816e+02
1.103201729626594840e+02
1.118990269626594767e+02
8.979507096265945165e+01
1.150567349626594762e+02
1.040047569626594850e+02
9.926819496265946441e+01
1.071624649626594845e+02
9.453163296265948645e+01
1.213721509626594894e+02
9.926819496265947862e+01
1.055836109626594777e+02
9.137392496265944430e+01
9.453163296265950066e+01
1.103201729626594840e+02
1.103201729626594698e+02
1.024259029626594781e+02
1.118990269626594767e+02
1.118990269626594767e+02
9.295277896265949380e+01
1.055836109626594919e+02
1.008470489626594855e+02
1.134778809626594835e+02
9.768934096265947176e+01
9.611048696265947910e+01
8.821621696265947321e+01
8.505850896265945948e+01
1.087413189626594772e+02
7.716423896265948201e+01
1.008470489626594571e+02
9.453163296265945803e+01
7.874309296265946045e+01
1.055836109626594919e+02
1.071624649626594703e+02
1.150567349626594904e+02
1.245298589626594747e+02
1.134778809626594693e+02
1.087413189626594772e+02
1.008470489626594855e+02
8.190080096265947418e+01
1.071624649626594703e+02
1.040047569626594992e+02
1.166355889626594688e+02
9.453163296265947224e+01
1.024259029626594923e+02
9.926819496265946441e+01
1.134778809626594835e+02
1.071624649626594845e+02
9.295277896265946538e+01
1.024259029626594497e+02
9.611048696265946489e+01
1.166355889626594688e+02
1.055836109626594777e+02
8.979507096265948007e+01
9.768934096265947176e+01
1.040047569626594708e+02
8.821621696265947321e+01
8.347965496265949525e+01
1.024259029626594923e+02
1.024259029626594923e+02
1.040047569626594708e+02
1.008470489626594855e+02
1.024259029626594781e+02
1.150567349626594762e+02
1.071624649626594703e+02
1.118990269626594767e+02
1.071624649626594987e+02
9.295277896265949380e+01
1.055836109626594634e+02
1.071624649626594845e+02
9.453163296265947224e+01
1.008470489626594997e+02
1.008470489626594855e+02
1.024259029626594923e+02
9.611048696265949332e+01
1.134778809626594835e+02
1.040047569626594850e+02
9.453163296265945803e+01
8.979507096265946586e+01
9.453163296265947224e+01
1.197932969626594826e+02
9.137392496265947273e+01
9.768934096265948597e+01
9.453163296265947224e+01
1.008470489626594997e+02
1.355818369626594802e+02
1.087413189626594914e+02
1.118990269626594767e+02
1.150567349626594762e+02
1.150567349626594762e+02
1.118990269626594625e+02
1.055836109626594919e+02
1.103201729626594840e+02
9.926819496265947862e+01
1.150567349626594762e+02
1.103201729626594698e+02
1.103201729626594698e+02
9.295277896265946538e+01
1.182144429626594757e+02
1.055836109626594492e+02
8.979507096265946586e+01
1.150567349626594904e+02
8.821621696265948742e+01
1.040047569626594850e+02
9.768934096265948597e+01
1.103201729626594698e+02
1.024259029626594639e+02
1.182144429626594757e+02
9.453163296265947224e+01
1.055836109626594634e+02
9.611048696265945068e+01
1.182144429626594757e+02
1.134778809626594835e+02
9.295277896265945117e+01
8.663736296265946635e+01
1.008470489626594713e+02
8.663736296265945214e+01
9.611048696265946489e+01
9.926819496265949283e+01
9.611048696265949332e+01
8.821621696265947321e+01
1.071624649626594845e+02
9.926819496265946441e+01
9.295277896265949380e+01
9.137392496265945852e+01
1.276875669626594743e+02
1.008470489626594855e+02
9.926819496265949283e+01
1.118990269626594767e+02
1.008470489626594713e+02
9.453163296265950066e+01
9.611048696265946489e+01
1.103201729626594840e+02
9.137392496265944430e+01
8.663736296265949477e+01
9.611048696265946489e+01
9.611048696265946489e+01
8.979507096265945165e+01
8.190080096265947418e+01
1.008470489626594571e+02
1.087413189626594772e+02
1.103201729626594840e+02
1.166355889626594688e+02
1.024259029626594781e+02
9.768934096265948597e+01
1.040047569626594708e+02
1.024259029626594781e+02
9.137392496265945852e+01
1.134778809626594693e+02
9.137392496265948694e+01
1.118990269626594767e+02
9.453163296265947224e+01
8.979507096265948007e+01
1.071624649626594987e+02
1.134778809626594693e+02
1.103201729626594840e+02
9.453163296265948645e+01
1.103201729626594698e+02
1.229510049626594821e+02
9.453163296265947224e+01
1.040047569626594708e+02
1.024259029626594781e+02
1.040047569626594850e+02
1.071624649626594845e+02
9.137392496265945852e+01
8.663736296265945214e+01
9.295277896265949380e+01
9.926819496265946441e+01
1.055836109626594777e+02
9.926819496265946441e+01
1.040047569626594708e+02
8.821621696265947321e+01
8.032194696265946732e+01
1.118990269626594909e+02
8.821621696265948742e+01
9.926819496265947862e+01
1.182144429626594899e+02
9.137392496265944430e+01
1.118990269626594625e+02
1.071624649626594703e+02
1.071624649626594845e+02
8.821621696265947321e+01
9.926819496265946441e+01
1.118990269626594767e+02
1.182144429626594757e+02
1.008470489626594713e+02
7.874309296265947467e+01
9.926819496265947862e+01
9.137392496265945852e+01
9.137392496265945852e+01
9.611048696265947910e+01
1.134778809626594693e+02
1.008470489626594713e+02
8.821621696265947321e+01
1.150567349626594904e+02
8.821621696265947321e+01
1.040047569626594850e+02
9.137392496265947273e+01
9.453163296265950066e+01
1.118990269626594909e+02
9.926819496265947862e+01
1.008470489626594855e+02
8.821621696265945900e+01
1.071624649626594845e+02
1.103201729626594698e+02
9.768934096265948597e+01
1.197932969626594826e+02
9.926819496265946441e+01
1.055836109626594777e+02
9.611048696265947910e+01
1.040047569626594850e+02
9.453163296265947224e+01
9.453163296265947224e+01
9.611048696265945068e+01
9.453163296265945803e+01
9.926819496265949283e+01
8.821621696265947321e+01
8.821621696265947321e+01
1.071624649626594703e+02
1.008470489626594855e+02
6.926996896265946191e+01
1.182144429626594899e+02
1.166355889626594831e+02
1.276875669626594743e+02
9.611048696265946489e+01
1.071624649626594845e+02
1.071624649626594703e+02
9.926819496265946441e+01
1.103201729626594840e+02
7.874309296265947467e+01
7.874309296265946045e+01
8.979507096265949428e+01
9.926819496265945020e+01
1.024259029626594639e+02
7.558538496265947515e+01
1.118990269626594767e+02
1.024259029626594497e+02
1.182144429626594757e+02
9.611048696265947910e+01
9.768934096265945755e+01
1.055836109626594634e+02
1.055836109626594919e+02
8.979507096265945165e+01
1.040047569626594850e+02
9.611048696265949332e+01
7.558538496265944673e+01
1.292664209626594811e+02
1.040047569626594850e+02
1.197932969626594684e+02
8.505850896265948791e+01
9.137392496265945852e+01
8.032194696265949574e+01
9.137392496265947273e+01
9.453163296265947224e+01
8.663736296265946635e+01
9.611048696265946489e+01
9.453163296265945803e+01
1.055836109626594777e+02
1.134778809626594693e+02
1.008470489626594571e+02
1.087413189626594772e+02
9.295277896265946538e+01
1.087413189626594772e+02
8.821621696265947321e+01
9.768934096265947176e+01
1.213721509626594894e+02
1.103201729626594698e+02
1.118990269626594625e+02
1.008470489626594855e+02
9.611048696265947910e+01
1.118990269626594625e+02
1.008470489626594713e+02
1.150567349626594762e+02
1.087413189626594914e+02
1.213721509626594894e+02
1.040047569626594850e+02
9.453163296265947224e+01
1.024259029626594639e+02
1.071624649626594703e+02
9.926819496265947862e+01
1.308452749626594880e+02
9.768934096265947176e+01
9.295277896265947959e+01
1.134778809626594693e+02
8.979507096265946586e+01
1.087413189626594630e+02
8.505850896265945948e+01
1.134778809626594835e+02
9.926819496265947862e+01
1.024259029626594781e+02
8.347965496265946683e+01
8.821621696265947321e+01
1.024259029626594781e+02
8.032194696265946732e+01
9.768934096265945755e+01
8.505850896265947370e+01
9.137392496265944430e+01
9.926819496265947862e+01
9.453163296265944382e+01
9.926819496265945020e+01
1.134778809626594835e+02
1.213721509626594894e+02
8.821621696265947321e+01
1.087413189626594630e+02
9.611048696265947910e+01
8.663736296265945214e+01
9.926819496265949283e+01
8.347965496265948104e+01
1.182144429626594615e+02
8.979507096265945165e+01
1.245298589626594890e+02
1.150567349626594904e+02
9.926819496265949283e+01
1.166355889626594831e+02
1.024259029626594781e+02
1.103201729626594698e+02
1.071624649626594845e+02
1.150567349626594620e+02
1.213721509626594752e+02
1.040047569626594850e+02
1.182144429626594899e+02
9.295277896265949380e+01
1.024259029626594781e+02
1.024259029626594639e+02
1.087413189626594630e+02
9.926819496265946441e+01
1.040047569626594850e+02
1.134778809626594693e+02
8.663736296265946635e+01
1.134778809626594835e+02
1.229510049626594821e+02
1.197932969626594826e+02
1.103201729626594840e+02
1.118990269626594767e+02
8.505850896265945948e+01
1.071624649626594703e+02
8.979507096265949428e+01
9.926819496265947862e+01
1.055836109626594777e+02
8.979507096265945165e+01
8.821621696265947321e+01
9.611048696265949332e+01
1.008470489626594855e+02
1.087413189626594772e+02
8.663736296265945214e+01
1.103201729626594840e+02
8.979507096265949428e+01
1.024259029626594781e+02
9.611048696265947910e+01
8.821621696265945900e+01
9.137392496265945852e+01
1.229510049626594821e+02
1.087413189626594772e+02
9.137392496265944430e+01
1.103201729626594840e+02
9.926819496265949283e+01
1.182144429626594615e+02
9.926819496265945020e+01
9.926819496265947862e+01
1.103201729626594840e+02
1.008470489626594713e+02
9.295277896265946538e+01
1.118990269626594767e+02
1.197932969626594684e+02
1.087413189626594772e+02
1.008470489626594713e+02
9.137392496265948694e+01
9.453163296265948645e+01
9.611048696265946489e+01
9.926819496265947862e+01
1.292664209626594811e+02
9.926819496265947862e+01
9.611048696265949332e+01
1.055836109626594777e+02
9.611048696265949332e+01
1.150567349626594904e+02
1.024259029626594781e+02
1.024259029626594639e+02
8.663736296265945214e+01
1.055836109626594634e+02
1.040047569626594850e+02
1.087413189626594772e+02
1.134778809626594693e+02
9.611048696265947910e+01
9.453163296265947224e+01
1.024259029626594781e+02
9.611048696265947910e+01
9.611048696265946489e+01
1.087413189626594772e+02
8.505850896265945948e+01
1.197932969626594826e+02
1.103201729626594840e+02
1.087413189626594772e+02
1.103201729626594840e+02
9.926819496265949283e+01
1.055836109626594777e+02
1.071624649626594703e+02
9.295277896265949380e+01
1.150567349626594904e+02
9.453163296265950066e+01
1.055836109626594777e+02
8.821621696265945900e+01
1.371606909626594870e+02
1.055836109626594634e+02
1.071624649626594845e+02
1.166355889626594688e+02
1.118990269626594909e+02
1.055836109626594777e+02
1.040047569626594708e+02
1.308452749626594880e+02
7.874309296265948888e+01
1.261087129626594816e+02
1.055836109626594634e+02
9.295277896265946538e+01
1.213721509626594752e+02
1.055836109626594919e+02
1.008470489626594855e+02
1.103201729626594840e+02
1.213721509626594752e+02
1.150567349626594620e+02
1.261087129626594816e+02
1.118990269626594767e+02
1.166355889626594688e+02
1.324241289626594664e+02
1.103201729626594698e+02
1.150567349626594762e+02
9.926819496265946441e+01
9.611048696265947910e+01
1.150567349626594904e+02
1.055836109626594919e+02
1.118990269626594909e+02
1.087413189626594772e+02
1.229510049626594679e+02
1.008470489626594713e+02
1.103201729626594840e+02
9.926819496265947862e+01
1.103201729626594698e+02
1.182144429626594757e+02
1.008470489626594571e+02
1.103201729626594698e+02
1.103201729626594698e+02
1.324241289626594664e+02
1.103201729626594698e+02
1.055836109626594634e+02
1.055836109626594777e+02
9.926819496265949283e+01
1.182144429626594615e+02
1.103201729626594840e+02
1.166355889626594831e+02
1.008470489626594429e+02
1.040047569626594708e+02
1.182144429626594899e+02
1.040047569626594708e+02
1.087413189626594772e+02
1.055836109626594777e+02
1.055836109626594777e+02
1.008470489626594855e+02
1.324241289626594664e+02
1.150567349626594904e+02
1.103201729626594698e+02
1.213721509626594894e+02
1.118990269626594625e+02
1.229510049626594821e+02
1.087413189626594772e+02
1.229510049626594821e+02
1.040047569626594566e+02
1.087413189626594772e+02
9.453163296265950066e+01
1.292664209626594527e+02
1.134778809626594693e+02
1.024259029626594781e+02
1.134778809626594693e+02
1.040047569626594850e+02
9.926819496265946441e+01
1.008470489626594855e+02
1.261087129626594674e+02
1.261087129626594816e+02
1.118990269626594767e+02
1.134778809626594693e+02
9.926819496265946441e+01
1.182144429626594899e+02
1.040047569626594850e+02
1.245298589626594890e+02
9.768934096265947176e+01
1.387395449626594655e+02
1.245298589626594890e+02
1.261087129626594674e+02
1.261087129626594958e+02
9.611048696265947910e+01
1.197932969626594684e+02
1.245298589626594747e+02
8.979507096265949428e+01
1.055836109626594777e+02
9.926819496265949283e+01
1.261087129626594674e+02
1.261087129626594674e+02
1.213721509626594752e+02
1.008470489626594571e+02
1.008470489626594713e+02
8.979507096265948007e+01
1.055836109626594777e+02
1.450549609626594645e+02
1.150567349626594762e+02
1.040047569626594708e+02
1.134778809626594835e+02
1.071624649626594561e+02
9.137392496265947273e+01
1.118990269626594625e+02
1.008470489626594855e+02
1.103201729626594840e+02
1.134778809626594835e+02
9.768934096265948597e+01
1.118990269626594909e+02
8.821621696265947321e+01
1.150567349626594620e+02
1.008470489626594855e+02
1.055836109626594777e+02
1.055836109626594919e+02
1.024259029626594923e+02
9.926819496265949283e+01
1.040047569626594708e+02
1.071624649626594561e+02
9.926819496265949283e+01
9.137392496265945852e+01
1.261087129626594816e+02
1.261087129626594674e+02
1.182144429626594899e+02
1.087413189626594772e+02
1.229510049626594679e+02
1.040047569626594708e+02
1.166355889626594688e+02
1.213721509626594752e+02
9.453163296265947224e+01
1.245298589626594747e+02
1.087413189626594630e+02
1.229510049626594821e+02
1.182144429626594899e+02
1.308452749626594596e+02
1.103201729626594840e+02
9.453163296265950066e+01
1.166355889626594688e+02
1.197932969626594684e+02
1.213721509626594752e+02
1.182144429626594615e+02
1.024259029626594639e+02
9.137392496265948694e+01
1.261087129626594674e+02
1.150567349626594620e+02
1.071624649626594703e+02
1.040047569626594424e+02
1.071624649626594703e+02
1.213721509626594752e+02
1.245298589626594747e+02
1.134778809626594835e+02
1.229510049626594679e+02
1.403183989626594723e+02
1.213721509626594610e+02
1.182144429626594615e+02
1.055836109626594634e+02
9.926819496265947862e+01
1.182144429626594615e+02
1.071624649626594703e+02
1.245298589626594890e+02
1.276875669626594743e+02
1.055836109626594777e+02
1.182144429626594615e+02
1.055836109626594919e+02
1.008470489626594713e+02
1.024259029626594639e+02
1.355818369626594517e+02
1.213721509626594752e+02
1.103201729626594840e+02
1.008470489626594713e+02
1.055836109626594634e+02
1.103201729626594698e+02
1.355818369626594802e+02
1.103201729626594840e+02
9.137392496265947273e+01
1.087413189626594914e+02
1.071624649626594845e+02
1.166355889626594831e+02
1.055836109626594634e+02
1.134778809626594693e+02
1.292664209626594811e+02
1.134778809626594693e+02
9.926819496265946441e+01
1.103201729626594698e+02
1.040047569626594708e+02
1.166355889626594688e+02
1.071624649626594703e+02
1.276875669626594885e+02
1.166355889626594831e+02
1.087413189626594772e+02
9.768934096265945755e+01
9.768934096265947176e+01
1.055836109626594919e+02
9.768934096265947176e+01
1.055836109626594634e+02
9.768934096265947176e+01
1.008470489626594997e+02
9.768934096265948597e+01
1.150567349626594762e+02
1.024259029626594781e+02
9.137392496265948694e+01
8.032194696265946732e+01
1.071624649626594703e+02
1.071624649626594845e+02
1.118990269626594909e+02
1.024259029626594923e+02
1.024259029626594781e+02
1.150567349626594762e+02
1.182144429626594615e+02
9.611048696265949332e+01
1.087413189626594772e+02
9.611048696265945068e+01
1.087413189626594914e+02
1.008470489626594429e+02
1.197932969626594826e+02
1.024259029626594923e+02
1.150567349626594904e+02
1.024259029626594639e+02
1.008470489626594713e+02
1.008470489626594713e+02
1.134778809626594835e+02
1.118990269626594625e+02
9.926819496265949283e+01
9.768934096265947176e+01
1.055836109626594777e+02
1.024259029626594781e+02
8.347965496265945262e+01
1.118990269626594767e+02
1.182144429626594757e+02
1.024259029626594781e+02
9.768934096265948597e+01
1.024259029626594639e+02
1.008470489626594571e+02
1.103201729626594698e+02
1.197932969626594826e+02
1.024259029626594639e+02
1.040047569626594708e+02
1.324241289626594664e+02
1.118990269626594767e+02
1.134778809626594693e+02
1.197932969626594826e+02
1.150567349626594762e+02
8.190080096265947418e+01
1.182144429626594757e+02
1.323861627699322980e+02
-1.691749512300676770e+02
6.291658676993226607e+01
9.133595876993227591e+01
5.502231676993227438e+01
2.186638276993227947e+01
2.028752876993227616e+01
1.870867476993227640e+01
2.186638276993227237e+01
-9.710697230067722785e+00
4.081263076993226946e+01
2.976065276993227116e+01
5.502231676993227438e+01
4.712804676993227559e+01
5.028575476993227511e+01
6.923200276993227931e+01
5.502231676993227438e+01
5.660117076993227414e+01
6.291658676993227317e+01
6.291658676993226607e+01
6.765314876993227244e+01
6.923200276993226510e+01
6.449544076993227293e+01
7.081085676993228617e+01
7.870512676993227785e+01
8.186283476993229158e+01
7.870512676993229206e+01
8.028398076993228472e+01
9.607252076993226808e+01
9.449366676993228964e+01
1.071244987699322735e+02
1.008090827699322887e+02
1.023879367699322813e+02
9.765137476993228915e+01
9.449366676993227543e+01
9.607252076993228229e+01
1.118610607699322799e+02
1.071244987699322877e+02
1.039667907699322882e+02
9.133595876993229012e+01
1.150187687699322794e+02
1.197553307699322858e+02
1.023879367699322813e+02
1.008090827699322745e+02
1.165976227699322862e+02
1.071244987699322877e+02
1.150187687699322936e+02
1.055456447699322808e+02
9.923022876993228181e+01
1.102822067699322872e+02
1.197553307699322716e+02
9.765137476993228915e+01
1.260707467699322848e+02
9.923022876993226760e+01
1.213341847699322784e+02
1.150187687699322794e+02
1.087033527699322804e+02
1.229130387699322853e+02
1.244918927699322779e+02
1.071244987699322735e+02
1.292284547699322843e+02
1.260707467699322848e+02
1.134399147699322867e+02
1.276496007699322917e+02
1.308073087699322627e+02
1.229130387699322853e+02
1.308073087699322912e+02
1.244918927699322779e+02
1.197553307699322858e+02
1.292284547699322843e+02
1.323861627699322696e+02
1.150187687699322794e+02
1.355438707699322833e+02
1.355438707699322833e+02
1.150187687699322794e+02
1.402804327699322755e+02
1.165976227699322862e+02
1.213341847699322642e+02
1.197553307699322716e+02
1.308073087699322912e+02
1.292284547699322843e+02
1.292284547699322843e+02
1.402804327699322755e+02
1.260707467699322848e+02
1.308073087699322912e+02
1.229130387699322853e+02
1.197553307699322716e+02
1.323861627699322696e+02
1.308073087699322912e+02
1.276496007699322774e+02
1.244918927699322779e+02
1.150187687699322794e+02
1.213341847699322642e+02
1.276496007699322774e+02
1.355438707699322833e+02
1.213341847699322784e+02
1.371227247699322902e+02
1.150187687699322652e+02
1.418592867699322824e+02
1.134399147699322725e+02
1.323861627699322696e+02
1.323861627699322696e+02
1.355438707699322549e+02
1.592266807699322726e+02
1.371227247699322902e+02
1.308073087699322627e+02
1.213341847699322784e+02
1.529112647699322736e+02
1.387015787699322971e+02
1.244918927699322779e+02
1.323861627699322696e+02
1.292284547699322843e+02
1.371227247699322902e+02
1.213341847699322784e+02
1.371227247699322902e+02
1.355438707699322833e+02
1.276496007699322774e+02
1.118610607699322657e+02
1.181764767699322789e+02
1.292284547699322843e+02
1.165976227699322862e+02
1.497535567699322598e+02
1.481747027699322814e+02
1.292284547699322843e+02
1.339650167699322765e+02
1.355438707699322833e+02
1.213341847699322784e+02
1.371227247699322618e+02
1.529112647699322736e+02
1.371227247699322902e+02
1.434381407699322892e+02
1.434381407699322892e+02
1.418592867699322824e+02
1.465958487699322745e+02
1.355438707699322549e+02
1.387015787699322686e+02
1.229130387699322853e+02
1.213341847699322784e+02
1.197553307699322858e+02
1.418592867699322824e+02
1.450169947699322677e+02
1.402804327699322755e+02
1.497535567699322883e+02
1.355438707699322833e+02
1.355438707699322549e+02
1.276496007699322774e+02
1.387015787699322686e+02
1.260707467699322706e+02
1.418592867699322824e+02
1.260707467699322706e+02
1.276496007699322632e+02
1.308073087699322912e+02
1.134399147699322725e+02
1.544901187699322804e+02
1.197553307699322716e+02
1.497535567699322883e+02
1.371227247699322618e+02
1.308073087699322912e+02
1.229130387699322853e+02
1.292284547699322559e+02
1.434381407699322608e+02
1.323861627699322980e+02
1.418592867699322824e+02
1.197553307699322858e+02
1.244918927699322779e+02
1.434381407699322892e+02
1.308073087699322912e+02
1.308073087699322627e+02
1.276496007699322917e+02
1.323861627699322980e+02
1.118610607699322799e+02
1.292284547699322843e+02
1.544901187699322804e+02
1.323861627699322696e+02
1.497535567699322598e+02
1.481747027699322814e+02
1.497535567699322883e+02
1.244918927699322779e+02
1.560689727699322589e+02
1.497535567699322598e+02
1.197553307699322716e+02
1.229130387699322569e+02
1.355438707699322833e+02
1.686998047699322569e+02
1.450169947699322961e+02
1.402804327699322755e+02
1.229130387699322711e+02
1.260707467699322706e+02
1.544901187699322804e+02
1.134399147699322867e+02
1.465958487699322745e+02
1.134399147699322867e+02
1.418592867699322824e+02
1.323861627699322696e+02
1.402804327699322755e+02
1.323861627699322696e+02
1.260707467699322706e+02
1.402804327699322755e+02
1.339650167699322765e+02
1.465958487699322745e+02
1.355438707699322833e+02
1.323861627699322696e+02
1.560689727699322589e+02
1.355438707699322833e+02
1.560689727699322873e+02
1.292284547699322843e+02
1.434381407699322892e+02
1.150187687699322794e+02
1.276496007699322917e+02
1.481747027699322814e+02
1.355438707699322833e+02
1.371227247699322902e+02
1.150187687699322652e+02
1.355438707699322833e+02
1.418592867699322539e+02
1.387015787699322686e+02
1.402804327699322755e+02
1.481747027699322814e+02
1.387015787699322686e+02
1.323861627699322696e+02
1.450169947699322677e+02
1.260707467699322706e+02
1.544901187699322804e+02
1.260707467699322706e+02
1.387015787699322686e+02
1.481747027699322530e+02
1.165976227699322862e+02
1.339650167699322765e+02
1.197553307699322716e+02
1.244918927699322637e+02
1.355438707699322833e+02
1.292284547699322843e+02
1.292284547699322843e+02
1.229130387699322853e+02
1.118610607699322657e+02
1.229130387699322711e+02
1.339650167699322765e+02
1.181764767699322647e+02
1.213341847699322784e+02
1.150187687699322794e+02
1.276496007699322632e+02
1.292284547699322843e+02
1.339650167699322765e+02
1.260707467699322848e+02
1.308073087699322912e+02
1.292284547699322843e+02
1.213341847699322784e+02
1.276496007699322774e+02
1.308073087699322627e+02
1.481747027699322530e+02
1.481747027699322530e+02
1.371227247699322618e+02
1.434381407699322892e+02
1.402804327699322755e+02
1.387015787699322686e+02
1.260707467699322706e+02
1.213341847699322784e+02
1.150187687699322794e+02
1.292284547699322843e+02
1.402804327699322755e+02
1.181764767699322931e+02
1.544901187699322804e+02
1.387015787699322686e+02
1.529112647699322736e+02
1.181764767699322789e+02
1.418592867699322824e+02
1.323861627699322696e+02
1.260707467699322848e+02
1.450169947699322677e+02
1.213341847699322784e+02
1.639632427699322648e+02
1.402804327699322755e+02
1.339650167699322765e+02
1.276496007699322774e+02
1.165976227699322862e+02
1.355438707699322833e+02
1.213341847699322784e+02
1.418592867699322824e+02
1.339650167699322765e+02
1.355438707699322833e+02
1.308073087699322627e+02
1.197553307699322716e+02
1.244918927699322921e+02
1.339650167699322765e+02
1.371227247699322618e+02
1.387015787699322686e+02
1.355438707699322833e+02
1.402804327699322755e+02
1.450169947699322961e+02
1.513324107699322667e+02
1.055456447699322950e+02
1.497535567699322598e+02
1.276496007699322774e+02
1.339650167699322765e+02
1.244918927699322779e+02
1.339650167699322765e+02
1.355438707699322833e+02
1.197553307699322716e+02
1.418592867699322824e+02
1.260707467699322706e+02
1.339650167699322765e+02
1.165976227699322862e+02
1.402804327699322755e+02
1.260707467699322848e+02
1.292284547699322843e+02
1.229130387699322711e+02
1.355438707699322549e+02
1.213341847699322784e+02
1.276496007699322917e+02
1.134399147699322725e+02
1.418592867699322824e+02
1.497535567699322598e+02
1.402804327699322755e+02
1.418592867699322824e+02
1.355438707699322833e+02
1.102822067699322872e+02
1.387015787699322686e+02
1.260707467699322848e+02
1.339650167699322765e+02
1.244918927699322637e+02
1.276496007699322774e+02
1.418592867699322539e+02
1.197553307699322716e+02
1.260707467699322848e+02
1.197553307699322716e+02
1.244918927699322779e+02
1.481747027699322814e+02
1.308073087699322627e+02
1.497535567699322598e+02
1.308073087699322627e+02
1.213341847699322926e+02
9.923022876993228181e+01
1.308073087699322627e+02
1.197553307699322858e+02
1.513324107699322951e+02
1.197553307699322716e+02
1.308073087699322912e+02
1.387015787699322971e+02
1.197553307699322716e+02
1.387015787699322686e+02
1.213341847699322784e+02
1.244918927699322637e+02
1.055456447699322950e+02
1.102822067699322872e+02
1.371227247699322902e+02
1.134399147699322867e+02
1.197553307699322716e+02
1.039667907699322882e+02
1.181764767699322931e+02
1.434381407699322608e+02
1.529112647699322736e+02
1.450169947699322677e+02
1.339650167699322765e+02
1.387015787699322686e+02
1.276496007699322774e+02
1.387015787699322971e+02
1.371227247699322902e+02
1.260707467699322706e+02
1.181764767699322789e+02
1.229130387699322711e+02
1.481747027699322530e+02
1.134399147699322867e+02
1.387015787699322686e+02
1.355438707699322833e+02
1.513324107699322667e+02
1.339650167699322765e+02
1.450169947699322677e+02
1.260707467699322848e+02
1.497535567699322883e+02
1.450169947699322677e+02
1.387015787699322686e+02
1.150187687699322794e+02
1.371227247699322902e+02
1.229130387699322853e+02
1.181764767699322647e+02
1.165976227699322862e+02
1.402804327699322755e+02
1.371227247699322902e+02
1.434381407699322608e+02
1.434381407699322892e+02
1.387015787699322686e+02
1.292284547699322843e+02
1.260707467699322706e+02
1.323861627699322696e+02
1.418592867699322824e+02
1.513324107699322667e+02
1.229130387699322569e+02
1.497535567699322883e+02
1.402804327699322755e+02
1.434381407699322892e+02
1.323861627699322980e+02
1.071244987699322877e+02
1.481747027699322814e+02
1.418592867699322824e+02
1.323861627699322696e+02
1.339650167699322765e+02
1.339650167699322765e+02
1.323861627699322696e+02
1.197553307699322716e+02
1.592266807699322726e+02
1.308073087699322627e+02
1.465958487699322745e+02
1.418592867699322539e+02
1.465958487699322745e+02
1.292284547699322559e+02
1.371227247699322902e+02
1.402804327699322755e+02
1.387015787699322686e+02
1.434381407699322892e+02
1.276496007699322774e+02
1.465958487699322745e+02
1.497535567699322598e+02
1.497535567699322598e+02
1.387015787699322971e+02
1.134399147699322725e+02
1.418592867699322824e+02
1.450169947699322677e+02
1.497535567699322598e+02
1.308073087699322912e+02
1.339650167699322765e+02
1.339650167699322765e+02
1.497535567699322598e+02
1.608055347699322795e+02
1.544901187699322520e+02
1.355438707699322833e+02
1.181764767699322647e+02
1.655420967699323000e+02
1.434381407699322892e+02
1.529112647699322736e+02
1.450169947699322961e+02
1.292284547699322843e+02
1.465958487699322745e+02
1.244918927699322779e+02
1.402804327699322755e+02
1.165976227699322862e+02
1.213341847699322784e+02
1.387015787699322971e+02
1.402804327699322755e+02
1.576478267699322942e+02
1.276496007699322632e+02
1.323861627699322696e+02
1.387015787699322686e+02
1.244918927699322637e+02
1.544901187699322520e+02
1.323861627699322696e+02
1.371227247699322902e+02
1.260707467699322848e+02
1.434381407699322892e+02
1.323861627699322696e+02
1.339650167699322765e+02
1.434381407699322892e+02
1.371227247699322902e+02
1.308073087699322627e+02
1.134399147699322725e+02
1.292284547699322843e+02
1.181764767699322789e+02
1.434381407699322608e+02
1.244918927699322779e+02
1.497535567699322883e+02
1.213341847699322784e+02
1.260707467699322848e+02
1.402804327699322755e+02
1.387015787699322686e+02
1.450169947699322961e+02
1.213341847699322784e+02
1.387015787699322686e+02
1.355438707699322833e+02
1.371227247699322618e+02
1.371227247699322618e+02
1.323861627699322980e+02
1.513324107699322667e+02
1.450169947699322677e+02
1.544901187699322520e+02
1.592266807699322726e+02
1.371227247699322902e+02
1.608055347699322795e+02
1.387015787699322686e+02
1.513324107699322951e+02
1.355438707699322549e+02
1.481747027699322814e+02
1.655420967699322432e+02
1.450169947699322961e+02
1.450169947699322961e+02
1.339650167699322765e+02
1.576478267699322657e+02
1.465958487699322745e+02
1.434381407699322608e+02
1.402804327699322755e+02
1.197553307699322716e+02
1.276496007699322774e+02
1.387015787699322686e+02
1.402804327699322755e+02
1.513324107699322667e+02
1.229130387699322853e+02
1.181764767699322931e+02
1.465958487699322745e+02
1.418592867699322824e+02
1.339650167699322765e+02
1.229130387699322853e+02
1.308073087699322912e+02
1.387015787699322686e+02
1.355438707699322833e+02
1.434381407699322892e+02
1.355438707699322549e+02
1.165976227699322862e+02
1.371227247699322902e+02
1.339650167699322765e+02
1.355438707699322833e+02
1.387015787699322971e+02
1.150187687699322794e+02
1.292284547699322843e+02
1.371227247699322902e+02
1.402804327699322755e+02
1.008090827699322745e+02
1.371227247699322618e+02
1.118610607699322799e+02
1.529112647699322736e+02
1.087033527699322804e+02
1.292284547699322843e+02
1.592266807699322726e+02
1.339650167699322765e+02
1.371227247699322902e+02
1.118610607699322657e+02
1.260707467699322848e+02
1.244918927699322779e+02
1.276496007699322774e+02
1.529112647699322736e+02
1.276496007699322632e+02
1.371227247699322618e+02
1.181764767699322931e+02
1.465958487699322745e+02
1.165976227699322862e+02
1.292284547699322843e+02
1.260707467699322848e+02
1.323861627699322980e+02
1.481747027699322814e+02
1.339650167699322765e+02
1.513324107699322667e+02
1.339650167699322765e+02
1.150187687699322794e+02
1.371227247699322902e+02
1.387015787699322686e+02
1.308073087699322627e+02
1.323861627699322696e+02
1.465958487699322745e+02
1.118610607699322799e+02
1.402804327699322755e+02
1.260707467699322706e+02
1.260707467699322848e+02
1.355438707699322833e+02
1.497535567699322598e+02
1.355438707699322833e+02
1.229130387699322569e+02
1.481747027699322814e+02
1.260707467699322706e+02
1.339650167699322765e+02
1.308073087699322912e+02
1.102822067699322730e+02
1.197553307699322716e+02
1.292284547699322843e+02
1.418592867699322824e+02
1.229130387699322853e+02
1.260707467699322706e+02
1.197553307699322858e+02
1.371227247699322618e+02
1.118610607699322799e+02
1.087033527699322804e+02
1.339650167699322765e+02
1.276496007699322774e+02
1.292284547699322843e+02
1.292284547699322559e+02
1.197553307699322858e+02
1.213341847699322642e+02
1.134399147699322867e+02
1.213341847699322926e+02
1.260707467699322848e+02
1.260707467699322706e+02
1.308073087699322912e+02
1.481747027699322814e+02
1.355438707699322833e+02
1.244918927699322921e+02
1.371227247699322618e+02
1.497535567699322598e+02
1.450169947699322677e+02
1.134399147699322725e+02
1.497535567699322598e+02
1.387015787699322686e+02
1.276496007699322917e+02
1.387015787699322686e+02
1.450169947699322677e+02
1.450169947699322677e+02
1.323861627699322980e+02
1.402804327699322755e+02
1.308073087699322627e+02
1.544901187699322804e+02
1.150187687699322794e+02
1.465958487699322745e+02
1.623843887699322579e+02
1.513324107699322951e+02
1.387015787699322971e+02
1.513324107699322667e+02
1.323861627699322696e+02
1.418592867699322539e+02
1.544901187699322804e+02
1.497535567699322598e+02
1.576478267699322657e+02
1.229130387699322853e+02
1.402804327699322755e+02
1.402804327699322755e+02
1.513324107699322667e+02
1.513324107699322667e+02
1.465958487699322745e+02
1.355438707699322833e+02
1.529112647699322736e+02
1.465958487699322745e+02
1.560689727699322873e+02
1.529112647699322736e+02
1.402804327699322755e+02
1.323861627699322696e+02
1.560689727699322589e+02
1.434381407699322608e+02
1.513324107699322951e+02
1.355438707699322833e+02
1.213341847699322784e+02
1.323861627699322696e+02
1.497535567699322598e+02
1.450169947699322961e+02
1.339650167699322765e+02
1.371227247699322618e+02
1.165976227699322862e+02
1.387015787699322971e+02
1.497535567699322598e+02
1.481747027699322814e+02
1.323861627699322980e+02
1.244918927699322779e+02
1.323861627699322696e+02
1.402804327699322755e+02
1.308073087699322912e+02
1.308073087699322912e+02
1.229130387699322853e+02
1.213341847699322784e+02
1.339650167699322765e+02
1.339650167699322765e+02
1.276496007699322774e+02
1.339650167699322765e+02
1.292284547699322843e+02
1.276496007699322774e+02
1.371227247699322902e+02
1.308073087699322912e+02
1.387015787699322686e+02
1.197553307699322716e+02
1.213341847699322642e+02
1.450169947699322677e+02
1.260707467699322706e+02
1.355438707699322833e+02
1.323861627699322696e+02
1.323861627699322696e+02
1.387015787699322686e+02
1.513324107699322667e+02
1.402804327699322755e+02
1.592266807699322726e+02
1.481747027699322814e+02
1.213341847699322784e+02
1.323861627699322696e+02
1.118610607699322941e+02
1.418592867699322824e+02
1.355438707699322833e+02
1.402804327699322755e+02
1.465958487699322745e+02
1.308073087699322627e+02
1.513324107699322667e+02
1.244918927699322637e+02
1.387015787699322686e+02
1.308073087699322912e+02
1.434381407699322892e+02
1.260707467699322706e+02
1.418592867699322824e+02
1.418592867699322824e+02
1.513324107699322667e+02
1.260707467699322706e+02
1.418592867699322824e+02
1.292284547699322843e+02
1.150187687699322794e+02
1.434381407699322892e+02
1.371227247699322902e+02
1.181764767699322789e+02
1.181764767699322647e+02
1.465958487699322745e+02
1.323861627699322980e+02
1.292284547699322843e+02
1.434381407699322608e+02
1.465958487699322745e+02
1.134399147699322867e+02
1.402804327699322755e+02
1.339650167699322765e+02
1.244918927699322637e+02
1.213341847699322784e+02
1.308073087699322912e+02
1.213341847699322784e+02
1.292284547699322843e+02
1.197553307699322858e+02
1.308073087699322627e+02
1.418592867699322824e+02
1.339650167699322765e+02
1.481747027699322814e+02
1.308073087699322912e+02
1.497535567699322883e+02
1.450169947699322961e+02
1.260707467699322706e+02
1.418592867699322824e+02
1.150187687699322794e+02
1.323861627699322696e+02
1.497535567699322598e+02
1.260707467699322706e+02
1.387015787699322686e+02
1.323861627699322696e+02
1.434381407699322892e+02
1.260707467699322706e+02
1.276496007699322774e+02
1.276496007699322632e+02
1.387015787699322971e+02
1.260707467699322706e+02
1.387015787699322686e+02
1.387015787699322971e+02
1.465958487699322745e+02
1.213341847699322784e+02
1.355438707699322549e+02
1.308073087699322912e+02
1.229130387699322853e+02
1.323861627699322696e+02
1.181764767699322931e+02
1.197553307699322716e+02
1.402804327699322755e+02
1.323861627699322696e+02
1.371227247699322902e+02
1.402804327699322755e+02
1.292284547699322559e+02
1.450169947699322677e+02
1.418592867699322824e+02
1.229130387699322853e+02
1.276496007699322774e+02
1.450169947699322677e+02
1.197553307699322716e+02
1.450169947699322677e+02
1.181764767699322789e+02
1.181764767699322647e+02
1.387015787699322686e+02
1.165976227699322578e+02
1.339650167699322765e+02
1.260707467699322848e+02
1.402804327699322755e+02
1.276496007699322774e+02
1.339650167699322765e+02
1.165976227699322862e+02
1.497535567699322883e+02
1.292284547699322843e+02
1.213341847699322784e+02
1.260707467699322848e+02
1.292284547699322559e+02
1.213341847699322784e+02
1.118610607699322941e+02
1.308073087699322627e+02
1.134399147699322867e+02
1.181764767699322789e+02
1.387015787699322686e+02
1.402804327699322755e+02
1.276496007699322774e+02
1.087033527699322804e+02
1.323861627699322696e+02
1.355438707699322833e+02
1.465958487699322745e+02
1.323861627699322980e+02
1.339650167699322765e+02
1.513324107699322951e+02
1.244918927699322779e+02
1.339650167699322765e+02
1.339650167699322765e+02
1.355438707699322833e+02
1.387015787699322686e+02
1.339650167699322765e+02
1.355438707699322833e+02
1.434381407699322608e+02
1.197553307699322716e+02
1.371227247699322618e+02
1.339650167699322765e+02
1.481747027699322814e+02
1.292284547699322843e+02
1.308073087699322627e+02
1.339650167699322765e+02
1.418592867699322824e+02
1.323861627699322980e+02
1.339650167699322765e+02
1.165976227699322862e+02
1.292284547699322843e+02
1.418592867699322824e+02
1.402804327699322755e+02
1.434381407699322892e+02
1.387015787699322686e+02
1.213341847699322784e+02
1.371227247699322902e+02
1.276496007699322632e+02
1.213341847699322926e+02
1.323861627699322696e+02
1.150187687699322794e+02
1.260707467699322706e+02
1.371227247699322902e+02
1.465958487699322745e+02
1.229130387699322569e+02
1.213341847699322784e+02
1.418592867699322824e+02
1.371227247699322902e+02
1.639632427699322648e+02
1.213341847699322784e+02
1.450169947699322677e+02
1.560689727699322873e+02
1.308073087699322627e+02
1.434381407699322892e+02
1.276496007699322774e+02
1.371227247699322902e+02
1.197553307699322858e+02
1.197553307699322716e+02
1.418592867699322824e+02
1.576478267699322657e+02
1.465958487699322745e+02
1.529112647699322736e+02
1.450169947699322677e+02
1.450169947699322677e+02
1.513324107699322667e+02
1.355438707699322833e+02
1.339650167699322765e+02
1.418592867699322824e+02
1.276496007699322774e+02
1.387015787699322686e+02
1.339650167699322765e+02
1.497535567699322883e+02
1.229130387699322853e+02
1.323861627699322696e+02
1.387015787699322971e+02
1.244918927699322921e+02
1.292284547699322843e+02
1.402804327699322755e+02
1.276496007699322632e+02
1.323861627699322696e+02
1.118610607699322799e+02
1.276496007699322774e+02
1.229130387699322853e+02
1.213341847699322784e+02
1.355438707699322833e+02
1.576478267699322942e+02
1.402804327699322755e+02
1.229130387699322853e+02
1.181764767699322647e+02
1.118610607699322657e+02
1.292284547699322843e+02
1.165976227699322862e+02
1.260707467699322706e+02
1.276496007699322632e+02
1.481747027699322814e+02
1.371227247699322902e+02
1.260707467699322848e+02
1.323861627699322696e+02
1.055456447699322808e+02
1.371227247699322618e+02
1.276496007699322632e+02
1.165976227699322862e+02
1.339650167699322765e+02
1.213341847699322784e+02
1.323861627699322980e+02
1.213341847699322784e+02
1.292284547699322843e+02
1.087033527699322804e+02
1.276496007699322917e+02
1.418592867699322824e+02
1.339650167699322765e+02
1.387015787699322686e+02
1.387015787699322971e+02
1.544901187699322804e+02
1.308073087699322912e+02
1.497535567699322598e+02
1.165976227699322720e+02
1.150187687699322794e+02
1.608055347699322795e+02
1.418592867699322824e+02
1.387015787699322971e+02
1.087033527699322804e+02
1.450169947699322677e+02
1.244918927699322921e+02
1.134399147699322725e+02
1.387015787699322686e+02
1.339650167699322765e+02
1.118610607699322657e+02
1.387015787699322971e+02
1.229130387699322853e+02
1.387015787699322971e+02
1.339650167699322765e+02
1.260707467699322706e+02
1.197553307699322716e+02
1.229130387699322853e+02
1.387015787699322686e+02
1.544901187699322520e+02
1.134399147699322725e+02
1.165976227699322862e+02
1.244918927699322779e+02
1.418592867699322824e+02
1.150187687699322794e+02
1.087033527699322804e+02
1.387015787699322686e+02
1.244918927699322921e+02
1.355438707699322833e+02
1.181764767699322931e+02
1.608055347699322510e+02
1.229130387699322853e+02
1.276496007699322774e+02
1.323861627699322696e+02
1.308073087699322912e+02
1.450169947699322677e+02
1.260707467699322706e+02
1.418592867699322539e+02
1.355438707699322833e+02
1.244918927699322921e+02
1.323861627699322696e+02
1.434381407699322608e+02
1.339650167699322765e+02
1.260707467699322848e+02
1.244918927699322779e+02
1.260707467699322706e+02
1.402804327699322755e+02
1.260707467699322706e+02
1.418592867699322824e+02
1.402804327699322755e+02
1.497535567699322598e+02
1.371227247699322618e+02
1.165976227699322720e+02
1.387015787699322686e+02
1.213341847699322784e+02
1.213341847699322784e+02
1.450169947699322961e+02
1.308073087699322627e+02
1.371227247699322618e+02
1.323861627699322980e+02
1.529112647699322736e+02
1.339650167699322765e+02
1.371227247699322902e+02
1.323861627699322980e+02
1.213341847699322926e+02
1.197553307699322858e+02
1.308073087699322627e+02
1.150187687699322794e+02
1.339650167699322765e+02
1.371227247699322902e+02
1.276496007699322917e+02
1.497535567699322598e+02
1.118610607699322657e+02
1.244918927699322637e+02
1.165976227699322862e+02
1.181764767699322789e+02
1.323861627699322696e+02
1.213341847699322784e+02
1.481747027699322530e+02
1.102822067699322588e+02
1.276496007699322917e+02
1.276496007699322632e+02
1.260707467699322848e+02
1.292284547699322843e+02
1.087033527699322804e+02
1.244918927699322779e+02
1.165976227699322862e+02
1.244918927699322779e+02
1.181764767699322647e+02
1.023879367699322813e+02
1.355438707699322833e+02
1.213341847699322926e+02
1.244918927699322779e+02
1.181764767699322647e+02
1.323861627699322696e+02
1.308073087699322627e+02
1.244918927699322779e+02
1.450169947699322677e+02
1.165976227699322862e+02
1.497535567699322598e+02
1.260707467699322706e+02
1.402804327699322755e+02
1.434381407699322892e+02
1.308073087699322627e+02
1.197553307699322716e+02
1.276496007699322774e+02
1.260707467699322706e+02
1.260707467699322706e+02
1.418592867699322824e+02
1.213341847699322784e+02
1.418592867699322824e+02
1.134399147699322725e+02
1.339650167699322765e+02
1.260707467699322848e+02
1.087033527699322661e+02
1.323861627699322980e+02
1.229130387699322853e+02
1.023879367699322813e+02
1.260707467699322848e+02
1.244918927699322779e+02
1.213341847699322784e+02
1.276496007699322774e+02
1.323861627699322696e+02
1.213341847699322784e+02
1.213341847699322784e+02
1.229130387699322853e+02
1.450169947699322677e+02
1.229130387699322853e+02
1.197553307699322858e+02
1.213341847699322784e+02
1.244918927699322921e+02
1.402804327699322755e+02
1.292284547699322843e+02
1.150187687699322652e+02
1.292284547699322843e+02
1.387015787699322971e+02
1.292284547699322843e+02
1.544901187699322804e+02
1.418592867699322539e+02
1.402804327699322755e+02
1.213341847699322784e+02
1.276496007699322774e+02
1.371227247699322902e+02
1.292284547699322559e+02
1.134399147699322725e+02
1.355438707699322833e+02
1.323861627699322980e+02
1.213341847699322784e+02
1.323861627699322696e+02
1.260707467699322706e+02
1.276496007699322632e+02
1.465958487699322745e+02
1.323861627699322980e+02
1.213341847699322926e+02
1.371227247699322902e+02
1.102822067699322730e+02
1.102822067699322730e+02
1.071244987699322877e+02
1.323861627699322980e+02
1.576478267699322657e+02
1.292284547699322843e+02
1.292284547699322843e+02
1.229130387699322711e+02
1.308073087699322912e+02
1.197553307699322716e+02
1.308073087699322627e+02
1.197553307699322716e+02
1.165976227699322720e+02
1.529112647699322736e+02
1.260707467699322848e+02
1.387015787699322686e+02
1.260707467699322848e+02
1.323861627699322696e+02
1.213341847699322784e+02
1.402804327699322755e+02
1.213341847699322784e+02
1.213341847699322784e+02
1.355438707699322833e+02
1.118610607699322657e+02
1.465958487699322745e+02
1.292284547699322843e+02
1.260707467699322706e+02
1.355438707699322549e+02
1.071244987699322735e+02
1.371227247699322618e+02
1.323861627699322696e+02
1.465958487699322745e+02
1.339650167699322765e+02
1.544901187699322520e+02
1.213341847699322784e+02
1.497535567699322883e+02
1.229130387699322853e+02
1.308073087699322627e+02
1.481747027699322814e+02
1.276496007699322632e+02
1.387015787699322971e+02
1.323861627699322696e+02
1.244918927699322637e+02
1.276496007699322774e+02
1.418592867699322824e+02
1.323861627699322696e+02
1.229130387699322853e+02
1.387015787699322686e+02
1.355438707699322549e+02
1.402804327699322755e+02
1.229130387699322853e+02
1.087033527699322804e+02
1.323861627699322980e+02
1.276496007699322917e+02
1.402804327699322755e+02
1.118610607699322657e+02
1.450169947699322677e+02
1.197553307699322858e+02
1.292284547699322559e+02
1.181764767699322789e+02
1.150187687699322794e+02
1.181764767699322789e+02
1.213341847699322784e+02
1.087033527699322661e+02
1.276496007699322632e+02
1.165976227699322720e+02
1.260707467699322706e+02
1.244918927699322779e+02
1.513324107699322667e+02
1.323861627699322696e+02
1.308073087699322627e+02
1.244918927699322637e+02
1.008090827699322887e+02
1.213341847699322784e+02
1.150187687699322794e+02
1.402804327699322755e+02
1.023879367699322813e+02
1.418592867699322824e+02
1.497535567699322598e+02
1.134399147699322725e+02
1.229130387699322853e+02
1.213341847699322784e+02
1.402804327699322755e+02
1.260707467699322848e+02
1.355438707699322833e+02
1.181764767699322647e+02
1.260707467699322706e+02
1.213341847699322784e+02
1.276496007699322917e+02
1.323861627699322696e+02
1.292284547699322843e+02
1.276496007699322774e+02
1.308073087699322912e+02
1.244918927699322921e+02
1.402804327699322755e+02
1.371227247699322902e+02
1.308073087699322912e+02
9.607252076993228229e+01
1.181764767699322789e+02
1.339650167699322765e+02
1.402804327699322755e+02
1.260707467699322706e+02
1.229130387699322711e+02
1.355438707699322833e+02
1.339650167699322765e+02
1.529112647699322736e+02
1.371227247699322618e+02
1.450169947699322677e+02
1.229130387699322711e+02
1.323861627699322696e+02
1.292284547699322843e+02
1.355438707699322833e+02
1.355438707699322833e+02
1.323861627699322696e+02
1.292284547699322843e+02
1.308073087699322627e+02
1.244918927699322779e+02
1.165976227699322862e+02
1.102822067699322730e+02
1.165976227699322862e+02
1.150187687699322794e+02
1.355438707699322833e+02
1.323861627699322696e+02
1.308073087699322627e+02
1.308073087699322627e+02
1.323861627699322696e+02
1.197553307699322858e+02
1.323861627699322696e+02
1.323861627699322696e+02
1.229130387699322711e+02
1.197553307699322716e+02
1.150187687699322794e+02
1.276496007699322774e+02
9.923022876993228181e+01
1.387015787699322971e+02
1.308073087699322912e+02
9.291481276993226857e+01
1.497535567699322598e+02
1.276496007699322774e+02
1.150187687699322794e+02
1.260707467699322706e+02
1.087033527699322804e+02
1.213341847699322642e+02
1.165976227699322862e+02
1.323861627699322980e+02
1.150187687699322936e+02
1.292284547699322843e+02
1.450169947699322677e+02
1.292284547699322843e+02
1.244918927699322637e+02
1.244918927699322921e+02
1.308073087699322627e+02
1.260707467699322706e+02
1.276496007699322774e+02
1.292284547699322843e+02
1.276496007699322774e+02
1.434381407699322608e+02
1.387015787699322971e+02
1.292284547699322843e+02
1.260707467699322848e+02
1.387015787699322686e+02
1.213341847699322642e+02
1.213341847699322784e+02
1.371227247699322618e+02
1.418592867699322824e+02
1.276496007699322917e+02
1.292284547699322843e+02
1.308073087699322912e+02
1.229130387699322711e+02
1.481747027699322814e+02
1.197553307699322716e+02
1.339650167699322765e+02
1.071244987699322735e+02
1.260707467699322706e+02
1.150187687699322794e+02
1.339650167699322765e+02
1.229130387699322853e+02
1.197553307699322858e+02
1.339650167699322765e+02
1.229130387699322711e+02
1.323861627699322980e+02
1.229130387699322853e+02
1.355438707699322833e+02
1.481747027699322814e+02
1.165976227699322862e+02
1.165976227699322862e+02
1.244918927699322779e+02
1.355438707699322833e+02
1.213341847699322784e+02
1.387015787699322686e+02
1.418592867699322824e+02
1.213341847699322784e+02
1.465958487699322745e+02
1.181764767699322789e+02
1.292284547699322843e+02
1.387015787699322686e+02
1.465958487699322745e+02
1.434381407699322892e+02
1.308073087699322627e+02
1.339650167699322765e+02
1.339650167699322765e+02
1.165976227699322862e+02
1.308073087699322627e+02
1.339650167699322765e+02
1.402804327699322755e+02
1.244918927699322921e+02
1.513324107699322667e+02
1.150187687699322794e+02
1.560689727699322873e+02
1.418592867699322824e+02
1.355438707699322833e+02
1.244918927699322779e+02
1.355438707699322549e+02
1.150187687699322794e+02
1.213341847699322926e+02
1.260707467699322848e+02
1.165976227699322720e+02
1.276496007699322917e+02
1.292284547699322843e+02
1.387015787699322686e+02
9.607252076993228229e+01
1.181764767699322789e+02
1.276496007699322774e+02
1.071244987699322735e+02
1.244918927699322779e+02
1.276496007699322774e+02
1.087033527699322804e+02
1.244918927699322921e+02
1.134399147699322725e+02
1.165976227699322720e+02
1.292284547699322843e+02
1.134399147699322867e+02
1.371227247699322902e+02
1.260707467699322848e+02
1.244918927699322779e+02
1.134399147699322725e+02
1.292284547699322843e+02
1.260707467699322848e+02
1.355438707699322833e+02
1.323861627699322696e+02
1.355438707699322833e+02
1.071244987699322735e+02
1.371227247699322618e+02
1.244918927699322779e+02
1.102822067699322872e+02
1.134399147699322867e+02
1.244918927699322921e+02
1.292284547699322843e+02
1.181764767699322647e+02
1.229130387699322853e+02
1.355438707699322833e+02
1.087033527699322804e+02
1.434381407699322608e+02
1.260707467699322848e+02
1.260707467699322848e+02
1.276496007699322774e+02
1.150187687699322794e+02
1.308073087699322912e+02
1.087033527699322804e+02
1.229130387699322853e+02
1.308073087699322627e+02
1.260707467699322706e+02
1.244918927699322921e+02
1.181764767699322789e+02
1.023879367699322813e+02
1.276496007699322632e+02
1.497535567699322598e+02
1.323861627699322696e+02
1.371227247699322618e+02
1.213341847699322784e+02
1.150187687699322652e+02
1.497535567699322598e+02
1.181764767699322931e+02
1.292284547699322843e+02
1.355438707699322549e+02
1.402804327699322755e+02
1.276496007699322774e+02
1.197553307699322716e+02
1.292284547699322843e+02
1.260707467699322848e+02
1.118610607699322657e+02
1.229130387699322711e+02
1.150187687699322794e+02
1.292284547699322559e+02
1.213341847699322784e+02
1.323861627699322696e+02
1.244918927699322779e+02
1.102822067699322730e+02
1.323861627699322696e+02
1.197553307699322858e+02
1.371227247699322618e+02
1.355438707699322833e+02
1.292284547699322559e+02
1.165976227699322720e+02
1.323861627699322696e+02
1.181764767699322789e+02
1.134399147699322867e+02
1.323861627699322696e+02
1.292284547699322843e+02
1.244918927699322779e+02
1.165976227699322720e+02
1.260707467699322706e+02
1.260707467699322706e+02
9.765137476993228915e+01
1.308073087699322912e+02
1.276496007699322917e+02
1.244918927699322637e+02
1.308073087699322912e+02
1.102822067699322730e+02
1.323861627699322980e+02
1.355438707699322833e+02
1.150187687699322794e+02
1.071244987699322735e+02
1.276496007699322774e+02
1.039667907699322882e+02
1.087033527699322804e+02
1.213341847699322926e+02
1.229130387699322853e+02
1.323861627699322696e+02
1.276496007699322774e+02
1.181764767699322931e+02
1.371227247699322618e+02
1.181764767699322789e+02
1.323861627699322696e+02
1.213341847699322784e+02
1.355438707699322833e+02
1.292284547699322843e+02
1.244918927699322637e+02
1.134399147699322725e+02
1.134399147699322725e+02
1.260707467699322706e+02
1.339650167699322765e+02
1.276496007699322917e+02
9.765137476993228915e+01
1.387015787699322971e+02
1.165976227699322862e+02
1.087033527699322804e+02
1.118610607699322799e+02
1.418592867699322824e+02
1.134399147699322867e+02
1.276496007699322632e+02
1.118610607699322657e+02
1.292284547699322843e+02
1.355438707699322833e+02
1.039667907699322740e+02
1.371227247699322618e+02
1.308073087699322627e+02
1.339650167699322765e+02
1.276496007699322774e+02
1.497535567699322883e+02
1.260707467699322848e+02
1.197553307699322716e+02
1.276496007699322774e+02
1.434381407699322892e+02
1.118610607699322941e+02
1.118610607699322799e+02
1.402804327699322755e+02
1.260707467699322706e+02
1.292284547699322843e+02
1.213341847699322784e+02
1.260707467699322706e+02
1.323861627699322696e+02
1.260707467699322706e+02
1.118610607699322799e+02
1.181764767699322931e+02
1.434381407699322608e+02
1.260707467699322706e+02
1.371227247699322618e+02
1.244918927699322921e+02
1.150187687699322794e+02
1.118610607699322941e+02
1.087033527699322804e+02
1.308073087699322912e+02
1.229130387699322711e+02
1.134399147699322725e+02
1.134399147699322725e+02
1.308073087699322912e+02
1.355438707699322549e+02
1.260707467699322848e+02
1.118610607699322799e+02
1.355438707699322833e+02
1.308073087699322912e+02
1.276496007699322774e+02
1.181764767699322789e+02
1.371227247699322618e+02
1.229130387699322711e+02
1.197553307699322858e+02
1.150187687699322794e+02
1.102822067699322872e+02
1.450169947699322677e+02
1.087033527699322804e+02
1.244918927699322779e+02
1.308073087699322912e+02
1.434381407699322608e+02
1.181764767699322647e+02
1.513324107699322951e+02
1.323861627699322980e+02
1.529112647699322736e+02
1.434381407699322892e+02
1.371227247699322902e+02
1.402804327699322755e+02
1.229130387699322853e+02
1.071244987699322735e+02
1.276496007699322774e+02
1.576478267699322657e+02
1.355438707699322549e+02
1.102822067699322730e+02
9.765137476993227494e+01
1.244918927699322779e+02
1.529112647699322451e+02
1.197553307699322858e+02
1.450169947699322677e+02
1.229130387699322853e+02
1.323861627699322696e+02
1.244918927699322779e+02
1.134399147699322725e+02
1.197553307699322716e+02
1.387015787699322686e+02
1.308073087699322912e+02
1.071244987699322877e+02
1.371227247699322902e+02
1.102822067699322872e+02
1.339650167699322765e+02
1.102822067699322872e+02
1.276496007699322632e+02
1.197553307699322716e+02
1.355438707699322833e+02
1.134399147699322725e+02
1.023879367699322813e+02
1.229130387699322853e+02
1.402804327699322755e+02
1.276496007699322917e+02
1.118610607699322941e+02
1.418592867699322539e+02
1.181764767699322789e+02
1.118610607699322799e+02
1.229130387699322711e+02
1.213341847699322784e+02
1.387015787699322686e+02
1.292284547699322843e+02
1.150187687699322652e+02
1.165976227699322862e+02
1.276496007699322774e+02
1.165976227699322720e+02
1.339650167699322765e+02
1.213341847699322784e+02
1.087033527699322804e+02
1.229130387699322853e+02
1.323861627699322696e+02
1.229130387699322711e+02
1.055456447699322950e+02
1.181764767699322789e+02
1.181764767699322931e+02
1.308073087699322627e+02
9.923022876993226760e+01
1.213341847699322784e+02
1.308073087699322912e+02
1.292284547699322843e+02
1.213341847699322784e+02
1.292284547699322843e+02
1.339650167699322765e+02
1.260707467699322706e+02
1.276496007699322917e+02
8.975710476993228326e+01
1.355438707699322549e+02
1.387015787699322686e+02
1.260707467699322706e+02
1.165976227699322862e+02
1.292284547699322843e+02
1.197553307699322716e+02
1.355438707699322833e+02
1.387015787699322686e+02
1.308073087699322912e+02
1.181764767699322789e+02
1.387015787699322971e+02
1.276496007699322774e+02
1.450169947699322677e+02
1.276496007699322774e+02
1.418592867699322824e+02
1.339650167699322765e+02
1.292284547699322843e+02
1.260707467699322706e+02
1.323861627699322696e+02
1.260707467699322706e+02
1.387015787699322686e+02
1.355438707699322833e+02
1.260707467699322848e+02
1.481747027699322814e+02
1.355438707699322549e+02
1.260707467699322706e+02
1.165976227699322720e+02
1.071244987699322877e+02
1.292284547699322843e+02
1.165976227699322862e+02
1.418592867699322824e+02
1.134399147699322725e+02
1.355438707699322549e+02
1.402804327699322755e+02
1.181764767699322931e+02
1.402804327699322755e+02
1.260707467699322706e+02
1.402804327699322755e+02
1.292284547699322843e+02
1.150187687699322936e+02
1.071244987699322877e+02
1.229130387699322853e+02
1.244918927699322637e+02
1.087033527699322804e+02
1.513324107699322667e+02
9.765137476993228915e+01
1.244918927699322921e+02
1.213341847699322784e+02
1.244918927699322779e+02
1.039667907699322882e+02
1.276496007699322774e+02
1.244918927699322779e+02
1.039667907699322882e+02
1.402804327699322755e+02
1.213341847699322784e+02
1.292284547699322843e+02
1.134399147699322867e+02
1.244918927699322637e+02
1.244918927699322779e+02
1.308073087699322627e+02
1.244918927699322779e+02
1.102822067699322872e+02
1.434381407699322892e+02
1.213341847699322784e+02
1.150187687699322794e+02
1.308073087699322912e+02
1.071244987699322877e+02
1.292284547699322559e+02
1.150187687699322794e+02
1.387015787699322686e+02
1.181764767699322789e+02
1.308073087699322912e+02
1.134399147699322725e+02
1.292284547699322559e+02
1.402804327699322755e+02
1.244918927699322779e+02
1.260707467699322848e+02
1.102822067699322872e+02
1.323861627699322696e+02
1.371227247699322902e+02
1.276496007699322774e+02
1.260707467699322706e+02
1.213341847699322784e+02
1.260707467699322848e+02
9.133595876993227591e+01
1.260707467699322706e+02
1.181764767699322931e+02
1.165976227699322862e+02
1.481747027699322530e+02
1.292284547699322843e+02
1.434381407699322892e+02
1.229130387699322853e+02
1.339650167699322765e+02
1.087033527699322804e+02
1.323861627699322696e+02
1.102822067699322872e+02
1.418592867699322824e+02
1.008090827699322745e+02
1.181764767699322647e+02
1.165976227699322862e+02
1.150187687699322794e+02
1.308073087699322912e+02
1.260707467699322848e+02
1.260707467699322848e+02
1.181764767699322789e+02
1.165976227699322862e+02
1.181764767699322931e+02
1.229130387699322853e+02
1.260707467699322848e+02
1.118610607699322799e+02
1.213341847699322784e+02
1.434381407699322892e+02
1.213341847699322784e+02
1.387015787699322686e+02
1.118610607699322799e+02
1.197553307699322716e+02
1.244918927699322921e+02
1.450169947699322677e+02
1.292284547699322843e+02
1.118610607699322799e+02
1.181764767699322647e+02
1.213341847699322784e+02
1.276496007699322774e+02
9.607252076993228229e+01
1.308073087699322912e+02
1.102822067699322872e+02
1.387015787699322686e+02
1.197553307699322716e+02
1.197553307699322716e+02
1.339650167699322765e+02
1.023879367699322813e+02
1.323861627699322696e+02
1.292284547699322843e+02
1.355438707699322549e+02
1.323861627699322696e+02
1.497535567699322883e+02
1.181764767699322789e+02
1.339650167699322765e+02
1.134399147699322725e+02
1.308073087699322912e+02
1.165976227699322720e+02
1.197553307699322716e+02
1.008090827699322745e+02
1.465958487699322745e+02
1.150187687699322794e+02
1.292284547699322843e+02
1.071244987699322735e+02
1.276496007699322632e+02
1.276496007699322774e+02
1.387015787699322686e+02
1.197553307699322858e+02
1.355438707699322833e+02
1.181764767699322647e+02
1.165976227699322720e+02
1.308073087699322912e+02
1.102822067699322872e+02
1.118610607699322941e+02
1.102822067699322588e+02
1.229130387699322853e+02
1.276496007699322774e+02
1.071244987699322877e+02
1.165976227699322720e+02
1.181764767699322931e+02
1.229130387699322853e+02
1.276496007699322917e+02
1.276496007699322774e+02
1.087033527699322661e+02
1.197553307699322716e+02
1.260707467699322706e+02
1.213341847699322642e+02
1.497535567699322598e+02
1.102822067699322872e+02
1.260707467699322848e+02
1.181764767699322789e+02
9.133595876993229012e+01
1.529112647699322736e+02
1.197553307699322716e+02
1.244918927699322921e+02
1.292284547699322843e+02
1.118610607699322941e+02
1.118610607699322799e+02
1.229130387699322711e+02
1.434381407699322892e+02
1.165976227699322720e+02
1.276496007699322917e+02
1.118610607699322657e+02
1.197553307699322858e+02
1.339650167699322765e+02
1.387015787699322686e+02
1.213341847699322784e+02
1.150187687699322794e+02
1.276496007699322774e+02
1.102822067699322872e+02
1.260707467699322706e+02
1.055456447699322808e+02
1.181764767699322647e+02
1.418592867699322824e+02
1.371227247699322618e+02
1.276496007699322774e+02
1.371227247699322618e+02
1.229130387699322853e+02
1.165976227699322720e+02
1.323861627699322696e+02
1.339650167699322765e+02
1.150187687699322652e+02
1.197553307699322716e+02
1.197553307699322716e+02
1.165976227699322720e+02
1.150187687699322794e+02
1.260707467699322848e+02
1.292284547699322559e+02
1.229130387699322711e+02
1.260707467699322848e+02
1.229130387699322711e+02
1.260707467699322848e+02
1.260707467699322848e+02
1.213341847699322784e+02
1.229130387699322853e+02
1.197553307699322858e+02
1.276496007699322774e+02
1.481747027699322530e+02
1.150187687699322794e+02
1.355438707699322833e+02
1.292284547699322843e+02
1.244918927699322637e+02
1.229130387699322711e+02
1.213341847699322926e+02
1.292284547699322843e+02
1.213341847699322926e+02
1.055456447699322808e+02
1.355438707699322833e+02
1.181764767699322647e+02
1.323861627699322696e+02
1.181764767699322931e+02
1.323861627699322980e+02
1.181764767699322789e+02
1.055456447699322808e+02
1.355438707699322833e+02
1.102822067699322872e+02
1.450169947699322677e+02
1.355438707699322549e+02
1.134399147699322867e+02
1.229130387699322853e+02
1.102822067699322730e+02
1.134399147699322725e+02
9.765137476993227494e+01
1.371227247699322902e+02
1.244918927699322779e+02
1.118610607699322657e+02
1.118610607699322657e+02
1.181764767699322789e+02
1.260707467699322848e+02
1.165976227699322862e+02
1.150187687699322652e+02
1.071244987699322877e+02
1.355438707699322833e+02
1.118610607699322657e+02
1.418592867699322824e+02
1.197553307699322858e+02
1.244918927699322779e+02
1.339650167699322765e+02
1.244918927699322921e+02
1.497535567699322883e+02
1.308073087699322912e+02
1.371227247699322902e+02
1.197553307699322716e+02
1.339650167699322765e+02
1.197553307699322716e+02
1.276496007699322917e+02
1.150187687699322794e+02
1.229130387699322853e+02
1.276496007699322774e+02
1.197553307699322858e+02
1.213341847699322784e+02
1.308073087699322912e+02
1.387015787699322686e+02
1.276496007699322774e+02
1.308073087699322912e+02
1.165976227699322578e+02
9.923022876993226760e+01
1.371227247699322618e+02
1.371227247699322618e+02
1.339650167699322765e+02
1.134399147699322725e+02
1.181764767699322789e+02
1.276496007699322774e+02
1.039667907699322740e+02
1.371227247699322902e+02
1.434381407699322892e+02
1.339650167699322765e+02
1.276496007699322774e+02
1.308073087699322912e+02
1.213341847699322784e+02
1.260707467699322848e+02
9.765137476993228915e+01
1.055456447699322808e+02
1.292284547699322843e+02
1.150187687699322794e+02
1.292284547699322843e+02
1.102822067699322730e+02
1.087033527699322804e+02
1.102822067699322730e+02
1.055456447699322666e+02
1.165976227699322720e+02
1.402804327699322755e+02
1.323861627699322980e+02
1.165976227699322862e+02
1.229130387699322711e+02
1.308073087699322912e+02
1.055456447699322666e+02
1.339650167699322765e+02
1.118610607699322799e+02
1.150187687699322794e+02
1.118610607699322799e+02
1.197553307699322858e+02
1.292284547699322843e+02
1.150187687699322794e+02
1.150187687699322936e+02
1.055456447699322666e+02
1.260707467699322706e+02
1.087033527699322804e+02
1.260707467699322848e+02
1.197553307699322858e+02
1.308073087699322912e+02
1.339650167699322765e+02
1.197553307699322716e+02
1.087033527699322804e+02
1.308073087699322912e+02
1.292284547699322843e+02
1.497535567699322883e+02
1.150187687699322936e+02
1.387015787699322971e+02
1.371227247699322618e+02
1.418592867699322824e+02
1.402804327699322755e+02
1.371227247699322618e+02
1.260707467699322706e+02
1.244918927699322921e+02
1.181764767699322789e+02
1.260707467699322706e+02
1.260707467699322706e+02
1.229130387699322711e+02
1.434381407699322892e+02
1.071244987699322735e+02
1.323861627699322696e+02
1.418592867699322824e+02
1.118610607699322799e+02
1.244918927699322779e+02
1.134399147699322725e+02
1.371227247699322902e+02
1.118610607699322799e+02
1.339650167699322765e+02
1.244918927699322779e+02
1.039667907699322882e+02
1.418592867699322824e+02
1.418592867699322824e+02
1.244918927699322637e+02
1.308073087699322912e+02
1.355438707699322833e+02
1.150187687699322794e+02
1.434381407699322608e+02
1.213341847699322642e+02
1.276496007699322774e+02
1.355438707699322833e+02
1.229130387699322853e+02
1.039667907699322740e+02
1.213341847699322784e+02
1.229130387699322569e+02
1.260707467699322848e+02
1.355438707699322833e+02
1.087033527699322804e+02
1.450169947699322677e+02
1.150187687699322794e+02
1.308073087699322912e+02
1.213341847699322784e+02
1.339650167699322765e+02
1.308073087699322627e+02
1.292284547699322843e+02
1.197553307699322858e+02
1.165976227699322720e+02
1.292284547699322843e+02
1.292284547699322559e+02
1.244918927699322921e+02
1.118610607699322657e+02
1.118610607699322799e+02
1.371227247699322902e+02
1.418592867699322824e+02
1.387015787699322686e+02
1.260707467699322848e+02
1.213341847699322784e+02
1.387015787699322686e+02
1.213341847699322784e+02
1.434381407699322608e+02
1.165976227699322862e+02
1.402804327699322755e+02
1.244918927699322779e+02
1.260707467699322848e+02
1.450169947699322961e+02
1.308073087699322627e+02
1.323861627699322696e+02
1.308073087699322627e+02
1.165976227699322862e+02
1.244918927699322779e+02
1.450169947699322677e+02
1.308073087699322912e+02
1.244918927699322921e+02
1.197553307699322716e+02
1.387015787699322686e+02
1.339650167699322765e+02
1.560689727699322873e+02
1.355438707699322549e+02
1.371227247699322902e+02
1.165976227699322862e+02
1.181764767699322647e+02
1.260707467699322706e+02
1.387015787699322686e+02
1.434381407699322892e+02
1.276496007699322774e+02
1.387015787699322686e+02
1.355438707699322549e+02
1.387015787699322686e+02
1.497535567699322883e+02
1.213341847699322642e+02
1.450169947699322677e+02
1.134399147699322867e+02
1.339650167699322765e+02
1.276496007699322774e+02
1.181764767699322647e+02
1.465958487699322745e+02
1.244918927699322779e+02
1.418592867699322824e+02
1.371227247699322902e+02
1.229130387699322711e+02
9.923022876993228181e+01
1.260707467699322848e+02
1.276496007699322774e+02
1.434381407699322608e+02
1.213341847699322784e+02
1.213341847699322784e+02
1.371227247699322618e+02
1.339650167699322765e+02
1.339650167699322765e+02
1.323861627699322696e+02
1.181764767699322789e+02
1.513324107699322667e+02
1.402804327699322755e+02
1.308073087699322627e+02
1.355438707699322833e+02
1.276496007699322774e+02
1.229130387699322853e+02
1.244918927699322921e+02
1.244918927699322779e+02
1.008090827699322887e+02
1.229130387699322853e+02
1.339650167699322765e+02
1.323861627699322696e+02
1.339650167699322765e+02
1.323861627699322696e+02
1.308073087699322912e+02
1.229130387699322853e+02
1.165976227699322862e+02
1.260707467699322706e+02
1.339650167699322765e+02
1.402804327699322755e+02
1.229130387699322853e+02
1.229130387699322853e+02
1.339650167699322765e+02
1.418592867699322824e+02
1.339650167699322765e+02
1.213341847699322642e+02
1.308073087699322912e+02
1.323861627699322696e+02
1.181764767699322789e+02
1.402804327699322755e+02
1.260707467699322848e+02
1.276496007699322632e+02
1.260707467699322848e+02
1.308073087699322627e+02
1.339650167699322765e+02
1.276496007699322917e+02
1.181764767699322647e+02
1.023879367699322813e+02
1.260707467699322848e+02
1.229130387699322853e+02
1.402804327699322755e+02
1.071244987699322877e+02
1.197553307699322858e+02
1.071244987699322877e+02
1.260707467699322848e+02
1.292284547699322843e+02
1.434381407699322892e+02
1.465958487699322745e+02
1.276496007699322774e+02
1.323861627699322980e+02
1.323861627699322980e+02
1.355438707699322833e+02
1.102822067699322730e+02
1.197553307699322716e+02
1.244918927699322637e+02
1.308073087699322912e+02
1.229130387699322569e+02
1.213341847699322784e+02
1.213341847699322784e+02
1.181764767699322789e+02
1.181764767699322789e+02
1.213341847699322642e+02
1.276496007699322632e+02
1.323861627699322980e+02
1.134399147699322867e+02
1.323861627699322696e+02
1.434381407699322608e+02
1.213341847699322926e+02
1.308073087699322627e+02
1.292284547699322843e+02
1.260707467699322848e+02
9.449366676993227543e+01
1.387015787699322971e+02
1.197553307699322716e+02
1.165976227699322862e+02
1.260707467699322848e+02
1.276496007699322774e+02
1.213341847699322784e+02
1.197553307699322858e+02
1.244918927699322637e+02
1.102822067699322872e+02
1.118610607699322799e+02
6.449544076993228714e+01
1.260707467699322848e+02
1.229130387699322853e+02
1.134399147699322867e+02
1.197553307699322716e+02
1.244918927699322779e+02
1.308073087699322912e+02
1.244918927699322921e+02
1.339650167699322765e+02
1.087033527699322804e+02
1.355438707699322549e+02
1.229130387699322853e+02
1.213341847699322784e+02
1.213341847699322926e+02
1.292284547699322843e+02
1.213341847699322784e+02
1.213341847699322784e+02
1.418592867699322824e+02
1.244918927699322921e+02
1.229130387699322853e+02
1.165976227699322862e+02
1.039667907699322882e+02
1.244918927699322779e+02
1.244918927699322921e+02
1.308073087699322627e+02
1.308073087699322627e+02
1.229130387699322711e+02
1.323861627699322696e+02
1.323861627699322696e+02
1.276496007699322632e+02
1.213341847699322784e+02
1.450169947699322961e+02
1.355438707699322833e+02
1.260707467699322848e+02
1.165976227699322862e+02
1.339650167699322765e+02
1.355438707699322549e+02
1.181764767699322789e+02
1.544901187699322804e+02
1.308073087699322912e+02
1.213341847699322784e+02
1.323861627699322696e+02
1.402804327699322755e+02
1.276496007699322632e+02
1.323861627699322696e+02
1.165976227699322578e+02
1.229130387699322711e+02
1.292284547699322843e+02
1.102822067699322872e+02
1.244918927699322921e+02
1.150187687699322794e+02
1.071244987699322735e+02
1.165976227699322862e+02
9.923022876993228181e+01
1.260707467699322706e+02
1.071244987699322877e+02
1.055456447699322808e+02
1.260707467699322848e+02
1.276496007699322632e+02
1.087033527699322804e+02
1.197553307699322858e+02
1.229130387699322853e+02
1.244918927699322779e+02
1.308073087699322627e+02
1.165976227699322862e+02
1.308073087699322912e+02
1.134399147699322725e+02
1.260707467699322706e+02
1.244918927699322779e+02
1.102822067699322872e+02
1.339650167699322765e+02
1.165976227699322862e+02
1.150187687699322794e+02
1.023879367699322813e+02
1.165976227699322862e+02
1.150187687699322794e+02
1.276496007699322632e+02
1.229130387699322569e+02
1.229130387699322853e+02
1.244918927699322779e+02
1.071244987699322735e+02
1.102822067699322872e+02
1.150187687699322794e+02
1.071244987699322735e+02
1.165976227699322862e+02
1.134399147699322867e+02
1.165976227699322720e+02
1.023879367699322813e+02
1.087033527699322804e+02
1.292284547699322843e+02
9.607252076993229650e+01
1.087033527699322804e+02
1.181764767699322789e+02
1.055456447699322808e+02
1.276496007699322774e+02
1.102822067699322872e+02
1.071244987699322735e+02
1.118610607699322799e+02
1.181764767699322789e+02
1.181764767699322789e+02
1.181764767699322789e+02
1.165976227699322862e+02
1.292284547699322843e+02
1.087033527699322804e+02
1.213341847699322926e+02
1.023879367699322813e+02
9.765137476993227494e+01
1.071244987699322735e+02
1.134399147699322725e+02
1.197553307699322858e+02
1.308073087699322627e+02
9.449366676993228964e+01
1.055456447699322808e+02
1.102822067699322872e+02
1.197553307699322858e+02
1.213341847699322926e+02
1.260707467699322848e+02
1.071244987699322735e+02
1.292284547699322843e+02
1.118610607699322799e+02
1.371227247699322902e+02
1.229130387699322853e+02
9.449366676993228964e+01
1.118610607699322799e+02
1.229130387699322711e+02
1.434381407699322892e+02
1.197553307699322716e+02
1.229130387699322853e+02
1.292284547699322843e+02
1.387015787699322971e+02
1.260707467699322848e+02
1.213341847699322784e+02
1.276496007699322774e+02
1.276496007699322917e+02
1.323861627699322980e+02
1.071244987699322735e+02
1.118610607699322799e+02
1.102822067699322730e+02
1.165976227699322720e+02
1.181764767699322789e+02
1.071244987699322735e+02
1.355438707699322833e+02
1.150187687699322794e+02
1.181764767699322931e+02
1.292284547699322843e+02
1.165976227699322720e+02
1.323861627699322696e+02
1.339650167699322765e+02
1.339650167699322765e+02
1.197553307699322716e+02
1.323861627699322696e+02
1.213341847699322784e+02
1.276496007699322917e+02
1.150187687699322652e+02
1.244918927699322779e+02
1.402804327699322755e+02
1.213341847699322784e+02
1.371227247699322902e+02
1.276496007699322774e+02
1.481747027699322530e+02
1.465958487699322745e+02
1.244918927699322637e+02
1.387015787699322686e+02
1.339650167699322765e+02
1.339650167699322765e+02
1.339650167699322765e+02
1.229130387699322853e+02
1.244918927699322921e+02
1.229130387699322853e+02
1.402804327699322755e+02
1.244918927699322921e+02
1.513324107699322951e+02
1.213341847699322784e+02
1.465958487699322745e+02
1.150187687699322794e+02
1.323861627699322980e+02
1.355438707699322833e+02
1.102822067699322872e+02
1.387015787699322686e+02
1.323861627699322696e+02
1.087033527699322804e+02
1.102822067699322730e+02
1.339650167699322765e+02
9.607252076993226808e+01
1.371227247699322902e+02
1.244918927699322779e+02
1.055456447699322808e+02
1.229130387699322711e+02
1.181764767699322789e+02
1.181764767699322931e+02
1.276496007699322774e+02
1.197553307699322858e+02
1.197553307699322716e+02
1.165976227699322862e+02
1.260707467699322848e+02
1.244918927699322779e+02
1.134399147699322867e+02
1.213341847699322784e+02
1.087033527699322804e+02
1.165976227699322862e+02
1.134399147699322867e+02
1.292284547699322843e+02
1.213341847699322784e+02
1.197553307699322716e+02
1.055456447699322808e+02
1.213341847699322926e+02
1.339650167699322765e+02
1.102822067699322872e+02
1.244918927699322779e+02
1.150187687699322794e+02
1.260707467699322848e+02
1.308073087699322627e+02
1.165976227699322862e+02
1.165976227699322862e+02
1.165976227699322720e+02
1.071244987699322877e+02
1.181764767699322789e+02
1.165976227699322720e+02
1.165976227699322720e+02
1.323861627699322980e+02
1.276496007699322774e+02
1.181764767699322647e+02
1.134399147699322867e+02
1.418592867699322824e+02
1.387015787699322686e+02
1.023879367699322813e+02
1.276496007699322917e+02
1.308073087699322627e+02
1.150187687699322794e+02
1.118610607699322657e+02
1.323861627699322696e+02
1.308073087699322912e+02
1.244918927699322637e+02
1.387015787699322686e+02
1.244918927699322779e+02
1.102822067699322730e+02
1.229130387699322853e+02
1.181764767699322789e+02
1.039667907699322740e+02
1.087033527699322804e+02
1.292284547699322559e+02
1.118610607699322799e+02
1.102822067699322872e+02
1.197553307699322716e+02
1.181764767699322789e+02
1.118610607699322799e+02
9.923022876993226760e+01
1.134399147699322867e+02
1.071244987699322877e+02
1.181764767699322789e+02
9.291481276993226857e+01
9.923022876993226760e+01
1.150187687699322794e+02
1.039667907699322740e+02
9.923022876993228181e+01
8.502054276993227688e+01
1.276496007699322632e+02
9.765137476993228915e+01
9.449366676993227543e+01
1.118610607699322799e+02
1.213341847699322784e+02
1.102822067699322872e+02
1.244918927699322779e+02
1.150187687699322794e+02
1.071244987699322735e+02
1.418592867699322824e+02
1.118610607699322799e+02
1.229130387699322853e+02
1.244918927699322637e+02
1.150187687699322794e+02
1.229130387699322853e+02
1.102822067699322872e+02
1.244918927699322779e+02
1.102822067699322730e+02
1.339650167699322765e+02
1.323861627699322696e+02
1.134399147699322867e+02
1.323861627699322696e+02
1.087033527699322804e+02
1.102822067699322872e+02
1.023879367699322813e+02
1.276496007699322774e+02
1.087033527699322804e+02
1.181764767699322647e+02
1.165976227699322862e+02
1.387015787699322686e+02
1.071244987699322735e+02
1.229130387699322711e+02
1.260707467699322848e+02
1.244918927699322921e+02
1.292284547699322843e+02
1.197553307699322858e+02
1.023879367699322813e+02
1.165976227699322720e+02
1.181764767699322789e+02
1.402804327699322755e+02
1.102822067699322872e+02
1.229130387699322711e+02
1.418592867699322824e+02
1.229130387699322853e+02
1.181764767699322789e+02
1.071244987699322735e+02
1.229130387699322711e+02
1.087033527699322661e+02
1.323861627699322696e+02
1.213341847699322784e+02
1.465958487699322745e+02
1.197553307699322858e+02
1.134399147699322867e+02
1.323861627699322696e+02
1.181764767699322931e+02
1.213341847699322784e+02
1.181764767699322647e+02
1.292284547699322843e+02
1.213341847699322926e+02
1.165976227699322862e+02
1.465958487699322745e+02
1.229130387699322853e+02
1.308073087699322912e+02
1.039667907699322740e+02
1.292284547699322843e+02
1.355438707699322549e+02
1.229130387699322711e+02
1.181764767699322931e+02
1.355438707699322833e+02
1.323861627699322696e+02
1.150187687699322794e+02
1.323861627699322696e+02
1.387015787699322686e+02
1.229130387699322711e+02
1.292284547699322843e+02
1.197553307699322716e+02
1.055456447699322950e+02
9.923022876993226760e+01
1.513324107699322951e+02
1.213341847699322784e+02
1.339650167699322765e+02
1.087033527699322661e+02
1.260707467699322848e+02
1.308073087699322627e+02
1.197553307699322716e+02
1.292284547699322843e+02
1.213341847699322926e+02
1.308073087699322912e+02
1.371227247699322902e+02
1.308073087699322627e+02
1.308073087699322912e+02
1.087033527699322804e+02
1.118610607699322799e+02
1.150187687699322794e+02
1.276496007699322774e+02
1.165976227699322720e+02
1.118610607699322657e+02
1.008090827699322745e+02
1.244918927699322779e+02
1.213341847699322784e+02
1.181764767699322789e+02
1.276496007699322774e+02
1.055456447699322950e+02
1.244918927699322779e+02
1.260707467699322706e+02
1.181764767699322931e+02
1.387015787699322971e+02
1.213341847699322642e+02
1.292284547699322843e+02
1.134399147699322725e+02
1.260707467699322848e+02
1.181764767699322931e+02
1.229130387699322853e+02
1.371227247699322902e+02
1.087033527699322804e+02
1.260707467699322848e+02
1.260707467699322848e+02
1.387015787699322971e+02
1.150187687699322794e+02
1.323861627699322696e+02
1.087033527699322804e+02
1.260707467699322848e+02
1.387015787699322686e+02
1.197553307699322858e+02
1.371227247699322618e+02
1.197553307699322716e+02
1.465958487699322745e+02
1.213341847699322784e+02
1.323861627699322696e+02
1.260707467699322848e+02
1.150187687699322794e+02
1.387015787699322686e+02
1.197553307699322858e+02
1.387015787699322971e+02
1.323861627699322696e+02
1.244918927699322637e+02
1.339650167699322765e+02
1.229130387699322853e+02
1.418592867699322824e+02
1.229130387699322711e+02
1.165976227699322862e+02
1.023879367699322813e+02
1.118610607699322799e+02
1.260707467699322706e+02
1.229130387699322853e+02
1.323861627699322696e+02
1.244918927699322779e+02
1.213341847699322784e+02
1.323861627699322980e+02
1.355438707699322549e+02
1.181764767699322789e+02
1.292284547699322559e+02
1.339650167699322765e+02
1.292284547699322843e+02
1.087033527699322804e+02
1.102822067699322872e+02
1.260707467699322706e+02
1.323861627699322980e+02
1.276496007699322632e+02
1.529112647699322736e+02
1.229130387699322853e+02
1.181764767699322789e+02
1.323861627699322696e+02
1.308073087699322912e+02
1.244918927699322779e+02
1.118610607699322657e+02
1.276496007699322774e+02
1.244918927699322779e+02
1.323861627699322696e+02
1.308073087699322912e+02
1.260707467699322848e+02
1.276496007699322917e+02
1.323861627699322696e+02
1.102822067699322730e+02
1.260707467699322706e+02
1.087033527699322804e+02
1.213341847699322784e+02
1.087033527699322804e+02
1.450169947699322961e+02
1.339650167699322765e+02
1.087033527699322804e+02
1.355438707699322833e+02
1.039667907699322882e+02
1.181764767699322789e+02
1.150187687699322794e+02
1.244918927699322779e+02
1.387015787699322971e+02
1.276496007699322632e+02
1.244918927699322779e+02
1.134399147699322867e+02
1.229130387699322711e+02
1.308073087699322912e+02
1.102822067699322872e+02
1.118610607699322799e+02
1.071244987699322735e+02
1.418592867699322824e+02
1.229130387699322853e+02
1.229130387699322853e+02
1.244918927699322921e+02
1.118610607699322799e+02
1.213341847699322784e+02
1.181764767699322931e+02
1.371227247699322902e+02
1.260707467699322706e+02
1.165976227699322862e+02
1.244918927699322921e+02
1.087033527699322804e+02
1.165976227699322720e+02
1.071244987699322735e+02
1.371227247699322902e+02
1.181764767699322789e+02
1.292284547699322843e+02
1.118610607699322799e+02
1.465958487699322745e+02
1.355438707699322833e+02
1.244918927699322779e+02
1.418592867699322824e+02
1.181764767699322789e+02
1.402804327699322755e+02
1.174060328662958739e+02
2.958165348662958536e+02
1.805601928662958642e+02
1.205637408662958592e+02
1.837179008662959063e+02
1.884544628662958416e+02
1.868756088662958632e+02
1.695082148662958730e+02
1.695082148662958730e+02
1.568773828662959033e+02
1.600350908662958886e+02
1.584562368662958818e+02
1.758236308662958436e+02
1.663505068662958877e+02
1.237214488662959013e+02
1.552985288662958681e+02
1.221425948662958803e+02
1.474042588662958622e+02
1.584562368662958818e+02
1.426676968662958984e+02
1.442465508662959053e+02
1.284580108662958651e+02
1.363522808662958994e+02
1.458254048662958837e+02
1.174060328662958455e+02
1.189848868662958665e+02
1.237214488662958871e+02
1.031963468662958689e+02
1.158271788662958670e+02
1.174060328662958597e+02
1.158271788662958812e+02
1.110906168662959033e+02
1.095117628662958680e+02
1.221425948662958660e+02
1.095117628662958822e+02
9.845978486629587678e+01
1.174060328662958739e+02
1.031963468662958547e+02
1.031963468662958689e+02
8.898666086629589245e+01
1.237214488662958587e+02
1.047752008662958616e+02
1.158271788662958528e+02
1.126694708662958675e+02
9.372322286629585619e+01
1.126694708662958817e+02
1.031963468662958547e+02
1.079329088662958753e+02
1.095117628662958822e+02
1.079329088662958753e+02
1.016174928662958621e+02
1.189848868662958665e+02
1.079329088662958611e+02
1.063540548662958685e+02
1.110906168662958748e+02
1.095117628662958680e+02
9.845978486629587678e+01
1.221425948662958803e+02
1.016174928662958905e+02
1.095117628662958680e+02
1.205637408662958592e+02
1.110906168662958606e+02
1.016174928662958621e+02
9.214436886629586354e+01
9.372322286629588461e+01
1.095117628662958680e+02
9.056551486629585668e+01
1.047752008662958616e+02
1.126694708662958675e+02
1.031963468662958832e+02
9.214436886629587775e+01
1.079329088662958753e+02
1.016174928662958763e+02
1.268791568662958724e+02
1.253003028662958656e+02
1.031963468662958689e+02
1.221425948662958660e+02
1.174060328662958597e+02
9.214436886629587775e+01
9.688093086629588413e+01
1.174060328662958597e+02
1.189848868662958523e+02
1.253003028662958656e+02
9.845978486629587678e+01
1.063540548662958543e+02
1.016174928662958763e+02
9.845978486629586257e+01
1.331945728662958572e+02
1.095117628662958680e+02
1.095117628662958822e+02
9.530207686629587727e+01
1.063540548662958827e+02
1.142483248662958744e+02
8.898666086629587824e+01
9.688093086629586992e+01
9.688093086629586992e+01
1.079329088662958753e+02
9.845978486629587678e+01
1.016174928662958763e+02
1.000386388662958836e+02
1.253003028662958656e+02
1.142483248662958744e+02
1.189848868662958665e+02
9.530207686629587727e+01
1.284580108662958651e+02
1.031963468662958832e+02
1.063540548662958543e+02
1.253003028662958513e+02
1.268791568662958866e+02
1.205637408662958734e+02
9.845978486629586257e+01
1.110906168662958748e+02
1.221425948662958518e+02
1.189848868662958807e+02
9.056551486629587089e+01
8.425009886629587186e+01
1.174060328662958739e+02
9.845978486629587678e+01
1.063540548662958827e+02
1.016174928662958621e+02
1.063540548662958685e+02
9.530207686629587727e+01
9.688093086629586992e+01
1.016174928662958763e+02
1.189848868662958807e+02
1.158271788662958670e+02
1.031963468662958832e+02
1.000386388662958694e+02
1.079329088662958611e+02
1.268791568662958582e+02
1.095117628662958538e+02
9.530207686629586306e+01
1.189848868662958665e+02
1.126694708662958533e+02
1.095117628662958822e+02
1.410888428662958631e+02
1.205637408662958592e+02
1.047752008662958758e+02
1.142483248662958744e+02
9.530207686629587727e+01
1.000386388662958694e+02
9.845978486629587678e+01
9.845978486629587678e+01
1.110906168662958748e+02
1.205637408662958876e+02
9.372322286629585619e+01
8.425009886629587186e+01
9.214436886629587775e+01
1.142483248662958601e+02
8.425009886629587186e+01
1.079329088662958611e+02
1.158271788662958812e+02
1.031963468662958832e+02
1.031963468662958832e+02
1.047752008662958616e+02
1.047752008662958758e+02
1.174060328662958739e+02
9.372322286629587040e+01
1.063540548662958543e+02
9.530207686629587727e+01
1.079329088662958753e+02
1.063540548662958685e+02
1.095117628662958680e+02
9.056551486629588510e+01
8.582895286629586451e+01
1.095117628662958680e+02
1.031963468662958689e+02
1.174060328662958739e+02
1.016174928662958763e+02
1.079329088662958753e+02
1.110906168662958748e+02
8.109239086629587234e+01
1.000386388662958694e+02
8.898666086629586403e+01
9.845978486629587678e+01
9.056551486629587089e+01
9.056551486629587089e+01
9.688093086629586992e+01
7.477697486629587331e+01
1.047752008662958758e+02
9.056551486629587089e+01
8.582895286629587872e+01
9.530207686629587727e+01
1.095117628662958680e+02
9.845978486629587678e+01
9.530207686629586306e+01
9.214436886629587775e+01
1.000386388662958836e+02
1.110906168662958606e+02
9.688093086629586992e+01
1.063540548662958685e+02
9.845978486629587678e+01
1.095117628662958680e+02
9.845978486629587678e+01
1.079329088662958611e+02
1.000386388662958694e+02
8.582895286629587872e+01
8.740780686629588558e+01
9.056551486629587089e+01
8.898666086629589245e+01
9.056551486629587089e+01
9.845978486629586257e+01
1.110906168662958748e+02
9.214436886629586354e+01
1.063540548662958685e+02
1.000386388662958836e+02
8.898666086629587824e+01
9.845978486629587678e+01
9.056551486629585668e+01
9.372322286629588461e+01
9.372322286629588461e+01
1.237214488662958587e+02
1.095117628662958680e+02
1.110906168662958748e+02
1.031963468662958689e+02
1.110906168662958748e+02
1.063540548662958543e+02
9.372322286629587040e+01
8.109239086629587234e+01
1.031963468662958832e+02
1.237214488662958729e+02
9.214436886629587775e+01
9.056551486629585668e+01
1.126694708662958533e+02
1.095117628662958680e+02
9.372322286629587040e+01
8.582895286629586451e+01
1.095117628662958822e+02
9.214436886629587775e+01
1.063540548662958827e+02
9.530207686629587727e+01
8.740780686629587137e+01
9.214436886629586354e+01
9.056551486629587089e+01
9.372322286629587040e+01
7.951353686629586548e+01
9.530207686629587727e+01
9.372322286629587040e+01
1.016174928662958763e+02
9.845978486629587678e+01
1.142483248662958601e+02
8.740780686629588558e+01
1.031963468662958689e+02
1.237214488662958729e+02
9.056551486629587089e+01
1.063540548662958827e+02
9.214436886629587775e+01
8.898666086629587824e+01
1.000386388662958694e+02
9.688093086629586992e+01
9.530207686629587727e+01
1.110906168662958748e+02
1.126694708662958675e+02
9.214436886629587775e+01
1.189848868662958665e+02
9.530207686629586306e+01
1.095117628662958680e+02
1.158271788662958670e+02
9.372322286629587040e+01
9.530207686629587727e+01
1.095117628662958680e+02
9.372322286629587040e+01
1.016174928662958621e+02
9.530207686629589148e+01
1.079329088662958753e+02
1.016174928662958621e+02
1.079329088662958753e+02
1.016174928662958763e+02
1.205637408662958734e+02
9.845978486629587678e+01
9.214436886629586354e+01
9.845978486629587678e+01
9.688093086629588413e+01
1.221425948662958803e+02
9.372322286629587040e+01
1.079329088662958753e+02
9.845978486629586257e+01
8.740780686629588558e+01
1.047752008662958758e+02
1.110906168662958748e+02
1.189848868662958523e+02
1.110906168662958748e+02
1.142483248662958744e+02
9.372322286629585619e+01
9.214436886629587775e+01
8.740780686629587137e+01
1.142483248662958601e+02
1.142483248662958601e+02
1.079329088662958753e+02
1.142483248662958744e+02
1.079329088662958611e+02
1.095117628662958680e+02
1.095117628662958680e+02
1.000386388662958552e+02
9.214436886629584933e+01
1.047752008662958758e+02
1.158271788662958670e+02
1.016174928662958763e+02
1.126694708662958817e+02
1.253003028662958798e+02
1.189848868662958807e+02
1.253003028662958513e+02
1.110906168662958748e+02
1.284580108662958651e+02
1.142483248662958744e+02
1.079329088662958753e+02
9.845978486629586257e+01
1.000386388662958836e+02
1.174060328662958881e+02
1.079329088662958611e+02
1.174060328662958597e+02
9.845978486629587678e+01
1.126694708662958533e+02
9.845978486629586257e+01
9.056551486629587089e+01
1.047752008662958758e+02
1.110906168662958606e+02
8.425009886629587186e+01
9.845978486629586257e+01
1.142483248662958601e+02
1.047752008662958758e+02
9.530207686629587727e+01
1.047752008662958758e+02
1.158271788662958670e+02
1.095117628662958680e+02
1.095117628662958680e+02
1.000386388662958836e+02
9.214436886629587775e+01
1.205637408662958734e+02
8.740780686629588558e+01
1.237214488662958587e+02
8.582895286629587872e+01
9.372322286629587040e+01
9.845978486629586257e+01
9.530207686629586306e+01
9.530207686629587727e+01
1.063540548662958827e+02
1.095117628662958822e+02
9.845978486629587678e+01
9.056551486629588510e+01
9.056551486629587089e+01
1.095117628662958680e+02
8.425009886629587186e+01
9.214436886629586354e+01
1.031963468662958832e+02
9.688093086629588413e+01
9.056551486629587089e+01
8.267124486629587921e+01
9.845978486629587678e+01
1.205637408662958734e+02
1.079329088662958895e+02
1.126694708662958675e+02
9.845978486629586257e+01
1.047752008662958758e+02
1.000386388662958836e+02
1.063540548662958685e+02
9.214436886629586354e+01
8.898666086629586403e+01
9.845978486629587678e+01
1.079329088662958895e+02
1.079329088662958611e+02
9.214436886629587775e+01
9.530207686629587727e+01
1.158271788662958528e+02
9.688093086629585571e+01
1.142483248662958744e+02
1.016174928662958621e+02
1.016174928662958621e+02
1.174060328662958597e+02
1.095117628662958680e+02
9.688093086629588413e+01
1.095117628662958680e+02
9.845978486629587678e+01
1.063540548662958685e+02
9.530207686629587727e+01
9.372322286629588461e+01
1.174060328662958739e+02
1.000386388662958836e+02
1.095117628662958538e+02
1.205637408662958734e+02
1.063540548662958685e+02
1.016174928662958763e+02
1.142483248662958744e+02
1.142483248662958744e+02
1.016174928662958763e+02
1.205637408662958592e+02
1.016174928662958763e+02
1.047752008662958758e+02
8.582895286629587872e+01
9.372322286629587040e+01
1.110906168662958748e+02
1.016174928662958621e+02
1.079329088662958753e+02
1.142483248662958744e+02
1.095117628662958680e+02
9.372322286629588461e+01
9.845978486629586257e+01
1.253003028662958798e+02
1.095117628662958538e+02
1.047752008662958758e+02
1.174060328662958597e+02
8.898666086629587824e+01
1.142483248662958601e+02
1.016174928662958763e+02
1.189848868662958807e+02
1.031963468662958832e+02
1.000386388662958836e+02
1.142483248662958601e+02
8.109239086629587234e+01
8.898666086629586403e+01
9.056551486629587089e+01
9.530207686629586306e+01
1.079329088662958611e+02
1.031963468662958689e+02
8.740780686629588558e+01
8.267124486629587921e+01
1.221425948662958660e+02
1.031963468662958689e+02
1.031963468662958832e+02
9.530207686629587727e+01
1.095117628662958538e+02
1.063540548662958827e+02
1.016174928662958763e+02
1.031963468662958547e+02
9.688093086629585571e+01
9.530207686629587727e+01
1.095117628662958680e+02
1.095117628662958822e+02
1.063540548662958827e+02
1.063540548662958543e+02
9.056551486629588510e+01
1.079329088662958611e+02
1.031963468662958689e+02
1.189848868662958665e+02
9.845978486629587678e+01
1.142483248662958744e+02
1.221425948662958803e+02
1.079329088662958753e+02
1.063540548662958685e+02
1.189848868662958807e+02
1.016174928662958763e+02
1.047752008662958758e+02
1.000386388662958694e+02
1.174060328662958739e+02
9.845978486629587678e+01
9.214436886629587775e+01
9.530207686629587727e+01
1.095117628662958538e+02
1.016174928662958763e+02
1.000386388662958836e+02
1.158271788662958812e+02
1.031963468662958689e+02
9.688093086629586992e+01
1.079329088662958753e+02
7.793468286629587283e+01
8.582895286629587872e+01
9.056551486629588510e+01
1.126694708662958533e+02
9.688093086629586992e+01
1.016174928662958621e+02
1.174060328662958597e+02
8.898666086629587824e+01
1.047752008662958758e+02
1.110906168662958748e+02
9.688093086629586992e+01
9.372322286629587040e+01
9.688093086629586992e+01
9.214436886629587775e+01
1.174060328662958739e+02
1.000386388662958836e+02
1.047752008662958758e+02
1.000386388662958836e+02
9.372322286629585619e+01
9.688093086629586992e+01
9.845978486629587678e+01
9.688093086629586992e+01
9.530207686629587727e+01
9.530207686629586306e+01
8.582895286629586451e+01
1.174060328662958597e+02
1.063540548662958827e+02
1.031963468662958832e+02
9.214436886629586354e+01
1.158271788662958670e+02
1.047752008662958616e+02
9.530207686629587727e+01
7.951353686629587969e+01
8.109239086629587234e+01
1.063540548662958685e+02
9.688093086629586992e+01
9.214436886629587775e+01
9.214436886629587775e+01
9.845978486629587678e+01
9.056551486629587089e+01
1.174060328662958739e+02
9.530207686629587727e+01
8.425009886629587186e+01
9.530207686629586306e+01
8.582895286629587872e+01
9.056551486629587089e+01
7.161926686629587380e+01
8.898666086629587824e+01
1.031963468662958832e+02
9.688093086629586992e+01
9.530207686629587727e+01
1.016174928662958763e+02
9.056551486629587089e+01
8.109239086629587234e+01
1.047752008662958758e+02
9.845978486629586257e+01
1.047752008662958616e+02
1.031963468662958689e+02
1.031963468662958689e+02
7.635582886629586596e+01
1.000386388662958694e+02
7.951353686629586548e+01
9.372322286629587040e+01
1.095117628662958822e+02
1.158271788662958528e+02
1.000386388662958694e+02
1.126694708662958675e+02
8.582895286629587872e+01
1.000386388662958694e+02
8.898666086629586403e+01
1.095117628662958680e+02
8.109239086629587234e+01
1.126694708662958675e+02
8.582895286629586451e+01
8.109239086629587234e+01
9.214436886629587775e+01
9.688093086629585571e+01
9.845978486629587678e+01
9.688093086629586992e+01
9.530207686629587727e+01
8.740780686629587137e+01
9.530207686629587727e+01
9.214436886629586354e+01
8.267124486629586499e+01
1.095117628662958680e+02
1.126694708662958675e+02
1.031963468662958832e+02
8.582895286629586451e+01
9.845978486629587678e+01
1.031963468662958689e+02
1.158271788662958670e+02
1.110906168662958748e+02
1.000386388662958836e+02
9.688093086629586992e+01
9.688093086629586992e+01
9.845978486629587678e+01
9.845978486629587678e+01
1.031963468662958832e+02
8.898666086629586403e+01
1.079329088662958611e+02
1.016174928662958621e+02
1.110906168662958748e+02
9.372322286629588461e+01
1.095117628662958680e+02
8.582895286629587872e+01
7.793468286629587283e+01
9.688093086629588413e+01
9.530207686629587727e+01
7.635582886629588018e+01
1.031963468662958689e+02
9.214436886629587775e+01
1.205637408662958734e+02
1.142483248662958601e+02
1.000386388662958694e+02
9.372322286629587040e+01
8.425009886629587186e+01
1.000386388662958836e+02
9.530207686629587727e+01
1.095117628662958680e+02
1.237214488662958729e+02
9.845978486629587678e+01
9.845978486629586257e+01
1.142483248662958744e+02
9.688093086629588413e+01
9.372322286629587040e+01
8.740780686629587137e+01
8.898666086629587824e+01
8.425009886629587186e+01
9.845978486629587678e+01
9.056551486629587089e+01
1.110906168662958606e+02
9.530207686629586306e+01
9.845978486629587678e+01
9.530207686629586306e+01
1.126694708662958533e+02
1.047752008662958758e+02
1.158271788662958670e+02
1.031963468662958832e+02
1.110906168662958748e+02
9.688093086629588413e+01
1.000386388662958694e+02
1.047752008662958616e+02
7.793468286629587283e+01
1.142483248662958744e+02
9.530207686629587727e+01
8.898666086629587824e+01
9.214436886629587775e+01
1.079329088662958753e+02
1.221425948662958660e+02
6.846155886629586007e+01
1.063540548662958827e+02
9.056551486629588510e+01
1.189848868662958665e+02
1.000386388662958694e+02
1.205637408662958734e+02
9.056551486629587089e+01
1.047752008662958758e+02
1.142483248662958601e+02
9.530207686629587727e+01
9.845978486629587678e+01
1.079329088662958753e+02
9.688093086629586992e+01
8.109239086629587234e+01
9.530207686629586306e+01
1.079329088662958611e+02
8.740780686629587137e+01
9.056551486629587089e+01
7.793468286629587283e+01
1.031963468662958689e+02
1.016174928662958763e+02
1.079329088662958753e+02
9.688093086629588413e+01
8.267124486629586499e+01
1.095117628662958680e+02
7.477697486629585910e+01
9.845978486629586257e+01
8.109239086629588655e+01
1.000386388662958836e+02
6.846155886629587428e+01
8.425009886629587186e+01
1.110906168662958748e+02
9.530207686629586306e+01
9.688093086629586992e+01
9.056551486629585668e+01
9.372322286629587040e+01
1.095117628662958538e+02
8.740780686629588558e+01
1.000386388662958694e+02
9.845978486629587678e+01
1.047752008662958616e+02
9.056551486629588510e+01
9.214436886629586354e+01
9.845978486629586257e+01
1.000386388662958552e+02
1.158271788662958670e+02
1.205637408662958876e+02
9.688093086629586992e+01
9.056551486629587089e+01
8.582895286629587872e+01
9.372322286629587040e+01
1.110906168662958606e+02
8.582895286629586451e+01
9.688093086629585571e+01
1.031963468662958832e+02
1.110906168662958748e+02
1.205637408662958734e+02
8.425009886629587186e+01
1.095117628662958680e+02
8.740780686629587137e+01
1.031963468662958689e+02
9.530207686629587727e+01
1.031963468662958832e+02
1.095117628662958680e+02
8.898666086629586403e+01
9.214436886629587775e+01
1.000386388662958836e+02
1.047752008662958616e+02
9.688093086629586992e+01
9.056551486629587089e+01
1.347734268662958925e+02
9.688093086629586992e+01
8.740780686629587137e+01
1.016174928662958763e+02
1.079329088662958753e+02
9.056551486629587089e+01
9.214436886629587775e+01
7.793468286629587283e+01
1.000386388662958836e+02
1.000386388662958694e+02
1.126694708662958533e+02
1.031963468662958689e+02
1.000386388662958694e+02
1.016174928662958621e+02
1.047752008662958616e+02
8.425009886629587186e+01
1.205637408662958734e+02
7.951353686629586548e+01
1.016174928662958763e+02
9.056551486629588510e+01
1.031963468662958689e+02
9.845978486629586257e+01
8.109239086629588655e+01
1.000386388662958694e+02
9.056551486629587089e+01
1.063540548662958827e+02
6.846155886629588849e+01
9.688093086629586992e+01
8.898666086629587824e+01
9.056551486629585668e+01
1.174060328662958597e+02
7.161926686629587380e+01
1.237214488662958729e+02
1.095117628662958538e+02
1.110906168662958748e+02
1.189848868662958665e+02
1.031963468662958689e+02
1.205637408662958734e+02
1.063540548662958543e+02
9.530207686629587727e+01
9.056551486629588510e+01
9.056551486629585668e+01
1.174060328662958597e+02
1.047752008662958758e+02
9.845978486629586257e+01
1.031963468662958689e+02
1.110906168662958748e+02
1.205637408662958592e+02
1.063540548662958543e+02
1.095117628662958680e+02
9.372322286629587040e+01
9.214436886629587775e+01
1.174060328662958597e+02
1.110906168662958606e+02
1.031963468662958689e+02
1.158271788662958670e+02
1.237214488662958587e+02
1.363522808662958710e+02
1.047752008662958758e+02
1.158271788662958670e+02
1.000386388662958694e+02
9.056551486629585668e+01
1.237214488662958729e+02
1.079329088662958611e+02
1.063540548662958685e+02
9.056551486629587089e+01
9.845978486629584836e+01
1.000386388662958694e+02
1.047752008662958758e+02
1.110906168662958748e+02
9.530207686629587727e+01
1.079329088662958753e+02
1.016174928662958763e+02
1.079329088662958611e+02
8.898666086629587824e+01
1.079329088662958611e+02
8.740780686629588558e+01
9.530207686629586306e+01
1.205637408662958734e+02
1.189848868662958807e+02
1.174060328662958597e+02
1.205637408662958592e+02
1.142483248662958744e+02
9.372322286629588461e+01
1.110906168662958606e+02
1.063540548662958685e+02
1.031963468662958689e+02
1.079329088662958753e+02
1.237214488662958729e+02
9.845978486629587678e+01
9.845978486629586257e+01
1.016174928662958763e+02
1.047752008662958758e+02
8.582895286629586451e+01
9.214436886629587775e+01
1.063540548662958685e+02
9.372322286629587040e+01
1.016174928662958621e+02
1.063540548662958685e+02
9.530207686629586306e+01
1.047752008662958758e+02
1.126694708662958675e+02
9.688093086629586992e+01
9.688093086629586992e+01
1.095117628662958680e+02
1.031963468662958547e+02
9.372322286629587040e+01
1.063540548662958827e+02
9.845978486629587678e+01
1.031963468662958689e+02
1.110906168662958606e+02
1.126694708662958533e+02
1.095117628662958822e+02
1.095117628662958680e+02
9.530207686629586306e+01
7.319812086629588066e+01
9.372322286629587040e+01
1.126694708662958675e+02
8.740780686629588558e+01
9.530207686629587727e+01
7.951353686629587969e+01
8.898666086629586403e+01
9.372322286629588461e+01
1.063540548662958827e+02
9.214436886629587775e+01
1.063540548662958685e+02
1.205637408662958734e+02
1.110906168662958606e+02
1.047752008662958616e+02
1.063540548662958827e+02
1.189848868662958807e+02
7.635582886629586596e+01
1.016174928662958763e+02
9.845978486629587678e+01
1.047752008662958758e+02
9.845978486629586257e+01
8.425009886629587186e+01
1.047752008662958758e+02
8.267124486629586499e+01
7.793468286629587283e+01
1.000386388662958552e+02
9.372322286629587040e+01
9.372322286629587040e+01
1.079329088662958753e+02
1.158271788662958812e+02
8.898666086629587824e+01
9.530207686629587727e+01
9.372322286629587040e+01
1.016174928662958621e+02
1.063540548662958685e+02
1.000386388662958694e+02
8.425009886629587186e+01
8.109239086629587234e+01
1.047752008662958758e+02
1.031963468662958547e+02
9.530207686629586306e+01
1.095117628662958680e+02
1.047752008662958758e+02
1.000386388662958836e+02
8.109239086629587234e+01
9.845978486629587678e+01
1.016174928662958763e+02
1.079329088662958611e+02
1.000386388662958694e+02
1.047752008662958758e+02
9.056551486629587089e+01
9.688093086629586992e+01
9.845978486629587678e+01
1.158271788662958812e+02
1.079329088662958611e+02
1.095117628662958680e+02
1.063540548662958827e+02
8.425009886629587186e+01
9.056551486629587089e+01
1.063540548662958827e+02
1.031963468662958689e+02
1.000386388662958694e+02
1.016174928662958621e+02
9.530207686629586306e+01
1.016174928662958621e+02
9.688093086629585571e+01
1.031963468662958832e+02
9.688093086629585571e+01
1.079329088662958753e+02
1.205637408662958592e+02
6.372499686629587501e+01
1.047752008662958758e+02
1.031963468662958689e+02
9.530207686629587727e+01
1.000386388662958694e+02
9.214436886629586354e+01
1.142483248662958601e+02
1.126694708662958817e+02
1.221425948662958660e+02
1.158271788662958812e+02
7.793468286629587283e+01
9.530207686629586306e+01
1.063540548662958685e+02
1.079329088662958753e+02
1.142483248662958744e+02
9.688093086629586992e+01
9.214436886629587775e+01
8.425009886629587186e+01
1.079329088662958611e+02
9.056551486629588510e+01
1.095117628662958822e+02
1.031963468662958547e+02
1.142483248662958744e+02
8.898666086629586403e+01
1.063540548662958685e+02
1.126694708662958533e+02
1.047752008662958616e+02
1.095117628662958538e+02
8.740780686629587137e+01
1.268791568662958582e+02
1.174060328662958739e+02
1.110906168662958606e+02
9.530207686629587727e+01
1.047752008662958758e+02
1.110906168662958606e+02
1.158271788662958528e+02
9.530207686629587727e+01
1.000386388662958552e+02
1.300368648662958719e+02
9.845978486629586257e+01
1.158271788662958954e+02
1.110906168662958606e+02
1.047752008662958758e+02
1.016174928662958905e+02
1.079329088662958753e+02
1.205637408662958734e+02
9.056551486629587089e+01
9.530207686629586306e+01
9.056551486629587089e+01
1.000386388662958694e+02
1.079329088662958753e+02
1.221425948662958803e+02
9.845978486629587678e+01
1.047752008662958616e+02
1.189848868662958665e+02
1.126694708662958675e+02
1.237214488662958587e+02
1.174060328662958739e+02
1.253003028662958798e+02
1.079329088662958753e+02
9.056551486629588510e+01
1.126694708662958675e+02
1.031963468662958547e+02
1.079329088662958753e+02
9.372322286629585619e+01
1.000386388662958836e+02
9.530207686629587727e+01
1.016174928662958621e+02
9.530207686629587727e+01
9.688093086629588413e+01
1.237214488662958729e+02
1.095117628662958680e+02
1.110906168662958748e+02
1.110906168662958748e+02
1.095117628662958680e+02
1.031963468662958547e+02
9.214436886629587775e+01
1.126694708662958675e+02
1.189848868662958807e+02
1.079329088662958611e+02
9.688093086629586992e+01
1.095117628662958822e+02
1.016174928662958763e+02
8.898666086629587824e+01
1.016174928662958621e+02
7.635582886629588018e+01
1.110906168662958748e+02
1.189848868662958665e+02
1.000386388662958694e+02
8.740780686629585716e+01
9.688093086629588413e+01
9.530207686629587727e+01
9.688093086629586992e+01
9.056551486629587089e+01
1.016174928662958621e+02
9.845978486629586257e+01
9.688093086629586992e+01
1.047752008662958758e+02
1.110906168662958748e+02
8.898666086629587824e+01
1.079329088662958753e+02
1.142483248662958601e+02
1.063540548662958827e+02
9.530207686629586306e+01
9.372322286629587040e+01
8.740780686629588558e+01
8.740780686629587137e+01
1.095117628662958538e+02
8.898666086629586403e+01
1.031963468662958547e+02
1.079329088662958611e+02
1.016174928662958763e+02
9.845978486629587678e+01
1.000386388662958694e+02
9.372322286629587040e+01
8.740780686629588558e+01
9.372322286629587040e+01
1.000386388662958552e+02
9.056551486629587089e+01
1.016174928662958763e+02
9.056551486629587089e+01
9.214436886629587775e+01
9.056551486629587089e+01
9.372322286629588461e+01
8.740780686629587137e+01
8.582895286629587872e+01
1.031963468662958832e+02
1.221425948662958660e+02
1.126694708662958817e+02
8.898666086629587824e+01
1.095117628662958680e+02
1.079329088662958753e+02
1.000386388662958694e+02
8.109239086629587234e+01
9.845978486629587678e+01
1.110906168662958748e+02
1.142483248662958601e+02
9.688093086629588413e+01
1.063540548662958827e+02
1.174060328662958597e+02
1.047752008662958616e+02
9.845978486629587678e+01
9.530207686629587727e+01
8.582895286629587872e+01
1.110906168662958748e+02
1.031963468662958832e+02
1.016174928662958763e+02
1.047752008662958758e+02
9.530207686629587727e+01
1.016174928662958621e+02
1.016174928662958621e+02
1.063540548662958827e+02
9.214436886629587775e+01
1.174060328662958739e+02
9.056551486629587089e+01
9.688093086629586992e+01
1.016174928662958621e+02
1.079329088662958753e+02
9.372322286629588461e+01
1.095117628662958822e+02
9.214436886629587775e+01
1.031963468662958832e+02
1.047752008662958616e+02
9.530207686629586306e+01
1.047752008662958758e+02
1.189848868662958665e+02
1.047752008662958616e+02
1.205637408662958876e+02
1.063540548662958685e+02
9.530207686629587727e+01
9.214436886629587775e+01
1.110906168662958606e+02
1.063540548662958543e+02
8.898666086629586403e+01
8.425009886629587186e+01
8.582895286629586451e+01
9.530207686629587727e+01
1.000386388662958694e+02
1.016174928662958621e+02
9.530207686629587727e+01
8.109239086629587234e+01
1.142483248662958601e+02
1.016174928662958763e+02
9.056551486629588510e+01
9.372322286629588461e+01
1.000386388662958694e+02
1.079329088662958753e+02
9.056551486629587089e+01
9.056551486629587089e+01
1.063540548662958685e+02
1.142483248662958601e+02
1.047752008662958758e+02
1.031963468662958832e+02
8.898666086629586403e+01
8.898666086629586403e+01
9.056551486629587089e+01
1.031963468662958689e+02
8.582895286629586451e+01
9.688093086629586992e+01
1.237214488662958729e+02
9.056551486629587089e+01
1.189848868662958807e+02
9.688093086629588413e+01
1.000386388662958694e+02
9.688093086629586992e+01
1.047752008662958758e+02
8.425009886629587186e+01
9.056551486629587089e+01
1.174060328662958739e+02
9.845978486629587678e+01
1.047752008662958758e+02
1.158271788662958812e+02
9.688093086629586992e+01
9.688093086629585571e+01
9.056551486629588510e+01
1.221425948662958660e+02
1.110906168662958748e+02
1.110906168662958748e+02
1.016174928662958763e+02
9.372322286629587040e+01
1.063540548662958685e+02
1.126694708662958675e+02
1.158271788662958812e+02
1.047752008662958616e+02
1.253003028662958656e+02
1.126694708662958533e+02
1.047752008662958616e+02
8.740780686629587137e+01
1.031963468662958689e+02
8.582895286629587872e+01
1.031963468662958832e+02
1.205637408662958592e+02
9.530207686629587727e+01
1.174060328662958739e+02
1.142483248662958744e+02
1.047752008662958616e+02
9.845978486629586257e+01
9.688093086629586992e+01
9.530207686629587727e+01
1.142483248662958744e+02
9.530207686629587727e+01
9.688093086629586992e+01
1.110906168662958748e+02
9.056551486629587089e+01
1.189848868662958807e+02
1.126694708662958817e+02
1.174060328662958739e+02
8.898666086629587824e+01
1.016174928662958763e+02
9.688093086629588413e+01
9.845978486629586257e+01
8.740780686629588558e+01
9.214436886629587775e+01
1.079329088662958753e+02
9.372322286629587040e+01
1.016174928662958763e+02
9.372322286629587040e+01
9.056551486629587089e+01
9.372322286629587040e+01
1.016174928662958763e+02
9.372322286629587040e+01
1.142483248662958744e+02
9.688093086629588413e+01
8.898666086629586403e+01
9.845978486629587678e+01
1.063540548662958685e+02
8.740780686629587137e+01
9.845978486629587678e+01
1.000386388662958836e+02
8.109239086629585813e+01
1.047752008662958616e+02
9.372322286629587040e+01
9.056551486629588510e+01
8.267124486629586499e+01
8.898666086629587824e+01
7.951353686629587969e+01
1.095117628662958680e+02
9.372322286629588461e+01
9.530207686629587727e+01
1.000386388662958694e+02
9.845978486629587678e+01
8.267124486629586499e+01
1.174060328662958597e+02
9.372322286629587040e+01
8.109239086629588655e+01
1.031963468662958689e+02
9.056551486629587089e+01
1.031963468662958689e+02
9.530207686629586306e+01
8.740780686629585716e+01
1.000386388662958694e+02
1.016174928662958763e+02
1.000386388662958694e+02
1.095117628662958822e+02
8.740780686629588558e+01
9.372322286629587040e+01
1.047752008662958758e+02
9.530207686629587727e+01
9.530207686629586306e+01
1.016174928662958763e+02
8.898666086629587824e+01
1.016174928662958763e+02
1.126694708662958675e+02
9.688093086629588413e+01
1.095117628662958680e+02
9.845978486629587678e+01
1.031963468662958689e+02
1.095117628662958680e+02
1.016174928662958763e+02
1.347734268662958925e+02
1.126694708662958675e+02
1.126694708662958675e+02
1.031963468662958547e+02
9.845978486629587678e+01
9.688093086629588413e+01
1.000386388662958836e+02
1.095117628662958680e+02
1.142483248662958601e+02
8.898666086629589245e+01
1.031963468662958689e+02
1.031963468662958689e+02
1.253003028662958656e+02
9.056551486629587089e+01
1.031963468662958689e+02
1.174060328662958597e+02
9.845978486629587678e+01
9.530207686629587727e+01
9.056551486629587089e+01
7.477697486629585910e+01
1.031963468662958689e+02
1.031963468662958689e+02
9.688093086629586992e+01
1.079329088662958753e+02
1.047752008662958758e+02
1.095117628662958822e+02
9.530207686629587727e+01
1.126694708662958675e+02
1.205637408662958592e+02
9.688093086629586992e+01
9.530207686629586306e+01
1.126694708662958817e+02
1.031963468662958689e+02
8.898666086629587824e+01
1.253003028662958940e+02
1.205637408662958592e+02
1.221425948662958660e+02
9.688093086629585571e+01
8.109239086629587234e+01
9.530207686629587727e+01
1.174060328662958597e+02
9.056551486629587089e+01
9.372322286629587040e+01
1.000386388662958836e+02
1.063540548662958827e+02
1.016174928662958621e+02
9.056551486629585668e+01
9.845978486629586257e+01
1.031963468662958832e+02
1.095117628662958680e+02
8.109239086629587234e+01
1.095117628662958680e+02
1.142483248662958601e+02
1.095117628662958822e+02
8.740780686629588558e+01
1.016174928662958763e+02
1.126694708662958817e+02
1.110906168662958606e+02
1.174060328662958739e+02
1.221425948662958518e+02
9.688093086629586992e+01
1.079329088662958611e+02
1.063540548662958685e+02
9.530207686629586306e+01
1.095117628662958822e+02
1.079329088662958753e+02
1.095117628662958680e+02
1.110906168662958748e+02
1.205637408662958592e+02
1.142483248662958601e+02
8.109239086629588655e+01
1.158271788662958670e+02
1.000386388662958694e+02
1.095117628662958680e+02
1.189848868662958523e+02
1.031963468662958832e+02
9.845978486629587678e+01
8.267124486629587921e+01
1.047752008662958616e+02
1.221425948662958660e+02
9.372322286629588461e+01
1.000386388662958836e+02
1.142483248662958601e+02
1.174060328662958739e+02
1.000386388662958552e+02
1.331945728662958572e+02
7.635582886629586596e+01
1.079329088662958753e+02
9.688093086629588413e+01
9.056551486629587089e+01
9.688093086629586992e+01
1.110906168662958748e+02
1.047752008662958758e+02
1.158271788662958528e+02
1.063540548662958827e+02
1.158271788662958812e+02
1.047752008662958758e+02
1.095117628662958538e+02
1.016174928662958621e+02
1.221425948662958803e+02
9.845978486629586257e+01
8.898666086629587824e+01
9.688093086629588413e+01
9.845978486629587678e+01
1.142483248662958601e+02
1.095117628662958822e+02
8.898666086629586403e+01
9.530207686629587727e+01
9.688093086629586992e+01
1.110906168662958748e+02
9.214436886629586354e+01
1.063540548662958827e+02
9.214436886629586354e+01
1.016174928662958621e+02
9.530207686629587727e+01
1.047752008662958616e+02
9.056551486629585668e+01
1.079329088662958753e+02
9.845978486629587678e+01
9.845978486629587678e+01
1.079329088662958753e+02
9.845978486629586257e+01
1.253003028662958656e+02
9.214436886629587775e+01
8.582895286629587872e+01
9.845978486629586257e+01
1.142483248662958744e+02
1.063540548662958543e+02
7.951353686629586548e+01
1.300368648662958719e+02
1.110906168662958748e+02
1.142483248662958601e+02
8.582895286629586451e+01
1.174060328662958597e+02
1.110906168662958606e+02
1.000386388662958694e+02
1.268791568662958866e+02
1.031963468662958832e+02
1.174060328662958597e+02
1.205637408662958734e+02
1.142483248662958601e+02
1.205637408662958592e+02
1.142483248662958744e+02
1.221425948662958660e+02
1.047752008662958616e+02
1.189848868662958665e+02
9.214436886629587775e+01
1.253003028662958656e+02
1.174060328662958739e+02
1.063540548662958543e+02
1.253003028662958940e+02
1.016174928662958763e+02
1.158271788662958670e+02
1.174060328662958739e+02
1.221425948662958518e+02
1.126694708662958675e+02
1.031963468662958689e+02
1.031963468662958689e+02
1.110906168662958606e+02
1.031963468662958832e+02
1.095117628662958822e+02
1.126694708662958675e+02
1.000386388662958836e+02
1.158271788662958812e+02
9.845978486629587678e+01
1.126694708662958817e+02
1.000386388662958694e+02
1.047752008662958758e+02
9.214436886629587775e+01
8.740780686629587137e+01
9.688093086629588413e+01
1.174060328662958739e+02
1.110906168662958606e+02
1.110906168662958748e+02
9.530207686629587727e+01
1.142483248662958601e+02
9.530207686629586306e+01
1.253003028662958656e+02
1.095117628662958538e+02
1.110906168662958748e+02
1.095117628662958822e+02
1.126694708662958675e+02
1.237214488662958587e+02
1.079329088662958611e+02
1.189848868662958523e+02
9.530207686629587727e+01
1.016174928662958763e+02
9.530207686629587727e+01
1.079329088662958753e+02
1.174060328662958739e+02
8.898666086629587824e+01
1.000386388662958552e+02
8.267124486629587921e+01
8.898666086629587824e+01
1.031963468662958832e+02
1.174060328662958739e+02
1.079329088662958753e+02
1.047752008662958758e+02
1.000386388662958836e+02
9.214436886629584933e+01
7.635582886629586596e+01
8.109239086629588655e+01
1.095117628662958680e+02
1.095117628662958822e+02
9.688093086629586992e+01
7.951353686629587969e+01
8.740780686629587137e+01
9.530207686629587727e+01
1.047752008662958616e+02
1.000386388662958694e+02
9.845978486629587678e+01
1.063540548662958685e+02
9.530207686629587727e+01
1.158271788662958670e+02
1.126694708662958817e+02
8.898666086629586403e+01
1.253003028662958656e+02
1.000386388662958836e+02
8.898666086629587824e+01
8.109239086629587234e+01
9.056551486629587089e+01
1.174060328662958739e+02
8.898666086629587824e+01
1.174060328662958597e+02
9.056551486629587089e+01
9.214436886629586354e+01
9.372322286629587040e+01
8.740780686629585716e+01
1.095117628662958822e+02
1.016174928662958763e+02
1.237214488662958729e+02
9.530207686629587727e+01
9.056551486629588510e+01
8.267124486629587921e+01
1.126694708662958533e+02
1.268791568662958724e+02
1.142483248662958744e+02
1.016174928662958621e+02
1.174060328662958739e+02
1.063540548662958685e+02
1.126694708662958817e+02
1.063540548662958685e+02
1.095117628662958680e+02
8.740780686629587137e+01
9.688093086629586992e+01
8.740780686629587137e+01
1.110906168662958748e+02
9.688093086629586992e+01
1.095117628662958680e+02
1.158271788662958528e+02
9.845978486629587678e+01
1.237214488662958729e+02
9.845978486629586257e+01
1.063540548662958827e+02
1.047752008662958616e+02
9.056551486629587089e+01
1.047752008662958616e+02
8.898666086629587824e+01
9.845978486629586257e+01
6.846155886629586007e+01
8.267124486629586499e+01
9.214436886629586354e+01
1.126694708662958675e+02
8.898666086629587824e+01
9.845978486629587678e+01
7.635582886629586596e+01
1.126694708662958533e+02
1.126694708662958817e+02
1.095117628662958538e+02
1.000386388662958694e+02
9.845978486629587678e+01
1.063540548662958827e+02
1.063540548662958685e+02
8.267124486629589342e+01
1.174060328662958739e+02
1.142483248662958886e+02
9.688093086629588413e+01
9.214436886629587775e+01
1.110906168662958748e+02
9.372322286629587040e+01
1.142483248662958601e+02
8.109239086629587234e+01
1.000386388662958694e+02
1.000386388662958694e+02
8.740780686629588558e+01
9.056551486629587089e+01
1.016174928662958621e+02
1.063540548662958685e+02
9.530207686629586306e+01
8.740780686629587137e+01
1.079329088662958753e+02
8.109239086629588655e+01
1.063540548662958685e+02
7.951353686629585127e+01
1.063540548662958685e+02
9.056551486629587089e+01
8.898666086629587824e+01
1.110906168662958606e+02
1.158271788662958670e+02
1.189848868662958665e+02
9.056551486629588510e+01
1.205637408662958734e+02
8.740780686629588558e+01
1.016174928662958621e+02
1.031963468662958547e+02
1.284580108662958651e+02
1.063540548662958827e+02
1.000386388662958552e+02
8.898666086629586403e+01
1.079329088662958611e+02
8.425009886629587186e+01
1.031963468662958547e+02
9.688093086629586992e+01
9.845978486629587678e+01
7.319812086629588066e+01
9.845978486629587678e+01
8.898666086629587824e+01
1.047752008662958616e+02
1.016174928662958621e+02
1.000386388662958694e+02
1.016174928662958763e+02
9.530207686629586306e+01
1.031963468662958689e+02
9.214436886629587775e+01
7.951353686629587969e+01
9.214436886629587775e+01
1.016174928662958763e+02
9.688093086629585571e+01
9.688093086629588413e+01
1.047752008662958758e+02
1.063540548662958543e+02
1.189848868662958807e+02
8.109239086629585813e+01
1.189848868662958523e+02
1.031963468662958689e+02
1.047752008662958758e+02
9.372322286629585619e+01
1.016174928662958621e+02
9.688093086629586992e+01
9.688093086629588413e+01
1.142483248662958601e+02
1.063540548662958543e+02
9.372322286629587040e+01
8.582895286629586451e+01
1.079329088662958753e+02
1.095117628662958822e+02
9.845978486629587678e+01
1.016174928662958621e+02
1.016174928662958621e+02
9.530207686629587727e+01
9.530207686629587727e+01
8.740780686629588558e+01
8.267124486629587921e+01
9.056551486629587089e+01
1.047752008662958758e+02
8.898666086629586403e+01
1.047752008662958616e+02
1.000386388662958836e+02
8.582895286629587872e+01
1.047752008662958758e+02
1.095117628662958680e+02
1.110906168662958748e+02
9.214436886629587775e+01
8.898666086629589245e+01
1.174060328662958739e+02
9.845978486629586257e+01
1.142483248662958744e+02
1.126694708662958533e+02
7.635582886629586596e+01
8.898666086629586403e+01
1.000386388662958694e+02
8.425009886629587186e+01
1.016174928662958763e+02
1.110906168662958748e+02
1.031963468662958689e+02
7.477697486629588752e+01
1.047752008662958616e+02
8.582895286629587872e+01
1.047752008662958758e+02
9.845978486629586257e+01
8.425009886629587186e+01
8.898666086629587824e+01
9.056551486629587089e+01
9.530207686629587727e+01
9.214436886629587775e+01
8.582895286629587872e+01
9.056551486629588510e+01
9.688093086629586992e+01
1.079329088662958753e+02
8.425009886629587186e+01
9.530207686629587727e+01
8.582895286629586451e+01
9.056551486629587089e+01
1.142483248662958886e+02
9.372322286629587040e+01
1.031963468662958689e+02
1.142483248662958744e+02
1.031963468662958832e+02
8.425009886629588607e+01
8.109239086629585813e+01
1.031963468662958689e+02
8.898666086629587824e+01
1.016174928662958763e+02
1.126694708662958675e+02
1.016174928662958763e+02
8.425009886629587186e+01
1.110906168662958606e+02
8.898666086629586403e+01
1.063540548662958827e+02
9.688093086629586992e+01
8.898666086629589245e+01
8.740780686629587137e+01
9.214436886629587775e+01
1.110906168662958748e+02
1.047752008662958616e+02
9.056551486629588510e+01
1.047752008662958616e+02
1.110906168662958748e+02
1.095117628662958680e+02
1.063540548662958827e+02
1.047752008662958616e+02
1.253003028662958798e+02
1.095117628662958680e+02
8.267124486629586499e+01
9.845978486629586257e+01
1.268791568662958582e+02
1.158271788662958670e+02
1.031963468662958689e+02
1.047752008662958758e+02
1.031963468662958547e+02
1.158271788662958812e+02
1.095117628662958822e+02
1.016174928662958621e+02
1.253003028662958656e+02
1.174060328662958739e+02
1.063540548662958543e+02
1.000386388662958552e+02
1.047752008662958758e+02
9.845978486629587678e+01
1.063540548662958827e+02
1.047752008662958758e+02
1.063540548662958685e+02
9.845978486629587678e+01
1.095117628662958680e+02
1.142483248662958601e+02
1.031963468662958689e+02
9.530207686629587727e+01
9.845978486629586257e+01
1.047752008662958758e+02
1.016174928662958621e+02
1.063540548662958827e+02
1.047752008662958616e+02
1.079329088662958753e+02
9.056551486629587089e+01
1.047752008662958758e+02
1.142483248662958744e+02
1.316157188662958504e+02
9.056551486629587089e+01
1.095117628662958680e+02
1.047752008662958616e+02
9.056551486629588510e+01
8.898666086629586403e+01
9.845978486629586257e+01
1.158271788662958812e+02
1.079329088662958753e+02
1.047752008662958758e+02
1.110906168662958748e+02
1.253003028662958656e+02
9.845978486629587678e+01
9.056551486629585668e+01
1.063540548662958685e+02
9.530207686629587727e+01
1.031963468662958689e+02
1.126694708662958533e+02
9.530207686629586306e+01
1.031963468662958689e+02
1.158271788662958528e+02
1.253003028662958656e+02
9.530207686629587727e+01
1.126694708662958817e+02
1.174060328662958739e+02
1.031963468662958689e+02
9.688093086629586992e+01
1.031963468662958689e+02
1.095117628662958680e+02
1.142483248662958744e+02
9.214436886629586354e+01
9.845978486629587678e+01
1.016174928662958621e+02
9.530207686629587727e+01
1.079329088662958895e+02
9.530207686629587727e+01
1.142483248662958744e+02
1.047752008662958758e+02
9.688093086629588413e+01
7.793468286629587283e+01
9.056551486629587089e+01
1.221425948662958518e+02
9.214436886629587775e+01
1.142483248662958601e+02
1.031963468662958689e+02
1.110906168662958606e+02
1.031963468662958689e+02
9.214436886629587775e+01
1.000386388662958694e+02
1.063540548662958685e+02
1.047752008662958758e+02
9.688093086629588413e+01
1.016174928662958763e+02
1.063540548662958543e+02
9.530207686629587727e+01
8.740780686629587137e+01
9.214436886629586354e+01
1.016174928662958905e+02
9.372322286629588461e+01
1.158271788662958670e+02
9.845978486629587678e+01
1.079329088662958611e+02
1.047752008662958616e+02
9.056551486629588510e+01
9.688093086629588413e+01
9.688093086629586992e+01
1.063540548662958827e+02
1.126694708662958817e+02
1.079329088662958753e+02
8.582895286629587872e+01
1.284580108662958651e+02
1.079329088662958611e+02
1.016174928662958763e+02
1.000386388662958694e+02
9.372322286629587040e+01
1.016174928662958763e+02
1.031963468662958547e+02
1.063540548662958685e+02
1.189848868662958523e+02
9.372322286629588461e+01
1.126694708662958533e+02
1.063540548662958685e+02
1.174060328662958739e+02
9.056551486629587089e+01
9.845978486629587678e+01
9.845978486629587678e+01
1.126694708662958817e+02
9.372322286629585619e+01
1.063540548662958543e+02
1.205637408662958592e+02
1.095117628662958680e+02
1.063540548662958685e+02
1.110906168662958606e+02
1.000386388662958694e+02
1.031963468662958832e+02
1.110906168662958748e+02
1.047752008662958758e+02
1.031963468662958689e+02
1.079329088662958611e+02
8.425009886629588607e+01
9.845978486629587678e+01
1.095117628662958822e+02
1.000386388662958836e+02
1.142483248662958601e+02
7.951353686629586548e+01
9.214436886629587775e+01
9.056551486629587089e+01
1.031963468662958689e+02
9.056551486629587089e+01
9.845978486629586257e+01
1.063540548662958827e+02
9.688093086629586992e+01
8.267124486629587921e+01
8.898666086629587824e+01
1.047752008662958758e+02
1.016174928662958621e+02
1.016174928662958763e+02
1.047752008662958758e+02
8.740780686629587137e+01
1.205637408662958734e+02
9.056551486629587089e+01
1.000386388662958836e+02
9.845978486629587678e+01
1.016174928662958763e+02
1.047752008662958758e+02
8.582895286629587872e+01
1.284580108662958651e+02
8.740780686629587137e+01
1.031963468662958689e+02
9.530207686629586306e+01
1.063540548662958827e+02
1.158271788662958812e+02
1.110906168662958606e+02
1.016174928662958763e+02
7.793468286629587283e+01
9.530207686629587727e+01
9.214436886629587775e+01
9.372322286629587040e+01
9.214436886629586354e+01
8.740780686629587137e+01
1.079329088662958753e+02
9.530207686629587727e+01
1.158271788662958812e+02
1.016174928662958763e+02
1.063540548662958685e+02
9.372322286629588461e+01
8.898666086629586403e+01
1.047752008662958758e+02
1.047752008662958758e+02
1.063540548662958685e+02
9.372322286629587040e+01
1.016174928662958763e+02
1.016174928662958763e+02
1.126694708662958817e+02
1.063540548662958685e+02
1.095117628662958538e+02
1.031963468662958689e+02
1.142483248662958744e+02
9.056551486629585668e+01
9.214436886629587775e+01
1.126694708662958675e+02
8.898666086629586403e+01
1.126694708662958675e+02
1.047752008662958758e+02
1.174060328662958597e+02
1.016174928662958763e+02
9.845978486629587678e+01
8.898666086629587824e+01
1.000386388662958836e+02
9.688093086629588413e+01
1.031963468662958832e+02
1.016174928662958763e+02
8.267124486629586499e+01
1.189848868662958807e+02
1.316157188662958788e+02
9.688093086629586992e+01
1.063540548662958685e+02
8.898666086629586403e+01
1.189848868662958523e+02
9.845978486629586257e+01
1.142483248662958744e+02
1.016174928662958621e+02
8.582895286629587872e+01
1.221425948662958803e+02
9.214436886629587775e+01
1.237214488662958587e+02
1.158271788662958528e+02
1.079329088662958611e+02
1.158271788662958528e+02
7.635582886629586596e+01
1.158271788662958670e+02
1.031963468662958547e+02
1.126694708662958817e+02
9.056551486629588510e+01
1.174060328662958739e+02
8.425009886629587186e+01
1.031963468662958689e+02
9.214436886629587775e+01
8.898666086629587824e+01
1.095117628662958822e+02
1.000386388662958694e+02
1.126694708662958817e+02
9.372322286629585619e+01
8.740780686629585716e+01
9.372322286629587040e+01
7.635582886629586596e+01
1.189848868662958665e+02
7.477697486629588752e+01
1.174060328662958739e+02
9.372322286629587040e+01
9.845978486629587678e+01
1.047752008662958758e+02
9.056551486629587089e+01
9.530207686629587727e+01
1.095117628662958538e+02
1.347734268662958641e+02
8.582895286629587872e+01
9.688093086629586992e+01
8.109239086629587234e+01
9.372322286629587040e+01
1.063540548662958543e+02
8.582895286629586451e+01
1.095117628662958538e+02
9.214436886629587775e+01
1.189848868662958665e+02
1.142483248662958744e+02
1.031963468662958832e+02
1.110906168662958748e+02
1.016174928662958621e+02
1.110906168662958748e+02
7.635582886629586596e+01
1.300368648662958719e+02
9.372322286629587040e+01
9.845978486629587678e+01
1.095117628662958822e+02
1.047752008662958616e+02
1.126694708662958817e+02
1.031963468662958689e+02
1.063540548662958685e+02
8.267124486629587921e+01
9.688093086629588413e+01
9.845978486629587678e+01
9.530207686629587727e+01
9.214436886629587775e+01
8.109239086629587234e+01
1.158271788662958812e+02
8.898666086629587824e+01
9.688093086629586992e+01
9.530207686629587727e+01
9.214436886629586354e+01
1.047752008662958758e+02
9.688093086629585571e+01
9.214436886629586354e+01
9.688093086629586992e+01
1.110906168662958606e+02
7.635582886629586596e+01
1.016174928662958763e+02
9.845978486629586257e+01
1.063540548662958685e+02
1.126694708662958817e+02
8.582895286629587872e+01
9.845978486629586257e+01
8.898666086629586403e+01
1.095117628662958680e+02
9.845978486629586257e+01
9.530207686629586306e+01
1.095117628662958680e+02
1.000386388662958694e+02
1.063540548662958827e+02
1.047752008662958758e+02
9.214436886629587775e+01
1.031963468662958832e+02
1.000386388662958694e+02
8.267124486629587921e+01
1.016174928662958763e+02
1.142483248662958601e+02
8.740780686629585716e+01
1.189848868662958523e+02
8.425009886629587186e+01
1.126694708662958817e+02
1.016174928662958621e+02
1.079329088662958753e+02
9.845978486629587678e+01
8.740780686629587137e+01
1.079329088662958611e+02
1.063540548662958685e+02
1.189848868662958523e+02
1.016174928662958763e+02
9.845978486629586257e+01
9.530207686629587727e+01
9.688093086629588413e+01
1.047752008662958758e+02
9.056551486629587089e+01
1.095117628662958680e+02
8.267124486629589342e+01
1.110906168662958748e+02
1.016174928662958621e+02
1.079329088662958753e+02
1.047752008662958616e+02
1.142483248662958744e+02
1.253003028662958656e+02
8.109239086629588655e+01
9.056551486629588510e+01
9.372322286629587040e+01
1.016174928662958763e+02
1.158271788662958670e+02
1.158271788662958670e+02
8.898666086629587824e+01
1.174060328662958739e+02
9.372322286629587040e+01
7.635582886629586596e+01
9.530207686629587727e+01
9.845978486629587678e+01
9.214436886629587775e+01
9.530207686629587727e+01
1.063540548662958685e+02
1.174060328662958739e+02
1.110906168662958748e+02
1.000386388662958836e+02
9.214436886629587775e+01
1.016174928662958621e+02
9.845978486629586257e+01
8.740780686629587137e+01
1.142483248662958744e+02
1.268791568662958724e+02
1.063540548662958827e+02
9.845978486629587678e+01
1.063540548662958827e+02
1.079329088662958753e+02
8.740780686629587137e+01
1.031963468662958547e+02
9.845978486629586257e+01
1.016174928662958763e+02
1.047752008662958616e+02
1.016174928662958621e+02
1.079329088662958753e+02
8.267124486629587921e+01
1.110906168662958748e+02
1.079329088662958753e+02
1.016174928662958763e+02
1.047752008662958616e+02
1.000386388662958836e+02
1.016174928662958763e+02
1.063540548662958827e+02
1.079329088662958611e+02
9.845978486629587678e+01
1.189848868662958523e+02
8.425009886629587186e+01
9.845978486629586257e+01
1.079329088662958753e+02
1.016174928662958763e+02
9.845978486629586257e+01
1.031963468662958689e+02
1.047752008662958758e+02
7.635582886629588018e+01
1.063540548662958827e+02
9.688093086629586992e+01
1.031963468662958832e+02
1.158271788662958670e+02
1.095117628662958680e+02
1.110906168662958748e+02
9.372322286629587040e+01
8.267124486629589342e+01
1.047752008662958758e+02
1.268791568662958724e+02
9.845978486629587678e+01
1.110906168662958748e+02
1.031963468662958547e+02
9.845978486629587678e+01
1.110906168662958748e+02
1.095117628662958680e+02
1.095117628662958680e+02
9.372322286629587040e+01
1.189848868662958807e+02
9.845978486629587678e+01
1.110906168662958748e+02
1.016174928662958763e+02
1.142483248662958744e+02
9.530207686629587727e+01
9.688093086629586992e+01
9.688093086629586992e+01
1.016174928662958763e+02
9.214436886629587775e+01
1.110906168662958748e+02
1.016174928662958621e+02
1.110906168662958748e+02
7.793468286629587283e+01
1.237214488662958587e+02
9.372322286629588461e+01
8.898666086629587824e+01
9.372322286629587040e+01
9.530207686629587727e+01
1.047752008662958758e+02
1.000386388662958694e+02
1.205637408662958592e+02
9.845978486629587678e+01
1.110906168662958606e+02
9.845978486629587678e+01
9.688093086629586992e+01
1.016174928662958763e+02
7.635582886629588018e+01
1.158271788662958812e+02
8.582895286629586451e+01
8.898666086629586403e+01
1.158271788662958670e+02
9.372322286629587040e+01
8.898666086629586403e+01
1.110906168662958748e+02
1.031963468662958689e+02
9.372322286629588461e+01
9.056551486629588510e+01
9.688093086629586992e+01
9.056551486629585668e+01
9.845978486629586257e+01
1.142483248662958744e+02
9.688093086629586992e+01
8.898666086629587824e+01
1.047752008662958758e+02
1.095117628662958822e+02
9.845978486629587678e+01
9.530207686629587727e+01
1.205637408662958592e+02
1.079329088662958611e+02
1.016174928662958763e+02
9.845978486629586257e+01
1.079329088662958753e+02
1.237214488662958587e+02
9.530207686629586306e+01
1.221425948662958803e+02
1.095117628662958680e+02
1.095117628662958680e+02
9.688093086629586992e+01
1.205637408662958734e+02
1.237214488662958729e+02
1.063540548662958685e+02
1.110906168662958748e+02
1.000386388662958694e+02
8.740780686629585716e+01
1.221425948662958803e+02
1.000386388662958694e+02
9.688093086629586992e+01
8.898666086629586403e+01
1.063540548662958685e+02
1.016174928662958763e+02
9.372322286629587040e+01
1.063540548662958827e+02
9.056551486629587089e+01
1.047752008662958616e+02
1.110906168662958606e+02
1.016174928662958621e+02
1.253003028662958798e+02
1.126694708662958675e+02
9.688093086629586992e+01
9.688093086629586992e+01
1.031963468662958689e+02
1.189848868662958665e+02
9.845978486629586257e+01
1.063540548662958827e+02
9.845978486629587678e+01
9.530207686629586306e+01
1.095117628662958680e+02
1.079329088662958753e+02
1.174060328662958597e+02
8.740780686629588558e+01
1.205637408662958592e+02
1.174060328662958739e+02
1.126694708662958533e+02
1.016174928662958621e+02
1.063540548662958827e+02
1.063540548662958827e+02
1.095117628662958680e+02
9.056551486629587089e+01
9.056551486629587089e+01
1.174060328662958597e+02
1.158271788662958670e+02
1.000386388662958694e+02
1.016174928662958621e+02
1.142483248662958601e+02
9.530207686629586306e+01
1.047752008662958616e+02
1.174060328662958739e+02
9.056551486629587089e+01
1.189848868662958665e+02
1.000386388662958694e+02
1.158271788662958528e+02
1.000386388662958552e+02
1.047752008662958758e+02
1.079329088662958611e+02
1.047752008662958616e+02
9.214436886629586354e+01
1.016174928662958763e+02
1.189848868662958665e+02
1.158271788662958670e+02
1.016174928662958621e+02
1.000386388662958836e+02
1.063540548662958685e+02
8.267124486629589342e+01
1.047752008662958758e+02
8.582895286629587872e+01
1.047752008662958758e+02
9.372322286629588461e+01
1.016174928662958763e+02
9.530207686629586306e+01
1.237214488662958587e+02
9.530207686629586306e+01
8.898666086629586403e+01
8.898666086629587824e+01
1.000386388662958836e+02
1.126694708662958675e+02
1.110906168662958748e+02
1.000386388662958694e+02
1.016174928662958763e+02
9.530207686629587727e+01
9.845978486629586257e+01
1.000386388662958836e+02
9.372322286629587040e+01
1.063540548662958827e+02
1.174060328662958597e+02
1.000386388662958694e+02
1.047752008662958616e+02
7.951353686629586548e+01
1.174060328662958597e+02
1.126694708662958675e+02
1.126694708662958675e+02
1.142483248662958601e+02
1.174060328662958597e+02
1.031963468662958689e+02
9.372322286629585619e+01
1.095117628662958680e+02
9.845978486629587678e+01
1.016174928662958621e+02
8.582895286629587872e+01
1.095117628662958680e+02
9.845978486629587678e+01
1.000386388662958694e+02
8.582895286629587872e+01
9.372322286629587040e+01
1.016174928662958763e+02
1.016174928662958763e+02
9.056551486629587089e+01
1.142483248662958744e+02
9.056551486629587089e+01
9.372322286629588461e+01
6.688270486629588163e+01
9.530207686629587727e+01
1.079329088662958611e+02
1.000386388662958694e+02
9.372322286629587040e+01
1.016174928662958763e+02
9.688093086629585571e+01
1.031963468662958689e+02
1.000386388662958552e+02
1.016174928662958763e+02
1.316157188662958788e+02
9.688093086629586992e+01
9.214436886629584933e+01
9.214436886629584933e+01
8.582895286629587872e+01
1.110906168662958606e+02
9.845978486629586257e+01
1.174060328662958739e+02
1.000386388662958552e+02
1.174060328662958739e+02
9.845978486629587678e+01
8.267124486629589342e+01
1.142483248662958744e+02
9.845978486629587678e+01
1.079329088662958611e+02
1.079329088662958753e+02
9.530207686629586306e+01
1.095117628662958680e+02
1.126694708662958817e+02
1.016174928662958763e+02
1.063540548662958543e+02
1.031963468662958689e+02
1.174060328662958597e+02
9.056551486629587089e+01
8.582895286629586451e+01
1.047752008662958758e+02
9.845978486629587678e+01
9.845978486629587678e+01
9.372322286629587040e+01
1.079329088662958753e+02
1.110906168662958748e+02
9.530207686629587727e+01
1.063540548662958685e+02
9.688093086629588413e+01
9.530207686629586306e+01
9.372322286629587040e+01
8.898666086629587824e+01
1.016174928662958763e+02
1.221425948662958518e+02
9.688093086629586992e+01
1.047752008662958758e+02
9.056551486629587089e+01
1.031963468662958689e+02
9.688093086629586992e+01
8.582895286629587872e+01
9.845978486629587678e+01
1.253003028662958798e+02
1.000386388662958694e+02
1.016174928662958763e+02
1.095117628662958680e+02
8.898666086629586403e+01
8.898666086629587824e+01
1.095117628662958680e+02
8.740780686629587137e+01
9.845978486629587678e+01
1.095117628662958680e+02
9.845978486629586257e+01
1.063540548662958827e+02
1.063540548662958685e+02
1.174060328662958739e+02
1.126694708662958675e+02
1.031963468662958547e+02
1.142483248662958601e+02
1.095117628662958538e+02
1.205637408662958592e+02
9.845978486629587678e+01
1.079329088662958753e+02
1.031963468662958689e+02
1.110906168662958606e+02
1.284580108662958651e+02
9.688093086629588413e+01
1.016174928662958763e+02
1.079329088662958611e+02
1.110906168662958748e+02
1.110906168662958748e+02
1.221425948662958660e+02
1.063540548662958827e+02
1.016174928662958763e+02
1.189848868662958665e+02
9.688093086629586992e+01
1.158271788662958812e+02
1.031963468662958689e+02
1.000386388662958694e+02
9.688093086629588413e+01
1.063540548662958827e+02
1.174060328662958739e+02
9.845978486629586257e+01
9.214436886629587775e+01
1.047752008662958758e+02
8.740780686629588558e+01
1.142483248662958744e+02
1.205637408662958734e+02
1.237214488662958729e+02
9.372322286629588461e+01
8.740780686629588558e+01
1.079329088662958753e+02
1.079329088662958753e+02
1.079329088662958611e+02
1.158271788662958812e+02
1.142483248662958744e+02
7.477697486629588752e+01
7.951353686629587969e+01
8.425009886629587186e+01
1.142483248662958744e+02
1.110906168662958748e+02
1.347734268662958641e+02
1.063540548662958543e+02
1.095117628662958822e+02
1.126694708662958675e+02
9.056551486629587089e+01
1.031963468662958689e+02
1.095117628662958680e+02
1.142483248662958601e+02
1.174060328662958739e+02
1.158271788662958528e+02
1.237214488662958587e+02
9.372322286629587040e+01
1.205637408662958734e+02
1.331945728662958572e+02
1.079329088662958611e+02
1.110906168662958748e+02
1.079329088662958611e+02
8.898666086629587824e+01
9.688093086629585571e+01
1.126694708662958675e+02
9.056551486629585668e+01
1.142483248662958601e+02
1.047752008662958758e+02
9.688093086629586992e+01
9.845978486629587678e+01
1.221425948662958660e+02
1.126694708662958533e+02
8.582895286629587872e+01
1.016174928662958763e+02
1.063540548662958685e+02
7.793468286629587283e+01
1.142483248662958744e+02
1.221425948662958660e+02
1.079329088662958753e+02
9.530207686629586306e+01
9.530207686629587727e+01
9.530207686629586306e+01
1.126694708662958675e+02
1.158271788662958528e+02
9.845978486629587678e+01
1.047752008662958758e+02
9.845978486629586257e+01
9.214436886629587775e+01
9.372322286629588461e+01
9.372322286629588461e+01
9.530207686629587727e+01
1.031963468662958689e+02
1.095117628662958822e+02
1.221425948662958660e+02
9.214436886629586354e+01
8.898666086629587824e+01
1.142483248662958601e+02
9.056551486629587089e+01
1.063540548662958827e+02
1.158271788662958528e+02
9.372322286629588461e+01
1.000386388662958552e+02
8.740780686629585716e+01
1.142483248662958744e+02
1.016174928662958905e+02
1.158271788662958670e+02
1.063540548662958685e+02
1.063540548662958685e+02
8.425009886629587186e+01
1.110906168662958606e+02
1.174060328662958739e+02
1.000386388662958694e+02
9.372322286629588461e+01
1.174060328662958739e+02
9.530207686629586306e+01
1.063540548662958685e+02
9.372322286629588461e+01
1.110906168662958748e+02
9.056551486629587089e+01
1.063540548662958827e+02
1.126694708662958817e+02
9.530207686629587727e+01
1.047752008662958616e+02
1.047752008662958758e+02
1.047752008662958758e+02
1.000386388662958836e+02
1.126694708662958817e+02
8.425009886629587186e+01
8.898666086629586403e+01
7.951353686629586548e+01
1.000386388662958836e+02
1.000386388662958694e+02
1.174060328662958597e+02
1.000386388662958694e+02
8.109239086629587234e+01
1.095117628662958822e+02
9.372322286629588461e+01
1.031963468662958689e+02
8.582895286629587872e+01
9.688093086629586992e+01
9.845978486629587678e+01
8.898666086629587824e+01
9.688093086629586992e+01
9.372322286629587040e+01
9.530207686629587727e+01
8.582895286629586451e+01
1.063540548662958685e+02
1.205637408662958734e+02
9.845978486629586257e+01
1.016174928662958621e+02
8.109239086629588655e+01
9.530207686629587727e+01
1.031963468662958689e+02
1.047752008662958616e+02
8.898666086629586403e+01
1.063540548662958827e+02
1.031963468662958689e+02
9.056551486629587089e+01
1.174060328662958739e+02
1.000386388662958552e+02
9.845978486629587678e+01
8.267124486629587921e+01
9.845978486629587678e+01
1.016174928662958763e+02
9.688093086629586992e+01
1.316157188662958788e+02
1.031963468662958832e+02
1.189848868662958665e+02
7.635582886629586596e+01
9.056551486629587089e+01
1.047752008662958758e+02
9.056551486629587089e+01
1.126694708662958533e+02
1.126694708662958533e+02
8.740780686629585716e+01
9.845978486629587678e+01
1.079329088662958753e+02
1.016174928662958763e+02
1.016174928662958763e+02
1.095117628662958822e+02
9.056551486629585668e+01
1.110906168662958748e+02
1.031963468662958689e+02
1.237214488662958587e+02
9.688093086629586992e+01
1.000386388662958694e+02
1.095117628662958680e+02
1.174060328662958739e+02
1.126694708662958675e+02
1.063540548662958827e+02
1.031963468662958547e+02
9.372322286629588461e+01
9.530207686629586306e+01
1.031963468662958689e+02
7.635582886629586596e+01
1.000386388662958694e+02
1.079329088662958753e+02
9.688093086629586992e+01
1.047752008662958758e+02
1.047752008662958758e+02
9.372322286629585619e+01
9.214436886629586354e+01
1.126694708662958675e+02
1.063540548662958685e+02
8.740780686629587137e+01
8.740780686629588558e+01
8.582895286629586451e+01
1.142483248662958744e+02
9.688093086629586992e+01
1.047752008662958616e+02
9.056551486629587089e+01
1.205637408662958876e+02
1.126694708662958675e+02
8.740780686629587137e+01
8.898666086629586403e+01
9.688093086629588413e+01
1.079329088662958753e+02
9.372322286629585619e+01
1.221425948662958660e+02
1.063540548662958685e+02
9.056551486629587089e+01
9.688093086629586992e+01
9.688093086629586992e+01
9.214436886629587775e+01
9.845978486629586257e+01
9.845978486629586257e+01
1.000386388662958836e+02
1.031963468662958689e+02
9.688093086629586992e+01
1.079329088662958753e+02
1.031963468662958689e+02
8.740780686629587137e+01
1.079329088662958611e+02
9.530207686629587727e+01
7.635582886629586596e+01
8.425009886629587186e+01
1.063540548662958685e+02
9.372322286629588461e+01
8.267124486629589342e+01
1.031963468662958832e+02
7.793468286629587283e+01
1.110906168662958748e+02
8.267124486629586499e+01
1.142483248662958601e+02
9.530207686629587727e+01
1.000386388662958552e+02
9.845978486629587678e+01
1.110906168662958748e+02
1.000386388662958694e+02
1.000386388662958694e+02
9.372322286629587040e+01
7.635582886629586596e+01
1.126694708662958675e+02
1.016174928662958621e+02
1.095117628662958680e+02
9.214436886629587775e+01
9.530207686629587727e+01
1.221425948662958803e+02
9.372322286629587040e+01
1.189848868662958665e+02
9.056551486629585668e+01
9.845978486629586257e+01
8.582895286629587872e+01
9.688093086629585571e+01
1.299988986735686467e+02
-1.699833613264313215e+02
5.579276067356867230e+01
6.842359267356867747e+01
2.421568067356868426e+01
-1.209796132643132793e+01
-1.045983326431326077e+00
-1.209796132643132083e+01
1.632141067356867836e+01
2.105797267356867764e+01
-1.209796132643131550e+01
2.895224267356867642e+01
2.421568067356867715e+01
2.105797267356867764e+01
2.421568067356868070e+01
5.105619867356868014e+01
2.737338867356868022e+01
4.789849067356867351e+01
3.842536667356868207e+01
3.842536667356867497e+01
4.789849067356868062e+01
3.210995067356867594e+01
6.210817667356866423e+01
6.842359267356866326e+01
6.368703067356868530e+01
7.631786267356868336e+01
4.789849067356867351e+01
7.473900867356867650e+01
6.210817667356867844e+01
7.631786267356866915e+01
7.473900867356867650e+01
6.684473867356868482e+01
8.736984067356868877e+01
6.842359267356867747e+01
6.368703067356867820e+01
7.947557067356866867e+01
9.684296467356867311e+01
7.947557067356866867e+01
8.736984067356866035e+01
1.142103586735686633e+02
9.210640267356866673e+01
1.047372346735686790e+02
1.000006726735686726e+02
1.078949426735686785e+02
1.078949426735686643e+02
9.842181867356866576e+01
1.000006726735686584e+02
8.579098667356866770e+01
1.047372346735686648e+02
1.047372346735686790e+02
1.047372346735686790e+02
9.526411067356866624e+01
1.252623366735686830e+02
1.252623366735686830e+02
1.031583806735686863e+02
1.173680666735686771e+02
1.000006726735686726e+02
1.205257746735686624e+02
1.110526506735686780e+02
1.284200446735686683e+02
1.110526506735686780e+02
1.221046286735686834e+02
1.063160886735686859e+02
1.000006726735686584e+02
1.094737966735686712e+02
1.078949426735686785e+02
1.347354606735686673e+02
1.015795266735686795e+02
1.236834826735686619e+02
1.157892126735686844e+02
1.126315046735686849e+02
1.142103586735686775e+02
1.110526506735686780e+02
1.094737966735686854e+02
1.015795266735686795e+02
1.284200446735686683e+02
1.315777526735686820e+02
1.000006726735686868e+02
1.189469206735686839e+02
1.221046286735686834e+02
1.221046286735686692e+02
1.284200446735686683e+02
1.221046286735686834e+02
1.394720226735686595e+02
1.221046286735686692e+02
1.284200446735686683e+02
1.189469206735686697e+02
1.189469206735686697e+02
1.299988986735686751e+02
1.157892126735686702e+02
1.442085846735686800e+02
1.126315046735686707e+02
1.189469206735686697e+02
1.157892126735686844e+02
1.299988986735686751e+02
1.110526506735686780e+02
1.252623366735686687e+02
1.252623366735686830e+02
1.426297306735686732e+02
1.378931686735686810e+02
1.252623366735686687e+02
1.426297306735686732e+02
1.078949426735686785e+02
1.236834826735686761e+02
1.252623366735686830e+02
1.142103586735686775e+02
1.426297306735686732e+02
1.252623366735686687e+02
1.315777526735686820e+02
1.031583806735686863e+02
1.221046286735686692e+02
1.189469206735686697e+02
1.205257746735686766e+02
1.221046286735686692e+02
1.394720226735686879e+02
1.363143146735686742e+02
1.363143146735686742e+02
1.284200446735686683e+02
1.189469206735686697e+02
1.410508766735686663e+02
1.473662926735686654e+02
1.315777526735686820e+02
1.205257746735686766e+02
1.221046286735686692e+02
1.315777526735686820e+02
1.173680666735686771e+02
1.426297306735686732e+02
1.299988986735686751e+02
1.378931686735686810e+02
1.378931686735686810e+02
1.473662926735686654e+02
1.189469206735686697e+02
1.299988986735686751e+02
1.457874386735686585e+02
1.205257746735686766e+02
1.284200446735686683e+02
1.236834826735686761e+02
1.426297306735686732e+02
1.268411906735686756e+02
1.173680666735686628e+02
1.410508766735686947e+02
1.284200446735686683e+02
1.315777526735686820e+02
1.236834826735686619e+02
1.363143146735686742e+02
1.394720226735686879e+02
1.473662926735686654e+02
1.410508766735686663e+02
1.205257746735686766e+02
1.205257746735686624e+02
1.410508766735686663e+02
1.268411906735686756e+02
1.110526506735686780e+02
1.000006726735686868e+02
1.284200446735686683e+02
1.315777526735686536e+02
1.173680666735686771e+02
1.299988986735686751e+02
1.378931686735686810e+02
1.299988986735686751e+02
1.110526506735686780e+02
1.142103586735686775e+02
1.363143146735686742e+02
1.489451466735686438e+02
1.410508766735686663e+02
1.252623366735686687e+02
1.363143146735686742e+02
1.568394166735686781e+02
1.284200446735686683e+02
1.331566066735686604e+02
1.236834826735686761e+02
1.363143146735686742e+02
1.236834826735686619e+02
1.378931686735686526e+02
1.331566066735686604e+02
1.252623366735686830e+02
1.252623366735686687e+02
1.094737966735686854e+02
1.268411906735686614e+02
1.236834826735686761e+02
1.347354606735686673e+02
1.142103586735686775e+02
1.205257746735686624e+02
1.268411906735686614e+02
1.315777526735686820e+02
1.236834826735686761e+02
1.363143146735686742e+02
1.252623366735686687e+02
1.363143146735686742e+02
1.394720226735686595e+02
1.410508766735686663e+02
1.268411906735686756e+02
1.521028546735686575e+02
1.236834826735686761e+02
1.221046286735686692e+02
1.378931686735686810e+02
1.236834826735686761e+02
1.205257746735686624e+02
1.299988986735686751e+02
1.489451466735686438e+02
1.521028546735686575e+02
1.394720226735686595e+02
1.189469206735686697e+02
1.331566066735686604e+02
1.299988986735686751e+02
1.236834826735686761e+02
1.268411906735686756e+02
1.363143146735686742e+02
1.157892126735686702e+02
1.173680666735686771e+02
1.252623366735686687e+02
1.363143146735686742e+02
1.094737966735686854e+02
1.410508766735686663e+02
1.142103586735686775e+02
1.299988986735686751e+02
1.126315046735686849e+02
1.426297306735686732e+02
1.410508766735686663e+02
1.189469206735686697e+02
1.394720226735686595e+02
1.378931686735686810e+02
1.347354606735686673e+02
1.157892126735686702e+02
1.347354606735686957e+02
1.252623366735686687e+02
1.252623366735686687e+02
1.252623366735686687e+02
1.315777526735686536e+02
1.094737966735686854e+02
1.236834826735686619e+02
1.394720226735686595e+02
1.347354606735686673e+02
1.284200446735686967e+02
1.315777526735686820e+02
1.252623366735686687e+02
1.442085846735686800e+02
1.521028546735686575e+02
1.236834826735686619e+02
1.047372346735686790e+02
1.236834826735686761e+02
1.299988986735686751e+02
1.236834826735686619e+02
1.410508766735686663e+02
1.347354606735686673e+02
1.252623366735686687e+02
1.552605626735686712e+02
1.347354606735686673e+02
1.378931686735686810e+02
1.521028546735686859e+02
1.410508766735686663e+02
1.331566066735686604e+02
1.505240006735686507e+02
1.394720226735686595e+02
1.457874386735686585e+02
1.268411906735686898e+02
1.394720226735686595e+02
1.268411906735686614e+02
1.442085846735686800e+02
1.331566066735686604e+02
1.157892126735686702e+02
1.284200446735686683e+02
1.221046286735686692e+02
1.315777526735686820e+02
1.299988986735686751e+02
1.315777526735686820e+02
1.331566066735686604e+02
1.426297306735686732e+02
1.394720226735686595e+02
1.426297306735686448e+02
1.331566066735686604e+02
1.426297306735686732e+02
1.363143146735686742e+02
1.347354606735686673e+02
1.347354606735686673e+02
1.394720226735686879e+02
1.252623366735686687e+02
1.236834826735686761e+02
1.252623366735686830e+02
1.252623366735686687e+02
1.284200446735686683e+02
1.205257746735686624e+02
1.078949426735686785e+02
1.363143146735686742e+02
1.236834826735686619e+02
1.126315046735686707e+02
1.236834826735686619e+02
1.426297306735686448e+02
1.315777526735686820e+02
1.284200446735686683e+02
1.410508766735686663e+02
1.315777526735686820e+02
1.457874386735686869e+02
1.205257746735686766e+02
1.284200446735686683e+02
1.363143146735686742e+02
1.394720226735686879e+02
1.205257746735686624e+02
1.205257746735686624e+02
1.205257746735686766e+02
1.347354606735686673e+02
1.284200446735686683e+02
1.647336866735686840e+02
1.410508766735686663e+02
1.315777526735686536e+02
1.236834826735686619e+02
1.378931686735686810e+02
1.268411906735686614e+02
1.094737966735686712e+02
1.252623366735686687e+02
1.347354606735686673e+02
1.299988986735686751e+02
1.110526506735686780e+02
1.410508766735686663e+02
1.378931686735686526e+02
1.284200446735686683e+02
1.378931686735686526e+02
1.315777526735686536e+02
1.315777526735686536e+02
1.252623366735686830e+02
1.094737966735686712e+02
1.236834826735686761e+02
1.142103586735686775e+02
1.221046286735686692e+02
1.268411906735686756e+02
1.126315046735686707e+02
1.157892126735686702e+02
1.410508766735686663e+02
1.331566066735686604e+02
1.347354606735686673e+02
1.331566066735686604e+02
1.252623366735686687e+02
1.363143146735686457e+02
1.378931686735686810e+02
1.347354606735686673e+02
1.505240006735686791e+02
1.142103586735686775e+02
1.378931686735686810e+02
1.442085846735686800e+02
1.236834826735686761e+02
1.378931686735686810e+02
1.205257746735686766e+02
1.299988986735686751e+02
1.489451466735686722e+02
1.142103586735686633e+02
1.252623366735686830e+02
1.299988986735686751e+02
1.236834826735686761e+02
1.299988986735686751e+02
1.299988986735686751e+02
1.410508766735686663e+02
1.189469206735686839e+02
1.126315046735686849e+02
1.252623366735686687e+02
1.173680666735686771e+02
1.331566066735686604e+02
1.347354606735686673e+02
1.236834826735686903e+02
1.157892126735686702e+02
1.189469206735686697e+02
1.347354606735686673e+02
1.378931686735686810e+02
1.173680666735686771e+02
1.205257746735686624e+02
1.236834826735686761e+02
1.110526506735686638e+02
1.378931686735686810e+02
1.221046286735686692e+02
1.173680666735686628e+02
1.299988986735686467e+02
1.252623366735686830e+02
1.189469206735686839e+02
1.173680666735686771e+02
1.378931686735686526e+02
1.268411906735686756e+02
1.299988986735686751e+02
1.142103586735686633e+02
1.063160886735686859e+02
1.157892126735686702e+02
1.252623366735686687e+02
1.173680666735686771e+02
1.442085846735686800e+02
1.268411906735686756e+02
1.157892126735686702e+02
1.221046286735686692e+02
1.268411906735686756e+02
1.315777526735686536e+02
1.252623366735686687e+02
1.299988986735686751e+02
1.315777526735686820e+02
1.284200446735686683e+02
1.268411906735686756e+02
9.684296467356867311e+01
1.394720226735686595e+02
1.221046286735686692e+02
1.189469206735686697e+02
1.268411906735686614e+02
1.378931686735686810e+02
1.063160886735686859e+02
9.684296467356867311e+01
1.173680666735686771e+02
1.189469206735686697e+02
1.536817086735686644e+02
1.363143146735686742e+02
1.505240006735686507e+02
1.268411906735686756e+02
1.473662926735686654e+02
1.457874386735686585e+02
1.457874386735686585e+02
1.284200446735686683e+02
1.236834826735686619e+02
1.110526506735686780e+02
1.063160886735686717e+02
1.142103586735686775e+02
1.347354606735686673e+02
1.315777526735686820e+02
1.221046286735686834e+02
1.142103586735686633e+02
1.378931686735686526e+02
1.284200446735686967e+02
1.205257746735686766e+02
1.363143146735686742e+02
1.268411906735686614e+02
1.299988986735686751e+02
1.315777526735686820e+02
1.157892126735686844e+02
1.284200446735686683e+02
1.063160886735686717e+02
1.126315046735686849e+02
1.015795266735686795e+02
1.205257746735686624e+02
1.205257746735686766e+02
1.394720226735686879e+02
1.126315046735686707e+02
1.236834826735686761e+02
1.236834826735686619e+02
1.284200446735686683e+02
1.173680666735686771e+02
1.189469206735686697e+02
1.205257746735686766e+02
1.142103586735686775e+02
1.189469206735686697e+02
1.410508766735686663e+02
1.299988986735686751e+02
1.221046286735686692e+02
1.142103586735686775e+02
1.299988986735686751e+02
1.521028546735686575e+02
1.284200446735686683e+02
1.142103586735686633e+02
1.378931686735686810e+02
1.205257746735686766e+02
1.315777526735686820e+02
1.252623366735686687e+02
1.347354606735686673e+02
1.142103586735686775e+02
1.189469206735686697e+02
1.331566066735686604e+02
1.173680666735686628e+02
1.315777526735686536e+02
1.457874386735686585e+02
1.078949426735686785e+02
1.221046286735686692e+02
1.205257746735686624e+02
1.284200446735686683e+02
1.189469206735686697e+02
1.236834826735686761e+02
1.142103586735686775e+02
1.031583806735686721e+02
1.221046286735686692e+02
1.189469206735686839e+02
1.284200446735686683e+02
1.110526506735686780e+02
1.063160886735686717e+02
1.063160886735686859e+02
1.268411906735686614e+02
1.142103586735686775e+02
1.347354606735686673e+02
1.142103586735686775e+02
1.078949426735686785e+02
1.094737966735686854e+02
1.157892126735686844e+02
1.347354606735686673e+02
1.457874386735686585e+02
1.236834826735686761e+02
1.205257746735686766e+02
1.173680666735686771e+02
1.110526506735686780e+02
1.205257746735686766e+02
1.236834826735686761e+02
1.426297306735686732e+02
1.094737966735686712e+02
1.205257746735686766e+02
1.063160886735686717e+02
1.426297306735686732e+02
1.299988986735686751e+02
1.347354606735686957e+02
1.331566066735686604e+02
1.126315046735686707e+02
1.078949426735686785e+02
1.142103586735686775e+02
1.252623366735686687e+02
1.284200446735686683e+02
1.110526506735686780e+02
1.142103586735686775e+02
1.142103586735686775e+02
1.205257746735686766e+02
1.063160886735686717e+02
1.189469206735686839e+02
1.173680666735686771e+02
1.236834826735686619e+02
1.299988986735686751e+02
1.236834826735686761e+02
1.015795266735686795e+02
1.189469206735686839e+02
1.284200446735686683e+02
1.173680666735686771e+02
1.031583806735686863e+02
1.110526506735686780e+02
1.189469206735686839e+02
1.299988986735686751e+02
1.205257746735686766e+02
1.331566066735686604e+02
1.126315046735686707e+02
1.315777526735686820e+02
1.205257746735686624e+02
1.268411906735686898e+02
1.173680666735686913e+02
1.110526506735686780e+02
1.268411906735686756e+02
1.157892126735686702e+02
1.189469206735686839e+02
1.142103586735686775e+02
1.236834826735686761e+02
1.157892126735686702e+02
1.284200446735686683e+02
1.063160886735686859e+02
1.173680666735686771e+02
1.205257746735686624e+02
9.368525667356868780e+01
1.426297306735686732e+02
1.252623366735686687e+02
1.189469206735686839e+02
1.299988986735686751e+02
1.142103586735686775e+02
1.015795266735686795e+02
1.094737966735686854e+02
1.078949426735686785e+02
1.252623366735686687e+02
1.221046286735686692e+02
1.031583806735686721e+02
1.378931686735686526e+02
1.173680666735686628e+02
1.173680666735686771e+02
1.063160886735686859e+02
1.094737966735686854e+02
1.157892126735686844e+02
1.331566066735686604e+02
1.173680666735686771e+02
1.047372346735686790e+02
1.173680666735686771e+02
1.063160886735686859e+02
1.142103586735686775e+02
1.047372346735686790e+02
1.110526506735686638e+02
1.142103586735686775e+02
1.157892126735686702e+02
1.173680666735686628e+02
1.142103586735686775e+02
9.842181867356867997e+01
1.315777526735686820e+02
1.142103586735686775e+02
1.189469206735686697e+02
1.347354606735686673e+02
1.205257746735686766e+02
1.299988986735686751e+02
1.221046286735686834e+02
1.284200446735686683e+02
1.157892126735686844e+02
1.189469206735686697e+02
1.252623366735686830e+02
1.299988986735686751e+02
1.157892126735686702e+02
1.173680666735686771e+02
1.221046286735686692e+02
1.126315046735686849e+02
1.157892126735686844e+02
1.157892126735686844e+02
1.331566066735686888e+02
1.299988986735686751e+02
1.157892126735686702e+02
1.299988986735686751e+02
1.047372346735686790e+02
1.110526506735686780e+02
1.347354606735686673e+02
1.252623366735686687e+02
1.221046286735686692e+02
1.347354606735686673e+02
1.221046286735686834e+02
1.110526506735686780e+02
1.126315046735686707e+02
1.205257746735686766e+02
1.205257746735686908e+02
1.189469206735686697e+02
1.284200446735686683e+02
1.236834826735686619e+02
1.157892126735686702e+02
1.363143146735686742e+02
1.173680666735686771e+02
1.347354606735686673e+02
1.268411906735686756e+02
1.284200446735686683e+02
1.331566066735686604e+02
1.236834826735686619e+02
1.142103586735686775e+02
1.284200446735686683e+02
1.094737966735686854e+02
1.363143146735686742e+02
1.394720226735686879e+02
1.315777526735686536e+02
1.173680666735686771e+02
1.126315046735686849e+02
1.126315046735686707e+02
1.268411906735686614e+02
1.252623366735686830e+02
1.315777526735686536e+02
1.078949426735686785e+02
1.031583806735686721e+02
8.894869467356866721e+01
1.031583806735686721e+02
1.457874386735686585e+02
1.189469206735686697e+02
1.394720226735686595e+02
9.684296467356867311e+01
1.094737966735686712e+02
1.236834826735686761e+02
1.378931686735686526e+02
1.252623366735686687e+02
1.157892126735686844e+02
1.236834826735686761e+02
1.299988986735686751e+02
1.252623366735686687e+02
1.363143146735686742e+02
1.205257746735686766e+02
1.173680666735686771e+02
1.189469206735686839e+02
1.331566066735686604e+02
1.110526506735686780e+02
1.315777526735686820e+02
1.268411906735686756e+02
1.268411906735686898e+02
1.142103586735686775e+02
1.031583806735686863e+02
1.252623366735686687e+02
1.331566066735686888e+02
1.221046286735686834e+02
1.173680666735686771e+02
1.221046286735686692e+02
1.110526506735686780e+02
1.173680666735686771e+02
1.236834826735686761e+02
1.000006726735686726e+02
9.684296467356868732e+01
1.157892126735686702e+02
1.189469206735686697e+02
1.157892126735686702e+02
1.363143146735686742e+02
1.126315046735686707e+02
1.189469206735686697e+02
1.331566066735686604e+02
1.047372346735686790e+02
1.426297306735686732e+02
1.110526506735686780e+02
1.094737966735686712e+02
1.189469206735686697e+02
1.189469206735686697e+02
1.110526506735686780e+02
1.268411906735686614e+02
1.221046286735686692e+02
1.047372346735686790e+02
1.347354606735686673e+02
1.142103586735686775e+02
1.063160886735686859e+02
1.015795266735686795e+02
1.110526506735686780e+02
1.142103586735686775e+02
8.894869467356866721e+01
1.126315046735686707e+02
9.684296467356867311e+01
1.173680666735686771e+02
9.526411067356868045e+01
1.142103586735686775e+02
1.142103586735686775e+02
1.047372346735686790e+02
1.189469206735686697e+02
1.221046286735686834e+02
1.315777526735686820e+02
1.299988986735686751e+02
1.205257746735686766e+02
1.205257746735686766e+02
9.210640267356868094e+01
1.252623366735686830e+02
1.094737966735686854e+02
1.299988986735686751e+02
1.094737966735686854e+02
1.142103586735686775e+02
1.205257746735686766e+02
1.252623366735686687e+02
1.031583806735686863e+02
1.205257746735686766e+02
1.126315046735686849e+02
1.031583806735686863e+02
1.126315046735686707e+02
1.031583806735686863e+02
1.015795266735686795e+02
1.205257746735686908e+02
1.173680666735686771e+02
9.526411067356868045e+01
1.015795266735686795e+02
1.331566066735686604e+02
1.063160886735686717e+02
1.157892126735686844e+02
1.221046286735686834e+02
1.142103586735686775e+02
1.110526506735686780e+02
1.078949426735686785e+02
1.236834826735686761e+02
1.331566066735686604e+02
1.142103586735686775e+02
1.110526506735686780e+02
1.142103586735686775e+02
1.236834826735686761e+02
1.189469206735686697e+02
1.331566066735686888e+02
1.205257746735686766e+02
1.173680666735686771e+02
1.047372346735686790e+02
1.331566066735686604e+02
1.110526506735686780e+02
1.000006726735686868e+02
1.268411906735686614e+02
1.126315046735686849e+02
9.368525667356867359e+01
1.094737966735686854e+02
1.189469206735686697e+02
1.268411906735686756e+02
1.063160886735686859e+02
1.347354606735686673e+02
1.094737966735686712e+02
1.110526506735686780e+02
1.000006726735686726e+02
1.189469206735686697e+02
1.078949426735686785e+02
1.078949426735686785e+02
9.526411067356868045e+01
1.126315046735686707e+02
1.031583806735686721e+02
1.189469206735686839e+02
1.142103586735686775e+02
1.015795266735686795e+02
1.221046286735686692e+02
1.078949426735686785e+02
1.126315046735686707e+02
9.842181867356867997e+01
1.205257746735686766e+02
1.142103586735686775e+02
1.000006726735686868e+02
1.142103586735686775e+02
1.157892126735686844e+02
1.000006726735686726e+02
1.110526506735686780e+02
1.047372346735686790e+02
1.173680666735686771e+02
1.000006726735686868e+02
1.110526506735686780e+02
1.205257746735686766e+02
1.142103586735686918e+02
1.063160886735686859e+02
1.126315046735686707e+02
9.368525667356868780e+01
1.110526506735686780e+02
1.126315046735686849e+02
9.526411067356866624e+01
1.189469206735686839e+02
1.142103586735686633e+02
9.842181867356867997e+01
1.000006726735686584e+02
1.142103586735686775e+02
1.236834826735686761e+02
1.094737966735686854e+02
1.221046286735686692e+02
1.189469206735686839e+02
1.031583806735686721e+02
1.126315046735686849e+02
1.126315046735686707e+02
1.284200446735686683e+02
1.063160886735686717e+02
1.157892126735686702e+02
1.157892126735686702e+02
1.221046286735686692e+02
1.094737966735686854e+02
1.157892126735686702e+02
1.299988986735686751e+02
1.126315046735686849e+02
1.268411906735686898e+02
1.173680666735686771e+02
1.126315046735686707e+02
1.142103586735686775e+02
1.299988986735686751e+02
1.236834826735686761e+02
1.284200446735686683e+02
1.173680666735686771e+02
1.000006726735686868e+02
1.189469206735686697e+02
1.221046286735686692e+02
1.205257746735686766e+02
1.189469206735686697e+02
1.347354606735686673e+02
1.142103586735686775e+02
1.236834826735686761e+02
1.268411906735686756e+02
1.000006726735686726e+02
1.268411906735686756e+02
1.110526506735686780e+02
1.189469206735686839e+02
1.063160886735686717e+02
1.221046286735686692e+02
1.268411906735686756e+02
9.842181867356867997e+01
1.363143146735686742e+02
1.047372346735686790e+02
1.110526506735686780e+02
1.347354606735686673e+02
1.142103586735686775e+02
1.142103586735686775e+02
1.031583806735686721e+02
1.078949426735686785e+02
1.142103586735686775e+02
1.236834826735686761e+02
1.094737966735686854e+02
1.126315046735686849e+02
1.173680666735686771e+02
1.142103586735686775e+02
1.252623366735686830e+02
1.078949426735686785e+02
1.047372346735686790e+02
1.173680666735686771e+02
1.189469206735686839e+02
1.173680666735686771e+02
1.157892126735686844e+02
1.252623366735686687e+02
9.684296467356865890e+01
1.205257746735686766e+02
1.094737966735686712e+02
1.063160886735686859e+02
1.173680666735686771e+02
8.263327867356866818e+01
1.173680666735686771e+02
1.031583806735686863e+02
1.268411906735686756e+02
8.421213267356866083e+01
9.684296467356865890e+01
1.063160886735686717e+02
1.315777526735686820e+02
9.842181867356867997e+01
1.000006726735686726e+02
1.047372346735686790e+02
9.210640267356868094e+01
1.157892126735686702e+02
1.205257746735686766e+02
1.015795266735686795e+02
1.236834826735686619e+02
1.205257746735686766e+02
1.252623366735686687e+02
9.526411067356868045e+01
1.236834826735686619e+02
1.126315046735686849e+02
1.078949426735686785e+02
9.210640267356866673e+01
1.031583806735686863e+02
1.331566066735686888e+02
8.421213267356867505e+01
1.173680666735686771e+02
9.842181867356867997e+01
1.078949426735686785e+02
1.015795266735686795e+02
1.252623366735686830e+02
1.252623366735686687e+02
8.736984067356868877e+01
1.189469206735686697e+02
1.031583806735686721e+02
1.047372346735686790e+02
1.015795266735686795e+02
9.526411067356868045e+01
1.284200446735686683e+02
1.031583806735686721e+02
1.284200446735686967e+02
1.015795266735686795e+02
1.489451466735686722e+02
1.110526506735686780e+02
1.157892126735686844e+02
1.315777526735686820e+02
1.189469206735686839e+02
1.299988986735686751e+02
1.078949426735686785e+02
1.126315046735686849e+02
1.189469206735686697e+02
1.189469206735686697e+02
1.442085846735686800e+02
1.410508766735686947e+02
1.378931686735686810e+02
1.236834826735686619e+02
1.189469206735686697e+02
1.347354606735686673e+02
1.457874386735686869e+02
1.157892126735686844e+02
1.236834826735686761e+02
1.110526506735686780e+02
1.205257746735686766e+02
1.236834826735686761e+02
1.142103586735686775e+02
1.047372346735686790e+02
1.221046286735686692e+02
1.000006726735686726e+02
1.221046286735686692e+02
1.094737966735686854e+02
1.221046286735686692e+02
1.299988986735686751e+02
1.094737966735686854e+02
1.078949426735686785e+02
1.205257746735686766e+02
1.157892126735686702e+02
1.268411906735686756e+02
1.126315046735686849e+02
1.236834826735686619e+02
1.299988986735686751e+02
9.684296467356868732e+01
1.284200446735686683e+02
1.000006726735686726e+02
1.142103586735686775e+02
1.173680666735686771e+02
1.063160886735686717e+02
1.173680666735686771e+02
9.842181867356867997e+01
1.394720226735686879e+02
1.142103586735686775e+02
1.110526506735686780e+02
1.252623366735686687e+02
1.015795266735686795e+02
1.126315046735686707e+02
1.331566066735686888e+02
1.410508766735686663e+02
1.205257746735686766e+02
1.173680666735686771e+02
9.526411067356868045e+01
1.094737966735686854e+02
1.047372346735686790e+02
1.221046286735686692e+02
1.221046286735686834e+02
1.157892126735686702e+02
1.252623366735686687e+02
9.842181867356867997e+01
1.031583806735686721e+02
1.205257746735686766e+02
9.684296467356868732e+01
1.221046286735686834e+02
1.126315046735686849e+02
1.252623366735686687e+02
1.142103586735686775e+02
1.078949426735686643e+02
1.063160886735686717e+02
1.252623366735686830e+02
1.205257746735686766e+02
9.210640267356868094e+01
1.173680666735686771e+02
1.047372346735686790e+02
9.684296467356867311e+01
1.299988986735686751e+02
1.189469206735686697e+02
1.205257746735686766e+02
9.210640267356868094e+01
1.173680666735686771e+02
9.684296467356868732e+01
1.094737966735686854e+02
1.031583806735686721e+02
1.031583806735686863e+02
1.157892126735686844e+02
1.173680666735686771e+02
9.842181867356867997e+01
1.078949426735686785e+02
1.094737966735686712e+02
1.157892126735686702e+02
1.252623366735686830e+02
1.031583806735686721e+02
9.052754867356867408e+01
1.142103586735686775e+02
1.126315046735686849e+02
1.189469206735686697e+02
9.684296467356867311e+01
1.252623366735686687e+02
1.031583806735686863e+02
1.173680666735686771e+02
1.063160886735686859e+02
1.126315046735686849e+02
1.031583806735686721e+02
8.263327867356868239e+01
9.842181867356866576e+01
1.094737966735686712e+02
1.015795266735686795e+02
9.842181867356867997e+01
1.157892126735686702e+02
1.047372346735686648e+02
9.684296467356867311e+01
9.210640267356868094e+01
9.684296467356867311e+01
1.189469206735686839e+02
8.579098667356866770e+01
1.142103586735686775e+02
9.210640267356866673e+01
1.094737966735686854e+02
1.110526506735686780e+02
9.526411067356868045e+01
1.173680666735686628e+02
9.052754867356865986e+01
9.526411067356866624e+01
8.736984067356867456e+01
8.894869467356866721e+01
1.078949426735686785e+02
8.579098667356868191e+01
1.110526506735686780e+02
1.110526506735686780e+02
1.063160886735686859e+02
6.210817667356867844e+01
7.316015467356866964e+01
1.078949426735686785e+02
1.110526506735686780e+02
1.031583806735686863e+02
1.078949426735686643e+02
1.078949426735686785e+02
9.210640267356866673e+01
1.063160886735686859e+02
1.221046286735686692e+02
1.094737966735686854e+02
8.263327867356866818e+01
9.842181867356866576e+01
9.526411067356868045e+01
1.000006726735686726e+02
1.205257746735686766e+02
1.094737966735686854e+02
9.052754867356868829e+01
1.000006726735686868e+02
1.047372346735686790e+02
8.736984067356867456e+01
6.842359267356866326e+01
9.684296467356868732e+01
8.263327867356866818e+01
1.094737966735686854e+02
9.368525667356867359e+01
1.094737966735686712e+02
1.063160886735686717e+02
1.221046286735686834e+02
1.157892126735686702e+02
1.063160886735686717e+02
9.842181867356866576e+01
1.063160886735686859e+02
1.000006726735686868e+02
1.015795266735686795e+02
9.368525667356867359e+01
1.284200446735686683e+02
9.526411067356868045e+01
8.421213267356867505e+01
1.126315046735686849e+02
9.842181867356867997e+01
1.110526506735686780e+02
9.210640267356866673e+01
1.015795266735686795e+02
1.094737966735686854e+02
9.526411067356868045e+01
9.526411067356866624e+01
8.263327867356868239e+01
1.063160886735686717e+02
1.031583806735686721e+02
1.015795266735686795e+02
9.368525667356868780e+01
1.031583806735686721e+02
9.684296467356867311e+01
1.047372346735686790e+02
1.031583806735686721e+02
1.031583806735686863e+02
9.684296467356867311e+01
9.526411067356868045e+01
1.078949426735686785e+02
1.078949426735686785e+02
9.684296467356868732e+01
9.684296467356867311e+01
1.063160886735686859e+02
9.684296467356867311e+01
1.110526506735686780e+02
1.078949426735686785e+02
1.031583806735686863e+02
1.126315046735686849e+02
9.684296467356867311e+01
9.684296467356867311e+01
1.094737966735686854e+02
9.684296467356867311e+01
1.063160886735686859e+02
9.842181867356867997e+01
1.205257746735686624e+02
1.078949426735686785e+02
1.015795266735686795e+02
1.094737966735686854e+02
1.078949426735686785e+02
1.315777526735686820e+02
1.000006726735686868e+02
1.142103586735686775e+02
1.031583806735686863e+02
1.189469206735686839e+02
9.842181867356866576e+01
1.047372346735686790e+02
1.221046286735686692e+02
9.526411067356868045e+01
1.173680666735686771e+02
9.368525667356867359e+01
9.368525667356868780e+01
1.221046286735686692e+02
1.000006726735686726e+02
1.031583806735686721e+02
1.157892126735686844e+02
1.015795266735686795e+02
1.015795266735686795e+02
1.205257746735686766e+02
1.015795266735686653e+02
1.047372346735686790e+02
1.142103586735686775e+02
1.236834826735686761e+02
1.000006726735686868e+02
1.078949426735686785e+02
9.210640267356866673e+01
9.526411067356868045e+01
1.110526506735686780e+02
8.421213267356866083e+01
1.000006726735686726e+02
9.842181867356867997e+01
1.078949426735686643e+02
1.189469206735686697e+02
8.421213267356867505e+01
1.094737966735686854e+02
9.052754867356865986e+01
9.842181867356867997e+01
9.052754867356867408e+01
1.015795266735686795e+02
1.015795266735686795e+02
8.579098667356866770e+01
1.078949426735686785e+02
1.094737966735686712e+02
1.000006726735686726e+02
7.789671667356866180e+01
7.631786267356866915e+01
1.047372346735686790e+02
9.684296467356867311e+01
9.052754867356867408e+01
8.736984067356866035e+01
1.236834826735686761e+02
9.368525667356867359e+01
9.684296467356867311e+01
8.105442467356866132e+01
8.579098667356866770e+01
1.063160886735686859e+02
9.052754867356867408e+01
8.736984067356866035e+01
9.052754867356867408e+01
1.047372346735686648e+02
1.205257746735686766e+02
7.316015467356868385e+01
1.110526506735686780e+02
1.031583806735686863e+02
1.015795266735686795e+02
9.842181867356867997e+01
1.078949426735686785e+02
7.947557067356868288e+01
9.368525667356865938e+01
8.579098667356866770e+01
1.110526506735686780e+02
1.173680666735686771e+02
1.078949426735686785e+02
1.078949426735686785e+02
9.842181867356867997e+01
9.052754867356867408e+01
1.015795266735686795e+02
7.947557067356866867e+01
1.205257746735686766e+02
1.094737966735686712e+02
1.063160886735686859e+02
9.684296467356867311e+01
1.078949426735686785e+02
1.078949426735686785e+02
1.015795266735686795e+02
9.210640267356866673e+01
1.157892126735686702e+02
1.094737966735686712e+02
1.047372346735686790e+02
1.110526506735686780e+02
1.063160886735686859e+02
9.842181867356867997e+01
1.126315046735686849e+02
1.173680666735686771e+02
1.142103586735686918e+02
1.221046286735686834e+02
1.000006726735686868e+02
9.210640267356868094e+01
1.189469206735686839e+02
1.094737966735686712e+02
9.842181867356866576e+01
1.047372346735686790e+02
1.142103586735686775e+02
9.684296467356865890e+01
1.110526506735686780e+02
9.842181867356867997e+01
1.094737966735686712e+02
1.126315046735686707e+02
1.299988986735686751e+02
1.031583806735686721e+02
1.031583806735686863e+02
1.047372346735686790e+02
1.015795266735686795e+02
1.157892126735686702e+02
1.078949426735686785e+02
1.205257746735686766e+02
1.015795266735686795e+02
9.526411067356866624e+01
9.526411067356868045e+01
1.142103586735686775e+02
1.221046286735686692e+02
1.000006726735686726e+02
1.000006726735686584e+02
1.236834826735686619e+02
1.015795266735686795e+02
1.031583806735686863e+02
9.842181867356866576e+01
1.063160886735686717e+02
9.052754867356867408e+01
1.031583806735686863e+02
9.526411067356868045e+01
1.110526506735686780e+02
1.015795266735686795e+02
1.000006726735686584e+02
1.047372346735686790e+02
9.052754867356867408e+01
1.205257746735686766e+02
9.368525667356867359e+01
1.221046286735686834e+02
9.684296467356868732e+01
8.421213267356867505e+01
9.052754867356867408e+01
1.063160886735686717e+02
1.015795266735686795e+02
1.031583806735686721e+02
1.063160886735686859e+02
9.368525667356867359e+01
8.579098667356868191e+01
9.210640267356868094e+01
8.736984067356866035e+01
8.736984067356867456e+01
1.205257746735686766e+02
9.842181867356866576e+01
1.236834826735686761e+02
1.142103586735686918e+02
1.078949426735686785e+02
9.684296467356867311e+01
9.842181867356866576e+01
9.842181867356866576e+01
1.110526506735686780e+02
1.047372346735686790e+02
1.126315046735686565e+02
1.031583806735686863e+02
7.789671667356867601e+01
7.789671667356866180e+01
1.157892126735686702e+02
1.047372346735686790e+02
1.126315046735686707e+02
7.631786267356868336e+01
7.631786267356868336e+01
1.047372346735686790e+02
1.031583806735686721e+02
1.031583806735686721e+02
8.105442467356866132e+01
9.052754867356867408e+01
1.110526506735686780e+02
8.736984067356867456e+01
1.142103586735686775e+02
1.000006726735686726e+02
1.015795266735686653e+02
9.052754867356867408e+01
8.421213267356866083e+01
1.000006726735686868e+02
1.047372346735686790e+02
1.031583806735686579e+02
1.205257746735686766e+02
1.094737966735686712e+02
9.842181867356867997e+01
1.047372346735686790e+02
9.526411067356866624e+01
9.684296467356868732e+01
1.000006726735686726e+02
1.173680666735686771e+02
1.142103586735686775e+02
1.031583806735686721e+02
9.526411067356866624e+01
1.094737966735686712e+02
8.894869467356868142e+01
1.063160886735686859e+02
1.110526506735686780e+02
1.078949426735686785e+02
1.031583806735686721e+02
1.078949426735686785e+02
1.000006726735686868e+02
1.284200446735686683e+02
1.205257746735686766e+02
1.031583806735686721e+02
9.684296467356867311e+01
1.126315046735686849e+02
1.000006726735686726e+02
9.842181867356867997e+01
9.842181867356867997e+01
8.421213267356868926e+01
8.894869467356868142e+01
1.078949426735686785e+02
1.000006726735686726e+02
1.063160886735686717e+02
8.894869467356868142e+01
1.142103586735686775e+02
9.210640267356868094e+01
1.094737966735686712e+02
9.842181867356866576e+01
1.173680666735686771e+02
1.173680666735686771e+02
8.421213267356867505e+01
1.000006726735686726e+02
9.842181867356866576e+01
9.526411067356866624e+01
1.078949426735686785e+02
1.205257746735686908e+02
1.078949426735686643e+02
8.894869467356866721e+01
9.842181867356866576e+01
9.842181867356867997e+01
1.142103586735686775e+02
9.052754867356868829e+01
1.015795266735686795e+02
9.526411067356866624e+01
9.526411067356866624e+01
9.368525667356868780e+01
1.078949426735686785e+02
9.526411067356866624e+01
1.015795266735686795e+02
8.579098667356866770e+01
1.031583806735686863e+02
7.158130067356867698e+01
9.684296467356865890e+01
1.205257746735686908e+02
9.210640267356866673e+01
1.015795266735686795e+02
7.631786267356866915e+01
7.631786267356866915e+01
8.105442467356866132e+01
8.736984067356866035e+01
1.078949426735686785e+02
9.210640267356866673e+01
8.579098667356866770e+01
9.684296467356868732e+01
1.078949426735686785e+02
9.684296467356868732e+01
7.473900867356867650e+01
1.000006726735686726e+02
8.736984067356867456e+01
9.842181867356867997e+01
9.368525667356865938e+01
9.368525667356867359e+01
7.947557067356866867e+01
7.473900867356867650e+01
8.736984067356867456e+01
1.031583806735686863e+02
8.894869467356866721e+01
9.684296467356867311e+01
1.094737966735686712e+02
1.110526506735686780e+02
9.368525667356867359e+01
9.842181867356867997e+01
1.063160886735686574e+02
9.526411067356868045e+01
8.263327867356868239e+01
8.894869467356866721e+01
1.000006726735686726e+02
9.210640267356866673e+01
9.210640267356866673e+01
8.894869467356866721e+01
9.210640267356868094e+01
8.736984067356867456e+01
8.894869467356866721e+01
1.031583806735686721e+02
1.000006726735686726e+02
1.015795266735686795e+02
8.263327867356866818e+01
1.015795266735686795e+02
1.078949426735686643e+02
9.842181867356866576e+01
1.031583806735686721e+02
9.684296467356867311e+01
7.473900867356867650e+01
9.684296467356868732e+01
8.105442467356866132e+01
1.063160886735686859e+02
9.526411067356866624e+01
9.526411067356866624e+01
1.047372346735686790e+02
9.526411067356866624e+01
1.110526506735686780e+02
9.526411067356866624e+01
8.736984067356867456e+01
7.631786267356866915e+01
9.526411067356866624e+01
8.579098667356866770e+01
8.263327867356868239e+01
8.579098667356868191e+01
8.105442467356867553e+01
1.000006726735686726e+02
7.947557067356866867e+01
9.052754867356865986e+01
8.894869467356866721e+01
9.526411067356866624e+01
1.078949426735686785e+02
1.031583806735686863e+02
1.015795266735686653e+02
9.526411067356868045e+01
1.142103586735686775e+02
1.015795266735686795e+02
8.579098667356866770e+01
1.142103586735686775e+02
9.052754867356865986e+01
1.078949426735686785e+02
1.000006726735686726e+02
1.094737966735686712e+02
1.047372346735686790e+02
1.094737966735686712e+02
1.000006726735686726e+02
9.368525667356867359e+01
1.157892126735686702e+02
8.105442467356866132e+01
1.063160886735686859e+02
8.894869467356868142e+01
1.047372346735686790e+02
1.205257746735686766e+02
9.052754867356867408e+01
1.047372346735686790e+02
9.368525667356868780e+01
9.210640267356866673e+01
9.842181867356867997e+01
9.368525667356867359e+01
1.015795266735686795e+02
9.052754867356865986e+01
9.052754867356868829e+01
9.368525667356868780e+01
1.078949426735686785e+02
1.078949426735686785e+02
9.684296467356868732e+01
1.110526506735686780e+02
1.000006726735686726e+02
1.126315046735686849e+02
9.684296467356867311e+01
8.579098667356866770e+01
7.473900867356866229e+01
1.110526506735686780e+02
1.078949426735686785e+02
9.684296467356865890e+01
9.684296467356867311e+01
8.736984067356866035e+01
1.142103586735686775e+02
9.842181867356867997e+01
7.789671667356866180e+01
8.736984067356867456e+01
8.736984067356867456e+01
1.157892126735686702e+02
9.052754867356865986e+01
8.736984067356867456e+01
9.842181867356866576e+01
9.526411067356866624e+01
8.263327867356866818e+01
8.579098667356868191e+01
8.579098667356866770e+01
1.078949426735686785e+02
1.015795266735686795e+02
8.421213267356867505e+01
1.047372346735686648e+02
8.736984067356867456e+01
7.947557067356866867e+01
1.031583806735686721e+02
9.052754867356865986e+01
1.047372346735686790e+02
9.526411067356866624e+01
9.052754867356865986e+01
7.000244667356867012e+01
9.368525667356865938e+01
9.842181867356867997e+01
1.063160886735686717e+02
8.736984067356867456e+01
9.368525667356865938e+01
1.000006726735686726e+02
9.052754867356867408e+01
1.078949426735686785e+02
8.736984067356867456e+01
9.526411067356866624e+01
8.579098667356866770e+01
1.094737966735686854e+02
8.105442467356866132e+01
9.052754867356865986e+01
9.052754867356865986e+01
1.015795266735686795e+02
8.736984067356867456e+01
8.894869467356868142e+01
7.631786267356866915e+01
1.031583806735686721e+02
8.263327867356866818e+01
9.526411067356866624e+01
8.894869467356868142e+01
1.157892126735686844e+02
1.126315046735686849e+02
9.684296467356867311e+01
8.421213267356867505e+01
9.526411067356866624e+01
1.000006726735686868e+02
7.316015467356866964e+01
9.368525667356867359e+01
1.000006726735686584e+02
1.000006726735686726e+02
9.842181867356867997e+01
1.078949426735686785e+02
9.526411067356866624e+01
1.031583806735686721e+02
9.526411067356868045e+01
9.210640267356866673e+01
1.031583806735686863e+02
8.894869467356866721e+01
1.173680666735686771e+02
8.894869467356866721e+01
1.110526506735686780e+02
7.631786267356868336e+01
8.421213267356866083e+01
1.078949426735686785e+02
8.894869467356866721e+01
8.736984067356867456e+01
9.052754867356867408e+01
1.047372346735686648e+02
1.015795266735686653e+02
1.063160886735686717e+02
1.142103586735686775e+02
9.052754867356865986e+01
1.031583806735686863e+02
1.015795266735686795e+02
1.142103586735686775e+02
9.052754867356867408e+01
9.842181867356866576e+01
1.031583806735686721e+02
7.789671667356867601e+01
1.078949426735686785e+02
8.105442467356866132e+01
9.526411067356866624e+01
1.063160886735686717e+02
1.094737966735686712e+02
1.142103586735686775e+02
9.210640267356866673e+01
1.094737966735686712e+02
1.015795266735686795e+02
1.094737966735686712e+02
9.526411067356866624e+01
1.221046286735686692e+02
8.736984067356867456e+01
8.894869467356866721e+01
1.126315046735686849e+02
1.031583806735686721e+02
9.842181867356867997e+01
1.015795266735686795e+02
9.684296467356868732e+01
1.015795266735686795e+02
1.000006726735686726e+02
8.579098667356868191e+01
9.368525667356868780e+01
1.015795266735686795e+02
1.031583806735686721e+02
1.157892126735686844e+02
1.063160886735686717e+02
1.031583806735686721e+02
9.368525667356868780e+01
8.263327867356866818e+01
1.110526506735686780e+02
1.063160886735686859e+02
8.105442467356866132e+01
1.047372346735686790e+02
1.252623366735686830e+02
9.842181867356866576e+01
1.063160886735686859e+02
1.047372346735686790e+02
1.094737966735686854e+02
8.421213267356868926e+01
1.015795266735686795e+02
8.736984067356867456e+01
1.047372346735686790e+02
9.368525667356865938e+01
9.052754867356865986e+01
1.047372346735686790e+02
9.684296467356868732e+01
1.094737966735686854e+02
9.526411067356866624e+01
9.842181867356867997e+01
1.015795266735686795e+02
1.000006726735686726e+02
1.031583806735686579e+02
1.031583806735686863e+02
1.047372346735686648e+02
8.894869467356866721e+01
9.210640267356866673e+01
9.210640267356866673e+01
9.684296467356865890e+01
1.126315046735686849e+02
8.894869467356868142e+01
1.031583806735686721e+02
1.189469206735686697e+02
1.094737966735686712e+02
1.142103586735686775e+02
1.031583806735686721e+02
9.526411067356866624e+01
1.031583806735686721e+02
9.684296467356867311e+01
1.173680666735686771e+02
1.047372346735686790e+02
1.189469206735686839e+02
8.263327867356866818e+01
1.063160886735686859e+02
1.110526506735686780e+02
9.526411067356866624e+01
1.063160886735686859e+02
9.052754867356865986e+01
1.000006726735686726e+02
1.031583806735686863e+02
8.579098667356866770e+01
1.063160886735686717e+02
8.894869467356866721e+01
1.015795266735686795e+02
1.063160886735686859e+02
7.158130067356866277e+01
8.894869467356866721e+01
1.047372346735686790e+02
1.221046286735686834e+02
1.173680666735686771e+02
1.031583806735686721e+02
1.000006726735686584e+02
1.173680666735686771e+02
1.047372346735686790e+02
1.189469206735686697e+02
9.052754867356867408e+01
1.205257746735686766e+02
8.736984067356866035e+01
1.031583806735686721e+02
9.368525667356867359e+01
9.052754867356867408e+01
1.000006726735686584e+02
9.368525667356867359e+01
1.110526506735686638e+02
1.110526506735686780e+02
9.368525667356865938e+01
9.526411067356868045e+01
1.000006726735686726e+02
9.368525667356868780e+01
1.031583806735686863e+02
1.094737966735686854e+02
9.684296467356867311e+01
1.000006726735686726e+02
1.142103586735686775e+02
7.631786267356866915e+01
1.157892126735686702e+02
1.078949426735686785e+02
1.189469206735686697e+02
1.031583806735686721e+02
1.031583806735686721e+02
9.526411067356866624e+01
9.368525667356867359e+01
1.078949426735686785e+02
1.015795266735686653e+02
9.842181867356867997e+01
8.894869467356868142e+01
1.063160886735686859e+02
9.052754867356867408e+01
9.684296467356865890e+01
8.894869467356866721e+01
9.526411067356866624e+01
8.263327867356866818e+01
7.631786267356866915e+01
9.684296467356867311e+01
9.526411067356868045e+01
9.526411067356868045e+01
1.000006726735686868e+02
9.052754867356868829e+01
1.110526506735686780e+02
9.368525667356867359e+01
8.421213267356866083e+01
8.421213267356867505e+01
1.047372346735686790e+02
1.047372346735686790e+02
8.736984067356866035e+01
7.789671667356867601e+01
9.842181867356867997e+01
9.052754867356867408e+01
1.047372346735686790e+02
1.078949426735686785e+02
1.031583806735686721e+02
8.421213267356866083e+01
8.105442467356867553e+01
9.526411067356866624e+01
1.015795266735686653e+02
8.894869467356866721e+01
1.015795266735686653e+02
9.526411067356866624e+01
1.063160886735686717e+02
9.210640267356866673e+01
1.000006726735686868e+02
9.210640267356866673e+01
1.047372346735686790e+02
9.526411067356866624e+01
8.736984067356866035e+01
7.789671667356867601e+01
1.047372346735686790e+02
1.015795266735686653e+02
1.015795266735686795e+02
8.421213267356867505e+01
1.000006726735686868e+02
1.000006726735686584e+02
9.052754867356867408e+01
9.368525667356867359e+01
9.842181867356867997e+01
8.263327867356868239e+01
1.000006726735686584e+02
8.105442467356867553e+01
7.789671667356866180e+01
1.110526506735686780e+02
8.421213267356866083e+01
9.842181867356866576e+01
1.000006726735686584e+02
7.473900867356866229e+01
1.031583806735686721e+02
9.052754867356865986e+01
8.105442467356866132e+01
8.736984067356867456e+01
9.210640267356866673e+01
8.421213267356867505e+01
6.526588467356867795e+01
8.263327867356866818e+01
9.526411067356866624e+01
9.052754867356865986e+01
8.579098667356866770e+01
9.684296467356867311e+01
6.210817667356867844e+01
9.210640267356866673e+01
8.894869467356866721e+01
7.789671667356867601e+01
1.047372346735686790e+02
6.842359267356867747e+01
9.210640267356866673e+01
9.526411067356866624e+01
1.142103586735686775e+02
7.789671667356867601e+01
8.894869467356866721e+01
1.000006726735686584e+02
9.842181867356867997e+01
8.421213267356867505e+01
8.894869467356866721e+01
1.126315046735686849e+02
9.210640267356866673e+01
1.000006726735686726e+02
9.526411067356866624e+01
9.526411067356866624e+01
9.368525667356865938e+01
9.052754867356867408e+01
7.947557067356866867e+01
7.316015467356866964e+01
9.052754867356867408e+01
8.736984067356867456e+01
9.368525667356867359e+01
9.210640267356866673e+01
8.105442467356867553e+01
9.684296467356867311e+01
7.158130067356867698e+01
8.579098667356866770e+01
9.052754867356867408e+01
8.105442467356867553e+01
8.105442467356866132e+01
8.105442467356867553e+01
7.789671667356867601e+01
8.421213267356867505e+01
1.015795266735686653e+02
7.000244667356867012e+01
1.000006726735686584e+02
7.473900867356867650e+01
8.421213267356866083e+01
8.421213267356866083e+01
7.789671667356867601e+01
1.031583806735686721e+02
8.263327867356866818e+01
9.052754867356867408e+01
1.000006726735686584e+02
8.421213267356867505e+01
1.015795266735686653e+02
7.158130067356867698e+01
9.526411067356866624e+01
9.368525667356867359e+01
9.368525667356865938e+01
8.579098667356866770e+01
7.947557067356866867e+01
1.000006726735686726e+02
9.684296467356867311e+01
8.736984067356866035e+01
9.368525667356867359e+01
1.173680666735686771e+02
9.052754867356865986e+01
1.015795266735686795e+02
8.263327867356866818e+01
8.894869467356866721e+01
1.047372346735686790e+02
1.031583806735686721e+02
1.142103586735686775e+02
1.110526506735686780e+02
1.031583806735686863e+02
9.526411067356866624e+01
8.736984067356866035e+01
9.368525667356868780e+01
8.579098667356866770e+01
9.368525667356867359e+01
8.263327867356866818e+01
7.789671667356867601e+01
9.526411067356866624e+01
8.421213267356867505e+01
7.631786267356866915e+01
7.473900867356866229e+01
8.894869467356866721e+01
7.473900867356867650e+01
8.421213267356867505e+01
8.421213267356866083e+01
9.210640267356866673e+01
9.052754867356867408e+01
8.894869467356868142e+01
8.579098667356866770e+01
8.263327867356866818e+01
9.210640267356866673e+01
6.842359267356867747e+01
8.894869467356866721e+01
9.052754867356867408e+01
8.579098667356866770e+01
9.210640267356866673e+01
1.078949426735686785e+02
1.094737966735686854e+02
8.105442467356866132e+01
8.894869467356866721e+01
8.105442467356867553e+01
8.579098667356868191e+01
9.368525667356865938e+01
8.105442467356866132e+01
8.736984067356867456e+01
7.473900867356866229e+01
8.894869467356866721e+01
9.210640267356868094e+01
9.052754867356867408e+01
9.210640267356866673e+01
8.894869467356866721e+01
9.526411067356866624e+01
6.210817667356867844e+01
8.263327867356866818e+01
7.947557067356866867e+01
7.000244667356867012e+01
9.210640267356866673e+01
1.000006726735686726e+02
7.000244667356868433e+01
8.263327867356866818e+01
1.000006726735686726e+02
9.210640267356866673e+01
1.063160886735686859e+02
7.316015467356866964e+01
7.316015467356866964e+01
1.063160886735686859e+02
8.421213267356866083e+01
9.526411067356866624e+01
8.421213267356866083e+01
1.047372346735686790e+02
7.631786267356866915e+01
1.078949426735686643e+02
1.047372346735686790e+02
7.631786267356866915e+01
1.015795266735686653e+02
7.947557067356866867e+01
8.736984067356867456e+01
8.736984067356867456e+01
1.000006726735686726e+02
1.094737966735686854e+02
6.526588467356867795e+01
9.684296467356867311e+01
8.736984067356866035e+01
9.684296467356867311e+01
9.210640267356868094e+01
1.000006726735686726e+02
1.031583806735686721e+02
8.263327867356868239e+01
8.421213267356867505e+01
9.052754867356867408e+01
8.421213267356866083e+01
7.631786267356868336e+01
9.052754867356867408e+01
9.210640267356868094e+01
1.063160886735686717e+02
1.000006726735686726e+02
1.015795266735686795e+02
8.579098667356866770e+01
8.894869467356866721e+01
1.078949426735686785e+02
8.736984067356868877e+01
9.842181867356866576e+01
8.263327867356866818e+01
9.210640267356866673e+01
9.526411067356866624e+01
9.684296467356865890e+01
7.789671667356866180e+01
9.210640267356866673e+01
1.157892126735686702e+02
9.684296467356867311e+01
8.263327867356868239e+01
9.368525667356867359e+01
9.842181867356866576e+01
8.263327867356868239e+01
8.894869467356866721e+01
7.316015467356868385e+01
6.210817667356867844e+01
1.173680666735686771e+02
8.894869467356866721e+01
8.579098667356868191e+01
1.000006726735686868e+02
8.579098667356866770e+01
8.421213267356867505e+01
8.421213267356866083e+01
9.052754867356865986e+01
9.684296467356867311e+01
8.421213267356867505e+01
7.473900867356866229e+01
7.473900867356867650e+01
9.526411067356866624e+01
8.105442467356867553e+01
8.579098667356866770e+01
8.421213267356867505e+01
1.047372346735686790e+02
8.736984067356866035e+01
9.052754867356867408e+01
8.105442467356867553e+01
7.473900867356866229e+01
1.047372346735686648e+02
7.947557067356866867e+01
8.579098667356866770e+01
7.947557067356866867e+01
8.263327867356866818e+01
7.473900867356867650e+01
1.015795266735686653e+02
8.105442467356866132e+01
8.263327867356866818e+01
8.421213267356866083e+01
9.684296467356865890e+01
8.263327867356866818e+01
8.579098667356868191e+01
8.736984067356867456e+01
9.526411067356866624e+01
7.631786267356866915e+01
9.210640267356866673e+01
6.526588467356866374e+01
8.894869467356866721e+01
7.316015467356866964e+01
8.579098667356866770e+01
7.631786267356866915e+01
9.368525667356865938e+01
1.031583806735686721e+02
7.000244667356867012e+01
8.421213267356867505e+01
8.263327867356866818e+01
1.063160886735686717e+02
7.316015467356866964e+01
9.210640267356866673e+01
7.947557067356866867e+01
6.526588467356867795e+01
9.684296467356865890e+01
9.210640267356866673e+01
8.421213267356867505e+01
9.052754867356867408e+01
7.473900867356867650e+01
9.052754867356867408e+01
1.000006726735686584e+02
1.000006726735686726e+02
8.736984067356866035e+01
1.000006726735686584e+02
9.210640267356866673e+01
9.052754867356867408e+01
9.842181867356866576e+01
9.526411067356866624e+01
1.221046286735686692e+02
1.015795266735686795e+02
7.316015467356868385e+01
9.526411067356866624e+01
8.894869467356866721e+01
9.052754867356867408e+01
8.579098667356866770e+01
7.947557067356866867e+01
9.052754867356867408e+01
1.000006726735686584e+02
9.052754867356867408e+01
9.368525667356865938e+01
8.263327867356866818e+01
7.000244667356867012e+01
9.368525667356865938e+01
8.263327867356866818e+01
7.473900867356867650e+01
7.789671667356867601e+01
9.526411067356866624e+01
1.078949426735686643e+02
9.052754867356865986e+01
8.736984067356866035e+01
9.526411067356866624e+01
8.736984067356866035e+01
9.526411067356866624e+01
1.110526506735686780e+02
8.736984067356866035e+01
1.000006726735686584e+02
1.015795266735686653e+02
9.368525667356865938e+01
8.105442467356867553e+01
7.158130067356867698e+01
8.105442467356866132e+01
8.421213267356867505e+01
8.105442467356867553e+01
6.842359267356867747e+01
9.368525667356867359e+01
7.631786267356868336e+01
1.063160886735686717e+02
1.000006726735686868e+02
8.263327867356868239e+01
9.684296467356865890e+01
9.052754867356867408e+01
9.210640267356866673e+01
1.000006726735686726e+02
9.052754867356867408e+01
8.421213267356867505e+01
7.947557067356868288e+01
1.031583806735686721e+02
9.210640267356866673e+01
9.684296467356865890e+01
1.189469206735686839e+02
9.368525667356865938e+01
9.368525667356867359e+01
7.789671667356866180e+01
1.000006726735686584e+02
7.947557067356866867e+01
9.052754867356867408e+01
1.110526506735686780e+02
1.015795266735686795e+02
9.052754867356865986e+01
9.210640267356868094e+01
7.631786267356868336e+01
7.316015467356866964e+01
7.789671667356867601e+01
6.842359267356867747e+01
9.684296467356865890e+01
6.842359267356867747e+01
1.031583806735686721e+02
9.368525667356867359e+01
7.631786267356866915e+01
9.210640267356866673e+01
8.421213267356867505e+01
7.158130067356867698e+01
4.631963667356868086e+01
5.895046867356867892e+01
8.263327867356868239e+01
7.631786267356866915e+01
6.052932267356868579e+01
6.368703067356867109e+01
7.789671667356867601e+01
7.947557067356866867e+01
1.078949426735686643e+02
7.631786267356866915e+01
7.000244667356867012e+01
7.158130067356867698e+01
8.579098667356866770e+01
9.210640267356866673e+01
8.263327867356868239e+01
7.316015467356866964e+01
9.526411067356866624e+01
9.526411067356866624e+01
9.368525667356868780e+01
5.421390667356867255e+01
8.579098667356866770e+01
9.052754867356867408e+01
9.526411067356866624e+01
9.052754867356867408e+01
9.052754867356865986e+01
1.047372346735686790e+02
9.368525667356865938e+01
8.105442467356867553e+01
8.579098667356866770e+01
1.047372346735686790e+02
8.736984067356867456e+01
8.263327867356866818e+01
8.894869467356866721e+01
7.947557067356866867e+01
8.579098667356866770e+01
8.105442467356866132e+01
9.368525667356868780e+01
8.736984067356867456e+01
7.631786267356866915e+01
7.473900867356867650e+01
7.789671667356867601e+01
8.579098667356866770e+01
7.789671667356867601e+01
9.052754867356867408e+01
9.526411067356868045e+01
8.894869467356866721e+01
8.579098667356866770e+01
9.684296467356867311e+01
9.526411067356866624e+01
8.579098667356866770e+01
9.210640267356866673e+01
8.421213267356867505e+01
9.684296467356867311e+01
9.052754867356865986e+01
7.947557067356866867e+01
7.631786267356866915e+01
9.052754867356867408e+01
9.368525667356867359e+01
8.579098667356866770e+01
9.210640267356866673e+01
9.526411067356866624e+01
1.063160886735686574e+02
8.894869467356868142e+01
8.894869467356866721e+01
8.105442467356867553e+01
7.316015467356868385e+01
8.736984067356867456e+01
5.895046867356867892e+01
9.052754867356867408e+01
7.947557067356868288e+01
7.789671667356866180e+01
8.736984067356866035e+01
7.158130067356866277e+01
1.110526506735686780e+02
8.105442467356867553e+01
1.063160886735686574e+02
1.000006726735686726e+02
8.579098667356868191e+01
9.684296467356865890e+01
8.736984067356867456e+01
9.526411067356866624e+01
8.579098667356866770e+01
9.842181867356867997e+01
7.631786267356866915e+01
8.263327867356866818e+01
8.736984067356867456e+01
7.158130067356867698e+01
8.105442467356867553e+01
8.263327867356866818e+01
9.526411067356866624e+01
7.631786267356868336e+01
1.000006726735686726e+02
8.263327867356866818e+01
8.579098667356866770e+01
8.736984067356866035e+01
1.094737966735686712e+02
1.031583806735686721e+02
8.421213267356867505e+01
1.047372346735686790e+02
8.579098667356866770e+01
8.894869467356866721e+01
9.368525667356867359e+01
8.263327867356866818e+01
9.210640267356866673e+01
8.105442467356867553e+01
7.473900867356867650e+01
7.473900867356867650e+01
9.684296467356867311e+01
8.579098667356868191e+01
9.526411067356866624e+01
1.094737966735686854e+02
8.105442467356867553e+01
9.526411067356866624e+01
6.052932267356868579e+01
1.047372346735686790e+02
9.052754867356865986e+01
8.894869467356866721e+01
8.894869467356866721e+01
7.947557067356866867e+01
8.894869467356866721e+01
7.473900867356867650e+01
1.000006726735686584e+02
7.789671667356867601e+01
8.579098667356868191e+01
8.579098667356866770e+01
9.842181867356866576e+01
9.210640267356866673e+01
8.105442467356866132e+01
1.000006726735686584e+02
9.052754867356865986e+01
1.015795266735686653e+02
7.316015467356868385e+01
7.947557067356866867e+01
8.894869467356866721e+01
8.263327867356868239e+01
1.078949426735686785e+02
9.052754867356867408e+01
1.078949426735686643e+02
7.158130067356867698e+01
8.421213267356867505e+01
9.526411067356866624e+01
9.526411067356866624e+01
9.052754867356867408e+01
7.789671667356867601e+01
7.158130067356867698e+01
7.158130067356867698e+01
8.736984067356867456e+01
8.263327867356866818e+01
8.105442467356867553e+01
9.842181867356867997e+01
6.684473867356867061e+01
9.368525667356867359e+01
8.579098667356868191e+01
8.736984067356867456e+01
9.368525667356867359e+01
9.052754867356867408e+01
8.894869467356866721e+01
1.000006726735686726e+02
7.789671667356867601e+01
8.421213267356866083e+01
8.263327867356868239e+01
7.473900867356867650e+01
8.579098667356866770e+01
7.316015467356866964e+01
8.421213267356867505e+01
7.316015467356868385e+01
8.579098667356866770e+01
7.316015467356866964e+01
7.000244667356867012e+01
8.421213267356867505e+01
8.736984067356866035e+01
7.158130067356867698e+01
8.263327867356866818e+01
7.631786267356866915e+01
9.210640267356868094e+01
6.684473867356867061e+01
8.736984067356867456e+01
7.000244667356867012e+01
6.842359267356867747e+01
8.105442467356866132e+01
7.789671667356867601e+01
8.105442467356867553e+01
6.684473867356867061e+01
7.316015467356868385e+01
6.684473867356867061e+01
9.526411067356866624e+01
6.684473867356868482e+01
5.895046867356867892e+01
9.210640267356866673e+01
6.684473867356867061e+01
6.368703067356868530e+01
7.473900867356866229e+01
8.421213267356867505e+01
7.789671667356867601e+01
8.421213267356866083e+01
6.684473867356867061e+01
1.015795266735686653e+02
8.105442467356867553e+01
7.631786267356866915e+01
9.526411067356866624e+01
6.684473867356867061e+01
9.052754867356867408e+01
7.947557067356868288e+01
6.684473867356867061e+01
7.789671667356867601e+01
8.105442467356866132e+01
7.947557067356868288e+01
7.000244667356868433e+01
1.047372346735686648e+02
7.158130067356867698e+01
6.842359267356867747e+01
8.105442467356867553e+01
5.579276067356867941e+01
8.736984067356867456e+01
7.158130067356867698e+01
8.263327867356866818e+01
7.947557067356866867e+01
1.031583806735686721e+02
9.052754867356865986e+01
7.789671667356867601e+01
9.368525667356867359e+01
8.579098667356866770e+01
8.421213267356867505e+01
8.105442467356867553e+01
8.736984067356866035e+01
8.894869467356866721e+01
9.684296467356867311e+01
8.421213267356867505e+01
8.894869467356866721e+01
9.210640267356866673e+01
8.105442467356867553e+01
8.263327867356866818e+01
8.105442467356867553e+01
8.421213267356867505e+01
7.789671667356867601e+01
7.473900867356867650e+01
7.000244667356867012e+01
7.000244667356868433e+01
9.210640267356868094e+01
8.105442467356867553e+01
8.421213267356866083e+01
8.105442467356866132e+01
9.526411067356868045e+01
7.473900867356867650e+01
7.631786267356868336e+01
8.421213267356866083e+01
8.421213267356867505e+01
6.368703067356867109e+01
1.000006726735686584e+02
9.052754867356867408e+01
6.842359267356867747e+01
7.947557067356868288e+01
7.947557067356866867e+01
8.894869467356866721e+01
1.031583806735686863e+02
7.158130067356867698e+01
7.631786267356866915e+01
8.421213267356867505e+01
6.842359267356866326e+01
8.579098667356868191e+01
8.736984067356867456e+01
9.526411067356866624e+01
8.105442467356867553e+01
9.684296467356867311e+01
6.052932267356867158e+01
7.473900867356867650e+01
7.947557067356866867e+01
7.631786267356866915e+01
7.947557067356866867e+01
4.631963667356868086e+01
7.789671667356867601e+01
8.105442467356867553e+01
7.789671667356867601e+01
5.737161467356867917e+01
7.316015467356866964e+01
9.526411067356866624e+01
5.579276067356867941e+01
7.316015467356868385e+01
8.894869467356866721e+01
7.473900867356867650e+01
8.105442467356867553e+01
7.947557067356866867e+01
9.052754867356865986e+01
8.105442467356866132e+01
8.421213267356866083e+01
8.263327867356866818e+01
1.094737966735686712e+02
1.000006726735686584e+02
8.894869467356866721e+01
8.421213267356866083e+01
9.368525667356865938e+01
7.158130067356867698e+01
6.368703067356867109e+01
8.894869467356866721e+01
8.263327867356866818e+01
9.526411067356866624e+01
8.263327867356866818e+01
6.526588467356867795e+01
1.015795266735686653e+02
6.526588467356867795e+01
8.421213267356867505e+01
7.947557067356866867e+01
8.421213267356867505e+01
8.421213267356867505e+01
7.473900867356867650e+01
8.421213267356867505e+01
8.579098667356866770e+01
1.031583806735686721e+02
7.631786267356866915e+01
1.031583806735686721e+02
7.631786267356866915e+01
8.736984067356867456e+01
7.789671667356866180e+01
7.789671667356867601e+01
9.210640267356866673e+01
7.316015467356868385e+01
8.421213267356867505e+01
9.052754867356867408e+01
8.894869467356866721e+01
8.263327867356866818e+01
8.263327867356866818e+01
8.894869467356866721e+01
7.158130067356867698e+01
9.052754867356865986e+01
8.421213267356867505e+01
8.421213267356866083e+01
9.526411067356866624e+01
8.263327867356866818e+01
9.052754867356867408e+01
8.263327867356866818e+01
9.526411067356866624e+01
7.158130067356867698e+01
7.158130067356867698e+01
6.526588467356867795e+01
7.947557067356866867e+01
8.421213267356866083e+01
8.579098667356868191e+01
8.894869467356866721e+01
1.000006726735686584e+02
1.000006726735686726e+02
6.842359267356867747e+01
7.947557067356868288e+01
8.894869467356866721e+01
9.210640267356866673e+01
1.078949426735686785e+02
7.158130067356867698e+01
9.684296467356867311e+01
7.316015467356866964e+01
7.789671667356867601e+01
6.052932267356867158e+01
7.789671667356866180e+01
8.579098667356866770e+01
8.105442467356867553e+01
8.736984067356867456e+01
6.842359267356867747e+01
1.031583806735686721e+02
8.894869467356866721e+01
1.078949426735686643e+02
7.947557067356866867e+01
7.631786267356866915e+01
7.947557067356866867e+01
8.579098667356866770e+01
1.078949426735686643e+02
7.631786267356868336e+01
8.105442467356866132e+01
8.421213267356867505e+01
7.789671667356866180e+01
8.263327867356866818e+01
8.263327867356866818e+01
9.684296467356868732e+01
7.631786267356866915e+01
8.263327867356866818e+01
8.105442467356867553e+01
9.684296467356867311e+01
9.526411067356866624e+01
7.316015467356866964e+01
8.736984067356866035e+01
7.473900867356866229e+01
1.000006726735686584e+02
9.368525667356865938e+01
8.421213267356867505e+01
7.947557067356868288e+01
7.789671667356867601e+01
9.526411067356866624e+01
6.052932267356867158e+01
7.473900867356867650e+01
8.579098667356866770e+01
7.158130067356867698e+01
6.684473867356868482e+01
8.579098667356868191e+01
7.789671667356866180e+01
6.526588467356867795e+01
7.000244667356867012e+01
6.684473867356867061e+01
7.316015467356866964e+01
8.579098667356868191e+01
7.789671667356867601e+01
8.736984067356867456e+01
9.368525667356868780e+01
9.842181867356867997e+01
6.842359267356867747e+01
7.316015467356866964e+01
8.105442467356867553e+01
9.526411067356866624e+01
8.263327867356866818e+01
9.052754867356867408e+01
8.579098667356866770e+01
7.947557067356868288e+01
8.579098667356868191e+01
8.263327867356866818e+01
7.947557067356868288e+01
7.947557067356866867e+01
8.894869467356868142e+01
8.736984067356867456e+01
6.684473867356867061e+01
8.894869467356866721e+01
7.631786267356866915e+01
8.579098667356866770e+01
1.047372346735686790e+02
8.579098667356866770e+01
9.368525667356865938e+01
8.421213267356867505e+01
9.607252076993226808e+01
2.208019867699322845e+02
1.276496007699322632e+02
1.165976227699322862e+02
1.655420967699322716e+02
1.718575127699322991e+02
1.655420967699323000e+02
1.718575127699322707e+02
1.418592867699322824e+02
1.686998047699323138e+02
1.529112647699323020e+02
1.797517827699322766e+02
1.497535567699322598e+02
1.323861627699322696e+02
1.481747027699322814e+02
1.339650167699322765e+02
1.576478267699322657e+02
1.308073087699322627e+02
1.387015787699322686e+02
1.229130387699322711e+02
1.339650167699322765e+02
1.308073087699322627e+02
1.244918927699322779e+02
1.434381407699322608e+02
1.087033527699322804e+02
1.197553307699322858e+02
1.197553307699322716e+02
1.150187687699322794e+02
1.402804327699322755e+02
1.008090827699322887e+02
1.244918927699322779e+02
1.150187687699322794e+02
1.055456447699322950e+02
1.197553307699322716e+02
1.118610607699322799e+02
1.039667907699322740e+02
8.659939676993226954e+01
1.134399147699322867e+02
1.071244987699322877e+02
9.923022876993228181e+01
8.659939676993226954e+01
9.607252076993229650e+01
1.150187687699322794e+02
9.291481276993228278e+01
1.118610607699322799e+02
8.186283476993229158e+01
9.765137476993228915e+01
8.502054276993229109e+01
9.765137476993227494e+01
7.554741876993227834e+01
9.133595876993229012e+01
8.344168876993228423e+01
1.102822067699322872e+02
8.028398076993229893e+01
8.344168876993228423e+01
1.008090827699322887e+02
7.396856476993228569e+01
8.186283476993229158e+01
9.291481276993229699e+01
7.712627276993229941e+01
9.449366676993228964e+01
9.923022876993229602e+01
8.186283476993227737e+01
7.554741876993229255e+01
7.712627276993227099e+01
8.344168876993228423e+01
8.186283476993227737e+01
7.081085676993228617e+01
9.607252076993229650e+01
9.765137476993228915e+01
9.133595876993229012e+01
8.186283476993229158e+01
7.238971076993229303e+01
8.502054276993229109e+01
6.923200276993227931e+01
7.238971076993227882e+01
1.023879367699322955e+02
7.238971076993229303e+01
9.923022876993228181e+01
8.502054276993229109e+01
6.291658676993228738e+01
7.396856476993228569e+01
7.396856476993228569e+01
8.659939676993229796e+01
7.081085676993227196e+01
7.554741876993227834e+01
8.817825076993229061e+01
8.502054276993229109e+01
8.344168876993228423e+01
9.133595876993229012e+01
7.712627276993229941e+01
9.449366676993228964e+01
7.396856476993228569e+01
6.449544076993228714e+01
8.502054276993229109e+01
8.659939676993229796e+01
6.607429476993227979e+01
8.028398076993228472e+01
9.133595876993229012e+01
6.923200276993229352e+01
8.344168876993228423e+01
6.291658676993228028e+01
7.081085676993228617e+01
8.028398076993228472e+01
6.923200276993227931e+01
8.028398076993228472e+01
7.712627276993228520e+01
7.396856476993228569e+01
7.396856476993227147e+01
4.870690076993227535e+01
8.028398076993229893e+01
6.923200276993227931e+01
8.028398076993229893e+01
5.344346276993228173e+01
7.238971076993229303e+01
8.028398076993229893e+01
7.554741876993227834e+01
8.028398076993229893e+01
8.344168876993229844e+01
5.344346276993226752e+01
7.396856476993228569e+01
6.923200276993227931e+01
8.344168876993229844e+01
8.659939676993226954e+01
7.396856476993229990e+01
8.502054276993229109e+01
7.081085676993228617e+01
9.133595876993229012e+01
8.502054276993229109e+01
8.028398076993228472e+01
5.660117076993227414e+01
8.344168876993229844e+01
7.238971076993227882e+01
6.607429476993227979e+01
7.081085676993228617e+01
7.712627276993228520e+01
7.396856476993228569e+01
8.344168876993228423e+01
6.449544076993228714e+01
6.133773276993227341e+01
4.554919276993227584e+01
5.344346276993226752e+01
7.870512676993229206e+01
7.396856476993228569e+01
5.502231676993227438e+01
7.870512676993227785e+01
9.291481276993228278e+01
8.502054276993229109e+01
5.660117076993228125e+01
6.449544076993227293e+01
7.081085676993228617e+01
8.028398076993228472e+01
7.238971076993227882e+01
5.818002476993228100e+01
5.975887876993227366e+01
8.975710476993229747e+01
6.765314876993228665e+01
8.817825076993229061e+01
7.396856476993227147e+01
8.344168876993228423e+01
6.923200276993229352e+01
8.344168876993227002e+01
6.133773276993228052e+01
8.186283476993229158e+01
7.712627276993227099e+01
1.134399147699322867e+02
8.817825076993229061e+01
8.186283476993229158e+01
6.449544076993228714e+01
8.186283476993229158e+01
8.817825076993227640e+01
8.344168876993229844e+01
7.554741876993229255e+01
8.344168876993228423e+01
8.975710476993229747e+01
1.008090827699322887e+02
5.818002476993227390e+01
5.818002476993228100e+01
7.238971076993227882e+01
8.028398076993228472e+01
7.396856476993228569e+01
7.238971076993227882e+01
8.028398076993228472e+01
8.344168876993228423e+01
8.659939676993226954e+01
6.133773276993227341e+01
7.081085676993228617e+01
5.502231676993228149e+01
8.502054276993229109e+01
9.133595876993229012e+01
5.975887876993227366e+01
6.765314876993227244e+01
6.765314876993228665e+01
8.502054276993229109e+01
7.081085676993228617e+01
7.554741876993229255e+01
8.659939676993228375e+01
7.396856476993227147e+01
7.238971076993227882e+01
7.081085676993228617e+01
9.133595876993229012e+01
6.765314876993228665e+01
8.028398076993228472e+01
6.133773276993228052e+01
8.028398076993228472e+01
7.712627276993228520e+01
7.712627276993228520e+01
8.186283476993229158e+01
6.449544076993228714e+01
8.502054276993229109e+01
7.396856476993229990e+01
7.712627276993228520e+01
8.975710476993229747e+01
7.081085676993228617e+01
8.975710476993228326e+01
6.449544076993228714e+01
8.028398076993228472e+01
6.607429476993227979e+01
7.870512676993229206e+01
1.023879367699322955e+02
9.765137476993228915e+01
6.923200276993227931e+01
6.449544076993227293e+01
6.133773276993228052e+01
7.870512676993229206e+01
8.028398076993229893e+01
5.660117076993226704e+01
8.502054276993229109e+01
8.028398076993228472e+01
7.081085676993227196e+01
8.502054276993229109e+01
7.396856476993228569e+01
9.449366676993228964e+01
8.817825076993229061e+01
9.133595876993229012e+01
7.238971076993227882e+01
7.870512676993229206e+01
7.081085676993230038e+01
8.817825076993229061e+01
9.449366676993228964e+01
8.344168876993228423e+01
8.975710476993229747e+01
8.028398076993228472e+01
8.344168876993229844e+01
8.817825076993229061e+01
8.186283476993229158e+01
1.023879367699322813e+02
6.607429476993226558e+01
1.008090827699322887e+02
6.133773276993228762e+01
8.186283476993229158e+01
8.344168876993228423e+01
7.396856476993229990e+01
8.975710476993228326e+01
6.765314876993230087e+01
6.449544076993228714e+01
7.238971076993229303e+01
6.765314876993227244e+01
8.028398076993229893e+01
6.923200276993227931e+01
9.923022876993228181e+01
6.923200276993229352e+01
9.291481276993228278e+01
8.344168876993229844e+01
8.028398076993228472e+01
8.186283476993229158e+01
7.870512676993229206e+01
8.344168876993228423e+01
8.186283476993229158e+01
6.133773276993227341e+01
6.291658676993228028e+01
8.344168876993229844e+01
6.923200276993229352e+01
7.712627276993228520e+01
7.554741876993227834e+01
9.133595876993229012e+01
6.765314876993230087e+01
8.344168876993228423e+01
8.186283476993229158e+01
6.607429476993229400e+01
7.396856476993228569e+01
5.660117076993228125e+01
8.659939676993228375e+01
8.659939676993229796e+01
6.765314876993227244e+01
8.659939676993228375e+01
6.607429476993226558e+01
9.449366676993228964e+01
8.659939676993229796e+01
7.712627276993228520e+01
8.817825076993229061e+01
9.765137476993228915e+01
7.712627276993228520e+01
7.870512676993229206e+01
7.870512676993229206e+01
9.607252076993229650e+01
7.396856476993229990e+01
8.344168876993228423e+01
7.870512676993229206e+01
6.765314876993230087e+01
8.344168876993228423e+01
9.449366676993228964e+01
8.028398076993229893e+01
8.502054276993229109e+01
7.396856476993228569e+01
8.975710476993228326e+01
6.923200276993227931e+01
6.923200276993227931e+01
8.186283476993229158e+01
7.712627276993228520e+01
7.712627276993228520e+01
7.870512676993229206e+01
8.817825076993229061e+01
7.554741876993227834e+01
6.449544076993227293e+01
8.659939676993228375e+01
7.870512676993229206e+01
8.028398076993228472e+01
8.186283476993229158e+01
8.502054276993229109e+01
8.502054276993229109e+01
7.870512676993229206e+01
8.975710476993228326e+01
7.712627276993228520e+01
8.502054276993229109e+01
8.028398076993228472e+01
8.817825076993229061e+01
6.449544076993227293e+01
6.449544076993228714e+01
6.607429476993227979e+01
7.396856476993228569e+01
8.186283476993227737e+01
5.502231676993227438e+01
6.765314876993228665e+01
8.975710476993228326e+01
7.554741876993227834e+01
7.396856476993229990e+01
8.344168876993229844e+01
8.028398076993228472e+01
6.765314876993228665e+01
8.975710476993229747e+01
5.660117076993229546e+01
8.502054276993229109e+01
8.028398076993228472e+01
7.554741876993229255e+01
9.607252076993228229e+01
1.008090827699322887e+02
7.870512676993229206e+01
8.186283476993229158e+01
9.133595876993229012e+01
7.081085676993228617e+01
9.133595876993229012e+01
8.817825076993229061e+01
7.238971076993229303e+01
7.554741876993227834e+01
7.081085676993228617e+01
5.818002476993226679e+01
8.344168876993228423e+01
8.502054276993229109e+01
6.923200276993227931e+01
8.186283476993227737e+01
7.396856476993227147e+01
6.133773276993228052e+01
9.133595876993229012e+01
7.238971076993229303e+01
5.975887876993227366e+01
9.923022876993228181e+01
6.607429476993227979e+01
8.817825076993229061e+01
9.133595876993229012e+01
7.081085676993227196e+01
6.133773276993228052e+01
8.028398076993229893e+01
8.186283476993229158e+01
6.291658676993226607e+01
8.659939676993228375e+01
7.870512676993227785e+01
7.712627276993228520e+01
6.607429476993229400e+01
9.133595876993229012e+01
8.659939676993228375e+01
8.659939676993228375e+01
8.659939676993228375e+01
8.186283476993229158e+01
7.870512676993227785e+01
9.449366676993228964e+01
8.502054276993229109e+01
8.817825076993227640e+01
7.870512676993229206e+01
7.238971076993229303e+01
8.028398076993228472e+01
7.870512676993227785e+01
5.818002476993227390e+01
8.344168876993228423e+01
8.028398076993228472e+01
9.291481276993229699e+01
7.238971076993227882e+01
8.186283476993229158e+01
8.502054276993229109e+01
8.028398076993228472e+01
8.975710476993228326e+01
8.028398076993229893e+01
1.008090827699322887e+02
6.291658676993228028e+01
6.291658676993227317e+01
8.975710476993229747e+01
8.502054276993229109e+01
6.291658676993227317e+01
8.186283476993227737e+01
8.975710476993228326e+01
7.554741876993227834e+01
9.449366676993228964e+01
8.975710476993228326e+01
1.039667907699322882e+02
8.502054276993229109e+01
9.291481276993228278e+01
7.712627276993227099e+01
6.291658676993228028e+01
9.133595876993229012e+01
8.028398076993228472e+01
7.712627276993228520e+01
8.344168876993228423e+01
7.396856476993229990e+01
9.607252076993228229e+01
7.554741876993227834e+01
9.291481276993229699e+01
7.554741876993227834e+01
8.028398076993229893e+01
7.238971076993229303e+01
8.659939676993229796e+01
7.238971076993229303e+01
5.502231676993228859e+01
8.344168876993227002e+01
8.028398076993228472e+01
7.870512676993229206e+01
8.186283476993227737e+01
8.975710476993229747e+01
7.870512676993229206e+01
7.396856476993229990e+01
8.186283476993227737e+01
8.975710476993228326e+01
8.028398076993228472e+01
8.502054276993227688e+01
9.765137476993228915e+01
7.396856476993227147e+01
8.659939676993228375e+01
8.028398076993228472e+01
7.396856476993228569e+01
8.186283476993229158e+01
7.238971076993227882e+01
8.186283476993229158e+01
7.238971076993227882e+01
7.396856476993229990e+01
7.870512676993227785e+01
7.554741876993227834e+01
6.923200276993227931e+01
6.133773276993227341e+01
6.449544076993227293e+01
7.712627276993228520e+01
6.607429476993227979e+01
7.554741876993229255e+01
7.396856476993229990e+01
8.659939676993226954e+01
8.186283476993227737e+01
6.291658676993227317e+01
7.238971076993227882e+01
8.186283476993229158e+01
8.659939676993228375e+01
7.712627276993229941e+01
8.028398076993228472e+01
7.396856476993228569e+01
7.238971076993229303e+01
6.765314876993228665e+01
9.133595876993229012e+01
7.081085676993228617e+01
6.607429476993226558e+01
6.449544076993227293e+01
7.396856476993228569e+01
8.344168876993227002e+01
6.291658676993227317e+01
8.028398076993228472e+01
6.291658676993228028e+01
7.712627276993227099e+01
7.238971076993226461e+01
7.238971076993229303e+01
8.344168876993228423e+01
7.870512676993229206e+01
7.396856476993228569e+01
7.554741876993227834e+01
6.607429476993227979e+01
7.081085676993227196e+01
8.186283476993227737e+01
7.870512676993229206e+01
6.765314876993227244e+01
7.870512676993229206e+01
6.923200276993227931e+01
8.344168876993228423e+01
7.081085676993228617e+01
8.186283476993229158e+01
6.765314876993227244e+01
5.502231676993227438e+01
7.081085676993228617e+01
6.923200276993227931e+01
8.659939676993228375e+01
5.975887876993226655e+01
6.607429476993227979e+01
7.712627276993228520e+01
5.344346276993226752e+01
7.396856476993227147e+01
4.870690076993227535e+01
6.291658676993227317e+01
6.133773276993226631e+01
8.975710476993229747e+01
7.081085676993228617e+01
7.870512676993227785e+01
7.396856476993227147e+01
5.975887876993228076e+01
8.659939676993229796e+01
7.554741876993229255e+01
9.923022876993228181e+01
7.712627276993228520e+01
8.344168876993228423e+01
7.081085676993228617e+01
6.607429476993227979e+01
8.817825076993229061e+01
7.712627276993229941e+01
9.133595876993229012e+01
8.186283476993229158e+01
9.607252076993228229e+01
8.659939676993229796e+01
7.554741876993227834e+01
1.008090827699322887e+02
7.554741876993227834e+01
5.975887876993227366e+01
5.975887876993228076e+01
7.712627276993228520e+01
8.502054276993229109e+01
6.765314876993227244e+01
7.554741876993227834e+01
8.186283476993227737e+01
6.923200276993227931e+01
6.765314876993227244e+01
8.028398076993229893e+01
7.238971076993229303e+01
6.449544076993228714e+01
8.344168876993228423e+01
8.817825076993229061e+01
6.765314876993228665e+01
7.712627276993228520e+01
7.396856476993228569e+01
6.133773276993228052e+01
8.659939676993229796e+01
7.712627276993228520e+01
8.344168876993229844e+01
9.607252076993228229e+01
7.396856476993228569e+01
6.765314876993228665e+01
6.607429476993229400e+01
9.291481276993226857e+01
6.607429476993227979e+01
9.449366676993228964e+01
8.344168876993229844e+01
9.133595876993227591e+01
1.055456447699322808e+02
8.502054276993229109e+01
7.396856476993228569e+01
7.238971076993229303e+01
8.817825076993229061e+01
8.817825076993229061e+01
9.765137476993228915e+01
8.817825076993229061e+01
8.186283476993229158e+01
7.712627276993229941e+01
6.449544076993228714e+01
8.186283476993227737e+01
7.081085676993228617e+01
1.023879367699322955e+02
7.554741876993227834e+01
8.344168876993228423e+01
8.186283476993227737e+01
8.028398076993229893e+01
9.133595876993229012e+01
8.028398076993228472e+01
8.817825076993229061e+01
8.975710476993228326e+01
7.870512676993229206e+01
8.659939676993228375e+01
8.975710476993229747e+01
8.817825076993229061e+01
6.765314876993227244e+01
7.081085676993227196e+01
8.659939676993228375e+01
7.396856476993228569e+01
7.712627276993227099e+01
8.502054276993229109e+01
8.817825076993229061e+01
6.923200276993227931e+01
8.502054276993229109e+01
8.186283476993229158e+01
7.712627276993229941e+01
6.765314876993227244e+01
8.659939676993228375e+01
7.554741876993227834e+01
6.765314876993228665e+01
7.238971076993227882e+01
6.449544076993228714e+01
9.133595876993229012e+01
7.870512676993227785e+01
9.133595876993229012e+01
7.554741876993227834e+01
8.344168876993228423e+01
7.870512676993229206e+01
7.554741876993229255e+01
8.344168876993229844e+01
7.081085676993227196e+01
7.554741876993229255e+01
7.870512676993227785e+01
7.712627276993228520e+01
7.081085676993230038e+01
7.396856476993227147e+01
8.028398076993229893e+01
8.817825076993227640e+01
6.449544076993228714e+01
9.607252076993229650e+01
7.238971076993227882e+01
8.028398076993228472e+01
6.291658676993227317e+01
7.554741876993229255e+01
7.396856476993228569e+01
8.817825076993229061e+01
9.923022876993229602e+01
6.133773276993228052e+01
6.923200276993227931e+01
6.607429476993229400e+01
6.923200276993226510e+01
9.133595876993229012e+01
7.238971076993229303e+01
8.186283476993229158e+01
9.449366676993228964e+01
7.870512676993229206e+01
6.133773276993228762e+01
9.765137476993228915e+01
8.186283476993229158e+01
9.449366676993228964e+01
8.975710476993229747e+01
8.186283476993229158e+01
9.449366676993228964e+01
4.870690076993227535e+01
7.238971076993227882e+01
8.975710476993228326e+01
8.659939676993229796e+01
7.554741876993227834e+01
9.607252076993229650e+01
8.186283476993229158e+01
7.238971076993229303e+01
8.344168876993228423e+01
6.607429476993227979e+01
8.659939676993228375e+01
6.765314876993228665e+01
8.344168876993229844e+01
6.607429476993226558e+01
5.660117076993228125e+01
7.712627276993228520e+01
9.607252076993229650e+01
7.238971076993227882e+01
8.028398076993229893e+01
1.039667907699322882e+02
5.502231676993226728e+01
7.712627276993229941e+01
7.870512676993227785e+01
1.008090827699322887e+02
7.870512676993227785e+01
5.660117076993227414e+01
8.659939676993229796e+01
7.238971076993229303e+01
7.396856476993228569e+01
5.818002476993227390e+01
5.502231676993227438e+01
7.081085676993228617e+01
6.291658676993227317e+01
5.660117076993227414e+01
5.028575476993227511e+01
6.291658676993228028e+01
6.449544076993228714e+01
8.817825076993229061e+01
6.449544076993228714e+01
8.028398076993229893e+01
7.870512676993229206e+01
5.028575476993229643e+01
9.133595876993229012e+01
5.660117076993226704e+01
8.975710476993228326e+01
8.186283476993229158e+01
9.449366676993228964e+01
9.133595876993229012e+01
7.396856476993229990e+01
8.975710476993228326e+01
7.238971076993229303e+01
7.396856476993228569e+01
8.186283476993229158e+01
6.765314876993228665e+01
7.554741876993227834e+01
7.712627276993229941e+01
8.186283476993227737e+01
9.291481276993229699e+01
9.607252076993228229e+01
6.765314876993228665e+01
9.133595876993229012e+01
7.712627276993228520e+01
8.344168876993229844e+01
1.023879367699322955e+02
8.186283476993229158e+01
8.502054276993229109e+01
7.712627276993228520e+01
8.659939676993229796e+01
9.291481276993228278e+01
6.765314876993230087e+01
9.923022876993229602e+01
8.817825076993229061e+01
7.554741876993227834e+01
9.133595876993229012e+01
8.502054276993229109e+01
7.081085676993230038e+01
6.765314876993230087e+01
7.870512676993229206e+01
7.238971076993227882e+01
7.712627276993228520e+01
8.186283476993227737e+01
8.659939676993229796e+01
6.607429476993226558e+01
7.081085676993228617e+01
7.396856476993229990e+01
8.028398076993229893e+01
9.765137476993228915e+01
8.028398076993228472e+01
1.023879367699322813e+02
6.291658676993227317e+01
7.554741876993227834e+01
8.186283476993227737e+01
1.008090827699322887e+02
8.186283476993229158e+01
9.765137476993228915e+01
8.028398076993228472e+01
7.712627276993228520e+01
6.923200276993227931e+01
7.712627276993228520e+01
7.870512676993229206e+01
7.554741876993227834e+01
8.028398076993228472e+01
8.344168876993229844e+01
7.396856476993229990e+01
8.817825076993229061e+01
9.291481276993229699e+01
1.055456447699322808e+02
8.344168876993228423e+01
6.765314876993227244e+01
8.659939676993228375e+01
7.870512676993229206e+01
7.396856476993227147e+01
8.659939676993228375e+01
8.502054276993229109e+01
7.712627276993229941e+01
7.712627276993229941e+01
7.238971076993227882e+01
7.396856476993228569e+01
8.975710476993228326e+01
7.554741876993227834e+01
7.554741876993229255e+01
1.023879367699322813e+02
7.396856476993228569e+01
8.975710476993226905e+01
7.238971076993229303e+01
8.659939676993229796e+01
6.923200276993227931e+01
6.607429476993229400e+01
8.028398076993228472e+01
7.712627276993228520e+01
7.712627276993228520e+01
9.291481276993228278e+01
7.396856476993228569e+01
6.923200276993229352e+01
8.028398076993229893e+01
6.607429476993227979e+01
8.344168876993228423e+01
4.397033876993228318e+01
7.712627276993228520e+01
8.186283476993227737e+01
9.133595876993229012e+01
7.554741876993227834e+01
7.870512676993229206e+01
7.396856476993227147e+01
6.291658676993226607e+01
8.028398076993229893e+01
8.186283476993229158e+01
7.712627276993228520e+01
6.291658676993227317e+01
7.554741876993227834e+01
7.396856476993229990e+01
8.186283476993229158e+01
9.765137476993227494e+01
8.186283476993227737e+01
6.133773276993228762e+01
7.712627276993228520e+01
8.659939676993228375e+01
6.923200276993227931e+01
9.607252076993229650e+01
7.396856476993228569e+01
7.554741876993227834e+01
8.344168876993227002e+01
7.554741876993227834e+01
5.028575476993227511e+01
7.554741876993229255e+01
4.712804676993227559e+01
7.554741876993227834e+01
7.396856476993228569e+01
8.186283476993229158e+01
5.660117076993227414e+01
6.923200276993227931e+01
7.081085676993228617e+01
9.449366676993228964e+01
6.607429476993227979e+01
5.186460876993228197e+01
8.817825076993229061e+01
8.186283476993229158e+01
7.554741876993227834e+01
8.975710476993228326e+01
8.975710476993228326e+01
5.660117076993227414e+01
7.238971076993227882e+01
7.238971076993229303e+01
7.238971076993227882e+01
8.028398076993229893e+01
8.344168876993228423e+01
8.028398076993228472e+01
8.659939676993229796e+01
9.923022876993228181e+01
9.133595876993229012e+01
9.133595876993229012e+01
8.659939676993228375e+01
6.449544076993227293e+01
7.396856476993227147e+01
8.659939676993228375e+01
5.660117076993227414e+01
1.055456447699322950e+02
7.712627276993227099e+01
8.344168876993229844e+01
8.817825076993229061e+01
6.923200276993229352e+01
8.975710476993228326e+01
8.344168876993228423e+01
7.554741876993227834e+01
8.659939676993228375e+01
7.870512676993229206e+01
7.396856476993229990e+01
8.186283476993229158e+01
7.712627276993227099e+01
7.396856476993229990e+01
7.870512676993229206e+01
7.396856476993228569e+01
7.554741876993227834e+01
7.396856476993228569e+01
7.712627276993227099e+01
6.607429476993227979e+01
6.923200276993229352e+01
8.186283476993229158e+01
7.238971076993229303e+01
5.660117076993227414e+01
7.238971076993227882e+01
8.186283476993229158e+01
7.870512676993227785e+01
7.396856476993227147e+01
7.870512676993229206e+01
7.238971076993229303e+01
7.712627276993228520e+01
6.765314876993227244e+01
8.975710476993228326e+01
7.396856476993228569e+01
8.659939676993229796e+01
6.923200276993227931e+01
6.449544076993228714e+01
8.975710476993229747e+01
6.291658676993228028e+01
6.765314876993228665e+01
7.870512676993229206e+01
8.817825076993229061e+01
7.870512676993227785e+01
8.975710476993228326e+01
9.607252076993228229e+01
7.870512676993227785e+01
7.396856476993228569e+01
6.133773276993227341e+01
8.659939676993228375e+01
9.923022876993228181e+01
9.923022876993229602e+01
6.923200276993229352e+01
9.133595876993229012e+01
9.133595876993229012e+01
8.028398076993227050e+01
8.502054276993229109e+01
7.712627276993228520e+01
9.449366676993228964e+01
8.817825076993229061e+01
7.870512676993229206e+01
8.344168876993228423e+01
8.817825076993229061e+01
9.291481276993228278e+01
8.817825076993229061e+01
6.291658676993229449e+01
8.028398076993228472e+01
6.765314876993228665e+01
6.765314876993227244e+01
9.607252076993229650e+01
8.817825076993229061e+01
7.396856476993227147e+01
8.028398076993229893e+01
8.344168876993229844e+01
7.554741876993227834e+01
8.344168876993228423e+01
6.607429476993226558e+01
8.502054276993229109e+01
9.449366676993228964e+01
6.607429476993227979e+01
6.765314876993227244e+01
1.055456447699322808e+02
8.344168876993227002e+01
7.870512676993227785e+01
9.133595876993229012e+01
6.449544076993228714e+01
8.186283476993229158e+01
8.028398076993228472e+01
8.344168876993228423e+01
7.554741876993227834e+01
9.291481276993228278e+01
8.028398076993228472e+01
7.238971076993227882e+01
7.081085676993228617e+01
9.133595876993229012e+01
9.133595876993229012e+01
8.659939676993228375e+01
8.659939676993229796e+01
1.008090827699322745e+02
6.607429476993227979e+01
7.870512676993229206e+01
7.554741876993227834e+01
6.765314876993228665e+01
6.449544076993228714e+01
8.028398076993227050e+01
7.238971076993227882e+01
9.449366676993227543e+01
8.659939676993228375e+01
9.291481276993229699e+01
8.975710476993229747e+01
8.028398076993229893e+01
8.975710476993228326e+01
7.554741876993227834e+01
8.344168876993228423e+01
7.712627276993229941e+01
6.291658676993227317e+01
8.975710476993229747e+01
7.870512676993229206e+01
5.818002476993228811e+01
7.238971076993227882e+01
8.502054276993229109e+01
8.028398076993228472e+01
8.028398076993228472e+01
7.081085676993228617e+01
7.712627276993228520e+01
8.028398076993229893e+01
8.817825076993229061e+01
8.659939676993228375e+01
8.502054276993229109e+01
7.238971076993229303e+01
8.502054276993229109e+01
9.291481276993229699e+01
6.765314876993228665e+01
8.502054276993229109e+01
7.554741876993229255e+01
5.344346276993228173e+01
7.081085676993228617e+01
8.344168876993229844e+01
6.923200276993229352e+01
7.396856476993228569e+01
8.502054276993229109e+01
8.028398076993229893e+01
9.607252076993229650e+01
8.028398076993229893e+01
6.923200276993227931e+01
5.818002476993229521e+01
7.396856476993228569e+01
8.502054276993229109e+01
9.449366676993228964e+01
8.186283476993229158e+01
7.238971076993227882e+01
8.186283476993227737e+01
7.554741876993227834e+01
7.870512676993229206e+01
8.344168876993229844e+01
6.923200276993229352e+01
8.028398076993228472e+01
8.659939676993228375e+01
5.975887876993228076e+01
9.449366676993228964e+01
6.923200276993227931e+01
6.291658676993228738e+01
7.238971076993227882e+01
8.817825076993227640e+01
9.291481276993229699e+01
8.817825076993229061e+01
6.765314876993227244e+01
8.817825076993229061e+01
7.396856476993228569e+01
7.870512676993229206e+01
7.238971076993229303e+01
7.396856476993228569e+01
9.449366676993228964e+01
9.449366676993228964e+01
8.502054276993229109e+01
8.344168876993228423e+01
7.396856476993227147e+01
8.817825076993229061e+01
7.554741876993227834e+01
1.055456447699322808e+02
7.712627276993228520e+01
9.133595876993229012e+01
8.659939676993229796e+01
7.396856476993227147e+01
8.659939676993228375e+01
9.765137476993228915e+01
9.133595876993229012e+01
8.344168876993229844e+01
7.238971076993227882e+01
5.975887876993228787e+01
6.923200276993227931e+01
5.660117076993228125e+01
8.502054276993229109e+01
7.554741876993227834e+01
9.449366676993228964e+01
8.028398076993229893e+01
7.554741876993227834e+01
8.502054276993229109e+01
8.817825076993229061e+01
7.870512676993229206e+01
8.028398076993228472e+01
7.554741876993227834e+01
7.081085676993228617e+01
7.712627276993228520e+01
9.765137476993228915e+01
1.023879367699322955e+02
8.186283476993229158e+01
9.449366676993228964e+01
7.870512676993227785e+01
7.396856476993228569e+01
8.028398076993228472e+01
6.291658676993227317e+01
8.817825076993229061e+01
7.554741876993227834e+01
6.765314876993227244e+01
8.975710476993229747e+01
9.291481276993229699e+01
8.028398076993228472e+01
6.607429476993226558e+01
8.186283476993229158e+01
7.554741876993227834e+01
7.870512676993229206e+01
6.765314876993227244e+01
5.975887876993228076e+01
7.712627276993227099e+01
6.923200276993227931e+01
8.344168876993228423e+01
7.870512676993229206e+01
6.291658676993227317e+01
7.081085676993228617e+01
5.975887876993228076e+01
6.449544076993228714e+01
4.397033876993228318e+01
8.344168876993228423e+01
7.396856476993228569e+01
5.818002476993227390e+01
7.554741876993227834e+01
7.554741876993229255e+01
7.396856476993228569e+01
5.344346276993227463e+01
5.502231676993226728e+01
8.817825076993229061e+01
6.291658676993228738e+01
6.449544076993227293e+01
6.449544076993227293e+01
7.081085676993227196e+01
6.449544076993228714e+01
6.923200276993227931e+01
7.238971076993227882e+01
6.449544076993228714e+01
7.081085676993228617e+01
8.028398076993229893e+01
7.238971076993227882e+01
9.449366676993228964e+01
8.502054276993229109e+01
7.396856476993228569e+01
7.870512676993229206e+01
7.396856476993229990e+01
8.186283476993229158e+01
6.291658676993228028e+01
8.817825076993229061e+01
5.502231676993227438e+01
7.238971076993229303e+01
7.396856476993228569e+01
7.554741876993227834e+01
8.186283476993229158e+01
6.607429476993227979e+01
6.449544076993228714e+01
6.133773276993227341e+01
5.660117076993227414e+01
5.818002476993228100e+01
9.765137476993228915e+01
7.712627276993228520e+01
6.607429476993227979e+01
8.659939676993228375e+01
7.870512676993227785e+01
8.659939676993228375e+01
8.028398076993227050e+01
8.975710476993229747e+01
7.712627276993227099e+01
7.870512676993229206e+01
6.923200276993227931e+01
7.712627276993228520e+01
9.607252076993228229e+01
8.186283476993229158e+01
7.396856476993228569e+01
7.870512676993227785e+01
7.554741876993229255e+01
8.502054276993229109e+01
7.870512676993229206e+01
6.607429476993226558e+01
7.081085676993227196e+01
8.028398076993228472e+01
8.028398076993229893e+01
7.396856476993229990e+01
7.238971076993227882e+01
9.765137476993228915e+01
6.923200276993227931e+01
8.186283476993227737e+01
8.028398076993228472e+01
8.028398076993228472e+01
8.502054276993229109e+01
7.081085676993227196e+01
6.449544076993227293e+01
6.133773276993227341e+01
5.028575476993227511e+01
6.923200276993227931e+01
6.765314876993227244e+01
7.554741876993227834e+01
7.712627276993228520e+01
7.396856476993227147e+01
8.028398076993228472e+01
6.923200276993227931e+01
6.765314876993227244e+01
6.923200276993227931e+01
8.659939676993229796e+01
7.238971076993229303e+01
6.449544076993227293e+01
7.870512676993229206e+01
6.291658676993228028e+01
9.923022876993229602e+01
7.870512676993229206e+01
1.023879367699322813e+02
7.870512676993227785e+01
5.186460876993228197e+01
7.712627276993227099e+01
6.765314876993227244e+01
8.344168876993228423e+01
7.554741876993229255e+01
7.554741876993229255e+01
7.712627276993228520e+01
7.081085676993228617e+01
9.449366676993228964e+01
9.765137476993228915e+01
1.087033527699322804e+02
8.975710476993229747e+01
7.081085676993227196e+01
8.502054276993227688e+01
8.344168876993228423e+01
8.344168876993228423e+01
8.975710476993228326e+01
9.923022876993228181e+01
1.023879367699322955e+02
7.712627276993228520e+01
6.291658676993227317e+01
8.659939676993229796e+01
7.081085676993228617e+01
8.186283476993229158e+01
7.081085676993227196e+01
9.923022876993228181e+01
7.870512676993229206e+01
7.554741876993229255e+01
9.291481276993229699e+01
8.186283476993229158e+01
8.659939676993229796e+01
8.502054276993229109e+01
8.186283476993229158e+01
7.554741876993229255e+01
9.607252076993228229e+01
6.607429476993227979e+01
7.712627276993229941e+01
7.870512676993229206e+01
7.238971076993227882e+01
7.554741876993229255e+01
7.396856476993228569e+01
7.081085676993227196e+01
9.923022876993228181e+01
9.765137476993228915e+01
9.449366676993228964e+01
8.659939676993229796e+01
8.659939676993229796e+01
8.817825076993229061e+01
8.975710476993228326e+01
9.291481276993229699e+01
7.081085676993228617e+01
7.870512676993229206e+01
8.817825076993229061e+01
9.765137476993227494e+01
9.923022876993229602e+01
7.554741876993227834e+01
8.502054276993229109e+01
9.291481276993229699e+01
8.817825076993229061e+01
9.765137476993228915e+01
8.817825076993229061e+01
1.071244987699322877e+02
7.081085676993228617e+01
8.502054276993229109e+01
7.712627276993228520e+01
8.817825076993229061e+01
6.133773276993227341e+01
9.607252076993229650e+01
8.186283476993229158e+01
9.291481276993229699e+01
6.607429476993227979e+01
8.502054276993229109e+01
9.133595876993227591e+01
8.975710476993229747e+01
9.449366676993228964e+01
9.923022876993229602e+01
7.396856476993228569e+01
8.028398076993228472e+01
9.133595876993229012e+01
7.554741876993227834e+01
8.344168876993228423e+01
9.765137476993228915e+01
8.186283476993229158e+01
8.975710476993229747e+01
8.817825076993229061e+01
9.923022876993228181e+01
9.291481276993229699e+01
9.133595876993229012e+01
8.186283476993229158e+01
8.186283476993229158e+01
9.923022876993229602e+01
8.186283476993229158e+01
8.502054276993229109e+01
9.765137476993228915e+01
8.817825076993229061e+01
8.502054276993229109e+01
7.870512676993229206e+01
9.133595876993229012e+01
9.449366676993228964e+01
8.186283476993229158e+01
6.765314876993228665e+01
8.975710476993228326e+01
8.502054276993229109e+01
9.133595876993229012e+01
9.291481276993228278e+01
7.396856476993227147e+01
7.238971076993229303e+01
1.023879367699322813e+02
8.344168876993228423e+01
8.502054276993227688e+01
6.291658676993228028e+01
8.817825076993229061e+01
8.028398076993229893e+01
7.554741876993227834e+01
7.396856476993227147e+01
9.607252076993228229e+01
6.133773276993228762e+01
7.238971076993229303e+01
9.607252076993229650e+01
9.291481276993228278e+01
9.765137476993228915e+01
7.554741876993227834e+01
7.554741876993229255e+01
8.028398076993228472e+01
7.238971076993229303e+01
8.186283476993227737e+01
9.923022876993229602e+01
9.449366676993228964e+01
5.186460876993228197e+01
8.186283476993229158e+01
6.291658676993227317e+01
7.712627276993228520e+01
5.818002476993228100e+01
1.008090827699322887e+02
9.607252076993229650e+01
8.502054276993227688e+01
6.449544076993228714e+01
9.607252076993229650e+01
8.344168876993229844e+01
7.870512676993229206e+01
8.344168876993228423e+01
7.238971076993229303e+01
7.238971076993229303e+01
8.659939676993226954e+01
6.449544076993227293e+01
6.449544076993228714e+01
6.133773276993227341e+01
6.607429476993226558e+01
6.291658676993226607e+01
6.765314876993227244e+01
7.081085676993228617e+01
8.028398076993228472e+01
7.081085676993227196e+01
7.554741876993227834e+01
8.186283476993229158e+01
6.133773276993227341e+01
6.607429476993227979e+01
7.712627276993228520e+01
7.081085676993228617e+01
5.502231676993226728e+01
6.923200276993227931e+01
5.975887876993227366e+01
7.554741876993227834e+01
7.712627276993228520e+01
5.344346276993227463e+01
7.238971076993227882e+01
8.186283476993229158e+01
8.817825076993229061e+01
8.028398076993228472e+01
6.923200276993226510e+01
6.765314876993227244e+01
7.554741876993229255e+01
8.028398076993229893e+01
6.923200276993227931e+01
6.607429476993227979e+01
7.554741876993227834e+01
7.396856476993227147e+01
8.817825076993229061e+01
8.028398076993228472e+01
8.344168876993229844e+01
8.186283476993229158e+01
6.923200276993227931e+01
6.765314876993227244e+01
8.659939676993228375e+01
8.344168876993228423e+01
8.659939676993228375e+01
9.765137476993228915e+01
6.765314876993228665e+01
8.344168876993229844e+01
6.923200276993229352e+01
6.923200276993227931e+01
7.238971076993227882e+01
9.449366676993228964e+01
8.344168876993229844e+01
7.238971076993229303e+01
8.028398076993229893e+01
8.028398076993228472e+01
8.028398076993228472e+01
8.659939676993229796e+01
1.039667907699322882e+02
8.817825076993229061e+01
8.186283476993227737e+01
8.502054276993229109e+01
6.765314876993227244e+01
8.186283476993229158e+01
6.923200276993227931e+01
9.291481276993229699e+01
7.712627276993227099e+01
8.186283476993227737e+01
9.607252076993229650e+01
6.291658676993227317e+01
8.659939676993229796e+01
7.554741876993229255e+01
9.133595876993229012e+01
7.238971076993229303e+01
8.817825076993227640e+01
7.396856476993229990e+01
9.449366676993228964e+01
7.396856476993228569e+01
7.870512676993229206e+01
8.186283476993229158e+01
8.659939676993228375e+01
8.502054276993229109e+01
8.817825076993229061e+01
7.870512676993227785e+01
8.186283476993227737e+01
6.607429476993227979e+01
8.028398076993229893e+01
6.291658676993227317e+01
7.238971076993227882e+01
6.765314876993228665e+01
7.238971076993229303e+01
6.765314876993228665e+01
8.659939676993226954e+01
6.923200276993229352e+01
8.502054276993229109e+01
8.344168876993228423e+01
7.081085676993227196e+01
7.081085676993228617e+01
9.133595876993229012e+01
8.344168876993227002e+01
5.975887876993227366e+01
7.712627276993228520e+01
6.765314876993227244e+01
8.344168876993228423e+01
8.344168876993228423e+01
7.870512676993229206e+01
8.975710476993229747e+01
8.028398076993229893e+01
6.923200276993227931e+01
8.659939676993228375e+01
8.659939676993228375e+01
9.133595876993229012e+01
5.818002476993227390e+01
7.396856476993229990e+01
8.975710476993229747e+01
5.975887876993227366e+01
8.344168876993229844e+01
8.659939676993228375e+01
7.870512676993229206e+01
7.870512676993229206e+01
8.344168876993228423e+01
8.502054276993229109e+01
8.344168876993228423e+01
8.502054276993229109e+01
9.291481276993229699e+01
6.133773276993227341e+01
6.923200276993227931e+01
8.028398076993228472e+01
5.502231676993228149e+01
7.238971076993227882e+01
7.081085676993228617e+01
7.396856476993227147e+01
8.344168876993228423e+01
8.028398076993227050e+01
4.870690076993227535e+01
7.712627276993228520e+01
7.081085676993228617e+01
8.344168876993228423e+01
8.344168876993228423e+01
6.291658676993228028e+01
8.186283476993227737e+01
7.081085676993227196e+01
6.923200276993227931e+01
6.923200276993227931e+01
8.975710476993229747e+01
8.817825076993227640e+01
8.817825076993229061e+01
7.712627276993228520e+01
7.712627276993227099e+01
5.028575476993226800e+01
7.081085676993228617e+01
7.396856476993229990e+01
7.870512676993227785e+01
6.923200276993227931e+01
5.660117076993226704e+01
8.817825076993229061e+01
5.975887876993226655e+01
5.028575476993226800e+01
6.765314876993227244e+01
7.554741876993227834e+01
6.449544076993228714e+01
6.765314876993227244e+01
7.081085676993227196e+01
6.765314876993228665e+01
6.133773276993228052e+01
7.081085676993228617e+01
9.133595876993227591e+01
6.923200276993229352e+01
7.870512676993227785e+01
7.081085676993228617e+01
5.818002476993226679e+01
7.712627276993228520e+01
5.975887876993227366e+01
8.659939676993229796e+01
7.081085676993228617e+01
7.554741876993227834e+01
6.607429476993227979e+01
6.291658676993226607e+01
6.765314876993228665e+01
6.291658676993226607e+01
9.291481276993229699e+01
7.870512676993229206e+01
7.712627276993228520e+01
8.028398076993229893e+01
8.186283476993229158e+01
7.712627276993228520e+01
9.291481276993228278e+01
8.028398076993229893e+01
6.923200276993229352e+01
8.975710476993228326e+01
8.344168876993228423e+01
8.186283476993229158e+01
7.712627276993228520e+01
9.291481276993229699e+01
8.502054276993229109e+01
6.449544076993228714e+01
8.502054276993229109e+01
8.028398076993228472e+01
8.502054276993227688e+01
9.291481276993228278e+01
7.081085676993227196e+01
8.028398076993228472e+01
8.502054276993229109e+01
9.923022876993228181e+01
5.660117076993227414e+01
9.765137476993228915e+01
7.870512676993229206e+01
8.502054276993229109e+01
8.344168876993229844e+01
7.554741876993227834e+01
8.344168876993229844e+01
7.554741876993227834e+01
7.238971076993227882e+01
7.870512676993229206e+01
8.186283476993227737e+01
6.765314876993228665e+01
7.554741876993227834e+01
7.712627276993228520e+01
6.765314876993227244e+01
8.344168876993228423e+01
5.818002476993227390e+01
7.396856476993228569e+01
8.817825076993229061e+01
7.238971076993229303e+01
7.870512676993229206e+01
9.607252076993228229e+01
7.081085676993227196e+01
7.554741876993227834e+01
9.449366676993228964e+01
7.238971076993229303e+01
6.765314876993227244e+01
7.238971076993229303e+01
7.870512676993227785e+01
7.081085676993228617e+01
1.008090827699322887e+02
6.291658676993228028e+01
7.712627276993229941e+01
6.923200276993227931e+01
8.186283476993229158e+01
5.186460876993228197e+01
7.870512676993229206e+01
8.028398076993228472e+01
8.817825076993229061e+01
6.923200276993227931e+01
8.028398076993228472e+01
8.817825076993227640e+01
8.028398076993228472e+01
5.502231676993228149e+01
6.291658676993227317e+01
7.081085676993228617e+01
7.396856476993229990e+01
4.712804676993227559e+01
9.133595876993229012e+01
8.502054276993229109e+01
8.817825076993229061e+01
8.817825076993229061e+01
9.291481276993229699e+01
8.028398076993229893e+01
6.291658676993227317e+01
6.291658676993228028e+01
8.028398076993228472e+01
7.870512676993229206e+01
9.291481276993229699e+01
9.291481276993229699e+01
6.291658676993228028e+01
7.238971076993227882e+01
6.923200276993227931e+01
7.238971076993229303e+01
8.659939676993229796e+01
5.975887876993227366e+01
8.659939676993229796e+01
6.449544076993227293e+01
9.133595876993229012e+01
7.238971076993227882e+01
7.238971076993227882e+01
8.186283476993229158e+01
6.923200276993227931e+01
8.817825076993227640e+01
5.028575476993227511e+01
5.028575476993227511e+01
8.502054276993229109e+01
6.923200276993229352e+01
6.923200276993227931e+01
7.396856476993228569e+01
6.923200276993227931e+01
6.765314876993227244e+01
6.291658676993228028e+01
7.396856476993227147e+01
9.607252076993228229e+01
6.923200276993227931e+01
8.659939676993229796e+01
8.028398076993228472e+01
7.081085676993228617e+01
7.238971076993227882e+01
6.133773276993227341e+01
7.554741876993229255e+01
6.449544076993227293e+01
8.344168876993228423e+01
7.870512676993227785e+01
8.344168876993229844e+01
7.554741876993227834e+01
8.975710476993229747e+01
7.712627276993227099e+01
5.660117076993228125e+01
9.449366676993228964e+01
7.870512676993229206e+01
8.028398076993228472e+01
6.291658676993227317e+01
6.449544076993228714e+01
9.923022876993229602e+01
6.765314876993227244e+01
6.449544076993228714e+01
7.712627276993228520e+01
7.396856476993227147e+01
8.502054276993229109e+01
6.923200276993227931e+01
8.186283476993229158e+01
6.765314876993227244e+01
8.186283476993229158e+01
6.133773276993228762e+01
9.923022876993228181e+01
8.186283476993229158e+01
8.817825076993229061e+01
9.291481276993228278e+01
8.028398076993228472e+01
6.607429476993227979e+01
6.607429476993227979e+01
8.502054276993229109e+01
5.818002476993227390e+01
8.659939676993228375e+01
8.659939676993228375e+01
8.975710476993228326e+01
8.975710476993228326e+01
6.291658676993227317e+01
7.081085676993227196e+01
5.186460876993228197e+01
7.870512676993226364e+01
8.186283476993227737e+01
9.291481276993229699e+01
9.607252076993228229e+01
5.818002476993228100e+01
8.186283476993229158e+01
7.712627276993227099e+01
9.291481276993229699e+01
6.449544076993227293e+01
7.554741876993227834e+01
7.396856476993228569e+01
8.817825076993229061e+01
8.186283476993229158e+01
6.923200276993227931e+01
8.028398076993227050e+01
8.502054276993229109e+01
7.396856476993228569e+01
7.870512676993229206e+01
8.502054276993229109e+01
5.344346276993226752e+01
7.870512676993229206e+01
8.975710476993229747e+01
6.923200276993227931e+01
6.607429476993226558e+01
7.396856476993228569e+01
7.870512676993229206e+01
7.081085676993228617e+01
6.607429476993227979e+01
8.659939676993228375e+01
5.660117076993227414e+01
8.975710476993228326e+01
9.923022876993229602e+01
6.923200276993227931e+01
7.870512676993227785e+01
7.238971076993229303e+01
8.502054276993227688e+01
6.449544076993228714e+01
7.712627276993228520e+01
7.870512676993229206e+01
8.817825076993227640e+01
8.659939676993229796e+01
9.291481276993229699e+01
8.186283476993229158e+01
7.238971076993229303e+01
9.291481276993229699e+01
5.660117076993228125e+01
8.975710476993229747e+01
7.870512676993229206e+01
7.870512676993227785e+01
8.028398076993229893e+01
6.765314876993227244e+01
9.133595876993229012e+01
8.659939676993229796e+01
9.291481276993228278e+01
8.186283476993229158e+01
9.765137476993228915e+01
7.554741876993227834e+01
9.765137476993228915e+01
8.028398076993229893e+01
8.975710476993229747e+01
8.502054276993229109e+01
8.502054276993229109e+01
1.039667907699322740e+02
7.396856476993228569e+01
8.028398076993229893e+01
9.923022876993228181e+01
9.133595876993229012e+01
8.975710476993229747e+01
5.975887876993227366e+01
8.502054276993229109e+01
6.765314876993227244e+01
9.133595876993229012e+01
9.133595876993229012e+01
7.081085676993228617e+01
7.712627276993229941e+01
6.607429476993227979e+01
9.291481276993228278e+01
7.396856476993228569e+01
8.659939676993229796e+01
5.660117076993226704e+01
8.186283476993227737e+01
6.923200276993227931e+01
9.133595876993229012e+01
8.502054276993229109e+01
6.923200276993226510e+01
6.607429476993229400e+01
7.712627276993228520e+01
8.502054276993229109e+01
7.238971076993227882e+01
7.238971076993227882e+01
8.502054276993229109e+01
6.291658676993227317e+01
8.344168876993229844e+01
7.554741876993229255e+01
6.133773276993228052e+01
8.975710476993228326e+01
8.186283476993229158e+01
8.502054276993229109e+01
7.712627276993228520e+01
8.028398076993229893e+01
6.291658676993228738e+01
6.607429476993226558e+01
8.975710476993229747e+01
8.344168876993229844e+01
8.659939676993229796e+01
8.817825076993229061e+01
8.028398076993227050e+01
6.291658676993227317e+01
7.870512676993229206e+01
8.186283476993229158e+01
7.870512676993227785e+01
8.502054276993229109e+01
6.449544076993228714e+01
7.712627276993228520e+01
7.238971076993227882e+01
8.028398076993228472e+01
7.396856476993228569e+01
7.396856476993229990e+01
8.502054276993229109e+01
5.975887876993227366e+01
8.659939676993228375e+01
9.607252076993229650e+01
7.870512676993229206e+01
5.660117076993227414e+01
6.449544076993227293e+01
7.238971076993227882e+01
7.238971076993227882e+01
8.028398076993229893e+01
8.186283476993229158e+01
9.133595876993229012e+01
7.396856476993227147e+01
8.186283476993227737e+01
8.817825076993229061e+01
6.449544076993228714e+01
7.081085676993228617e+01
7.554741876993229255e+01
7.238971076993229303e+01
8.186283476993229158e+01
9.449366676993228964e+01
8.817825076993229061e+01
6.765314876993228665e+01
7.870512676993229206e+01
6.449544076993228714e+01
8.028398076993229893e+01
7.712627276993229941e+01
9.291481276993229699e+01
9.449366676993228964e+01
8.502054276993229109e+01
6.449544076993227293e+01
8.502054276993229109e+01
7.870512676993229206e+01
9.291481276993228278e+01
8.975710476993228326e+01
6.291658676993227317e+01
8.817825076993229061e+01
7.238971076993227882e+01
8.975710476993228326e+01
9.449366676993228964e+01
8.817825076993229061e+01
9.765137476993228915e+01
8.028398076993228472e+01
8.975710476993228326e+01
8.344168876993228423e+01
1.023879367699322813e+02
8.186283476993227737e+01
7.081085676993228617e+01
8.659939676993228375e+01
8.502054276993229109e+01
9.923022876993229602e+01
7.870512676993229206e+01
9.607252076993229650e+01
9.133595876993229012e+01
6.765314876993227244e+01
8.186283476993229158e+01
8.502054276993229109e+01
6.449544076993228714e+01
7.554741876993229255e+01
8.028398076993229893e+01
7.396856476993229990e+01
9.449366676993227543e+01
8.344168876993228423e+01
8.975710476993228326e+01
8.975710476993229747e+01
7.554741876993227834e+01
8.028398076993229893e+01
4.870690076993227535e+01
9.607252076993229650e+01
7.081085676993228617e+01
7.238971076993227882e+01
8.344168876993229844e+01
7.396856476993229990e+01
8.186283476993229158e+01
7.554741876993227834e+01
8.502054276993227688e+01
7.081085676993228617e+01
9.449366676993228964e+01
8.186283476993229158e+01
8.344168876993228423e+01
9.133595876993229012e+01
6.449544076993228714e+01
9.765137476993228915e+01
7.081085676993228617e+01
1.008090827699322887e+02
8.028398076993228472e+01
8.344168876993229844e+01
7.554741876993227834e+01
6.607429476993227979e+01
8.028398076993228472e+01
7.554741876993229255e+01
7.870512676993229206e+01
5.818002476993227390e+01
8.502054276993229109e+01
8.502054276993229109e+01
8.186283476993229158e+01
7.081085676993228617e+01
7.396856476993228569e+01
6.923200276993229352e+01
8.186283476993227737e+01
8.344168876993228423e+01
7.396856476993228569e+01
8.502054276993229109e+01
8.028398076993229893e+01
8.817825076993229061e+01
7.081085676993228617e+01
7.712627276993229941e+01
7.870512676993227785e+01
8.975710476993228326e+01
7.238971076993229303e+01
6.923200276993227931e+01
7.554741876993229255e+01
8.659939676993229796e+01
6.607429476993227979e+01
8.659939676993228375e+01
6.449544076993227293e+01
8.344168876993229844e+01
7.396856476993228569e+01
7.238971076993229303e+01
7.554741876993229255e+01
7.870512676993229206e+01
8.344168876993228423e+01
7.081085676993228617e+01
7.712627276993228520e+01
7.870512676993229206e+01
6.765314876993228665e+01
8.502054276993229109e+01
8.659939676993229796e+01
7.554741876993227834e+01
8.344168876993228423e+01
8.344168876993229844e+01
8.186283476993227737e+01
8.975710476993229747e+01
7.870512676993229206e+01
8.028398076993229893e+01
9.765137476993228915e+01
6.607429476993227979e+01
9.923022876993229602e+01
6.923200276993227931e+01
6.607429476993229400e+01
7.712627276993228520e+01
8.502054276993229109e+01
1.023879367699322813e+02
6.923200276993227931e+01
8.975710476993228326e+01
6.133773276993228052e+01
7.554741876993229255e+01
1.055456447699322808e+02
7.238971076993227882e+01
8.817825076993229061e+01
6.765314876993227244e+01
8.344168876993228423e+01
6.291658676993227317e+01
7.870512676993229206e+01
8.502054276993229109e+01
9.449366676993228964e+01
8.502054276993229109e+01
8.502054276993229109e+01
7.870512676993229206e+01
8.186283476993229158e+01
9.291481276993229699e+01
6.449544076993227293e+01
8.975710476993228326e+01
8.186283476993229158e+01
7.712627276993228520e+01
8.502054276993229109e+01
9.765137476993228915e+01
9.765137476993228915e+01
1.008090827699322887e+02
7.554741876993227834e+01
1.055456447699322950e+02
9.449366676993228964e+01
8.344168876993228423e+01
5.660117076993227414e+01
8.975710476993229747e+01
6.923200276993227931e+01
9.765137476993228915e+01
7.712627276993228520e+01
1.008090827699322887e+02
7.870512676993229206e+01
7.554741876993229255e+01
7.238971076993227882e+01
7.396856476993228569e+01
8.659939676993229796e+01
7.870512676993229206e+01
7.238971076993229303e+01
5.186460876993227487e+01
7.870512676993229206e+01
8.186283476993227737e+01
7.870512676993229206e+01
9.133595876993229012e+01
7.554741876993227834e+01
7.554741876993227834e+01
6.449544076993227293e+01
7.396856476993229990e+01
7.554741876993227834e+01
6.133773276993226631e+01
1.039667907699322882e+02
5.344346276993226752e+01
4.239148476993227632e+01
8.028398076993228472e+01
6.765314876993227244e+01
7.712627276993227099e+01
7.396856476993229990e+01
7.238971076993227882e+01
7.081085676993227196e+01
5.818002476993228100e+01
7.396856476993228569e+01
7.081085676993228617e+01
8.186283476993229158e+01
7.396856476993227147e+01
7.554741876993227834e+01
8.186283476993229158e+01
5.818002476993228100e+01
7.081085676993228617e+01
7.081085676993228617e+01
6.765314876993227244e+01
8.817825076993229061e+01
7.238971076993227882e+01
7.870512676993227785e+01
8.344168876993229844e+01
6.291658676993227317e+01
8.028398076993229893e+01
8.344168876993228423e+01
7.554741876993227834e+01
7.554741876993227834e+01
6.923200276993227931e+01
7.554741876993229255e+01
7.396856476993228569e+01
8.817825076993229061e+01
7.396856476993228569e+01
8.186283476993229158e+01
7.396856476993228569e+01
6.765314876993230087e+01
8.817825076993229061e+01
7.238971076993227882e+01
9.291481276993226857e+01
8.186283476993227737e+01
8.028398076993228472e+01
8.817825076993229061e+01
8.502054276993229109e+01
8.028398076993228472e+01
8.028398076993229893e+01
9.133595876993229012e+01
7.554741876993229255e+01
6.765314876993227244e+01
8.028398076993228472e+01
8.502054276993229109e+01
7.712627276993227099e+01
5.975887876993227366e+01
7.396856476993227147e+01
6.291658676993228738e+01
8.502054276993229109e+01
6.607429476993226558e+01
8.344168876993228423e+01
8.502054276993229109e+01
7.238971076993229303e+01
8.028398076993229893e+01
7.554741876993229255e+01
7.238971076993229303e+01
7.554741876993229255e+01
7.238971076993227882e+01
6.765314876993228665e+01
8.344168876993229844e+01
8.659939676993228375e+01
6.133773276993227341e+01
9.765137476993228915e+01
6.923200276993227931e+01
8.344168876993228423e+01
8.344168876993229844e+01
9.133595876993229012e+01
7.870512676993229206e+01
8.028398076993229893e+01
7.396856476993228569e+01
8.344168876993228423e+01
8.502054276993229109e+01
6.765314876993230087e+01
9.291481276993229699e+01
6.607429476993226558e+01
8.659939676993229796e+01
9.133595876993229012e+01
8.502054276993229109e+01
9.607252076993228229e+01
7.712627276993228520e+01
1.071244987699322877e+02
9.133595876993229012e+01
9.765137476993228915e+01
9.291481276993229699e+01
8.817825076993229061e+01
7.712627276993228520e+01
8.502054276993229109e+01
8.344168876993228423e+01
8.975710476993228326e+01
1.008090827699322887e+02
6.607429476993229400e+01
6.449544076993228714e+01
8.817825076993229061e+01
7.712627276993228520e+01
8.817825076993229061e+01
8.344168876993228423e+01
7.554741876993229255e+01
7.712627276993227099e+01
7.712627276993228520e+01
8.659939676993229796e+01
6.449544076993227293e+01
8.659939676993229796e+01
8.028398076993229893e+01
8.817825076993229061e+01
7.870512676993229206e+01
6.923200276993227931e+01
7.870512676993229206e+01
8.502054276993229109e+01
7.554741876993227834e+01
7.081085676993228617e+01
8.817825076993229061e+01
6.923200276993227931e+01
7.712627276993227099e+01
8.344168876993228423e+01
7.396856476993228569e+01
8.344168876993228423e+01
6.607429476993227979e+01
9.923022876993229602e+01
7.712627276993227099e+01
8.975710476993228326e+01
8.659939676993229796e+01
8.659939676993228375e+01
8.659939676993228375e+01
8.344168876993229844e+01
8.817825076993229061e+01
6.133773276993228762e+01
8.975710476993228326e+01
5.344346276993229594e+01
7.396856476993229990e+01
1.008090827699322887e+02
6.923200276993227931e+01
7.870512676993229206e+01
9.291481276993229699e+01
1.023879367699322813e+02
7.396856476993228569e+01
7.081085676993227196e+01
7.396856476993228569e+01
7.081085676993227196e+01
9.291481276993229699e+01
6.765314876993228665e+01
8.975710476993228326e+01
6.291658676993228028e+01
1.039667907699322882e+02
6.607429476993227979e+01
6.291658676993227317e+01
7.396856476993228569e+01
7.554741876993229255e+01
7.870512676993227785e+01
7.554741876993227834e+01
8.502054276993229109e+01
8.975710476993228326e+01
7.870512676993229206e+01
6.291658676993228028e+01
8.975710476993228326e+01
8.659939676993229796e+01
8.344168876993229844e+01
9.291481276993229699e+01
4.712804676993226849e+01
8.817825076993229061e+01
8.817825076993229061e+01
8.975710476993228326e+01
8.344168876993228423e+01
6.923200276993229352e+01
8.344168876993229844e+01
7.238971076993229303e+01
9.291481276993229699e+01
1.008090827699322887e+02
8.344168876993228423e+01
7.396856476993229990e+01
8.028398076993229893e+01
8.659939676993228375e+01
5.818002476993228100e+01
9.607252076993229650e+01
6.607429476993227979e+01
8.028398076993228472e+01
8.817825076993229061e+01
9.291481276993229699e+01
8.028398076993228472e+01
8.817825076993229061e+01
8.502054276993229109e+01
6.765314876993227244e+01
6.607429476993227979e+01
8.028398076993228472e+01
8.502054276993229109e+01
7.554741876993227834e+01
7.081085676993227196e+01
7.554741876993227834e+01
7.712627276993228520e+01
8.659939676993229796e+01
6.607429476993227979e+01
7.396856476993229990e+01
8.817825076993229061e+01
8.344168876993228423e+01
9.449366676993228964e+01
6.607429476993229400e+01
1.118610607699322799e+02
7.238971076993227882e+01
8.502054276993229109e+01
7.081085676993228617e+01
8.186283476993229158e+01
6.923200276993227931e+01
8.344168876993228423e+01
8.028398076993229893e+01
6.291658676993228738e+01
7.712627276993228520e+01
8.028398076993228472e+01
7.554741876993229255e+01
8.344168876993228423e+01
7.396856476993228569e+01
7.396856476993228569e+01
8.817825076993229061e+01
7.396856476993229990e+01
6.765314876993227244e+01
8.502054276993229109e+01
6.765314876993228665e+01
8.502054276993229109e+01
8.502054276993227688e+01
7.081085676993228617e+01
8.817825076993229061e+01
7.081085676993228617e+01
8.028398076993229893e+01
9.765137476993228915e+01
7.554741876993227834e+01
7.712627276993229941e+01
8.186283476993229158e+01
8.502054276993227688e+01
7.238971076993229303e+01
7.712627276993227099e+01
7.712627276993229941e+01
6.765314876993227244e+01
7.238971076993227882e+01
6.449544076993228714e+01
8.028398076993229893e+01
6.923200276993229352e+01
7.396856476993228569e+01
7.870512676993229206e+01
8.502054276993229109e+01
7.712627276993228520e+01
9.133595876993229012e+01
7.870512676993229206e+01
6.133773276993228052e+01
8.659939676993228375e+01
5.344346276993228173e+01
7.712627276993228520e+01
5.502231676993228149e+01
7.396856476993228569e+01
8.817825076993229061e+01
1.008090827699322887e+02
8.817825076993229061e+01
8.817825076993229061e+01
6.607429476993227979e+01
9.133595876993229012e+01
8.028398076993229893e+01
7.238971076993227882e+01
6.133773276993226631e+01
7.712627276993227099e+01
6.291658676993227317e+01
7.081085676993228617e+01
9.923022876993228181e+01
9.133595876993229012e+01
8.028398076993228472e+01
6.607429476993229400e+01
5.818002476993226679e+01
7.396856476993228569e+01
8.028398076993228472e+01
9.449366676993228964e+01
8.028398076993228472e+01
8.028398076993228472e+01
8.659939676993228375e+01
1.055456447699322950e+02
9.765137476993228915e+01
8.975710476993228326e+01
5.344346276993226752e+01
8.659939676993228375e+01
9.765137476993228915e+01
9.291481276993229699e+01
8.659939676993229796e+01
7.081085676993228617e+01
9.449366676993228964e+01
7.554741876993229255e+01
9.923022876993228181e+01
7.396856476993229990e+01
6.607429476993229400e+01
8.502054276993229109e+01
9.607252076993229650e+01
1.039667907699322882e+02
8.502054276993229109e+01
9.765137476993228915e+01
6.291658676993227317e+01
9.133595876993229012e+01
8.344168876993228423e+01
8.502054276993229109e+01
1.087033527699322946e+02
7.081085676993228617e+01
8.344168876993228423e+01
8.028398076993228472e+01
9.765137476993228915e+01
6.607429476993226558e+01
9.291481276993229699e+01
8.817825076993229061e+01
8.028398076993229893e+01
8.344168876993228423e+01
8.344168876993228423e+01
8.502054276993229109e+01
7.554741876993229255e+01
1.071244987699322877e+02
7.870512676993229206e+01
8.344168876993228423e+01
9.607252076993228229e+01
8.344168876993228423e+01
1.008090827699322745e+02
7.238971076993227882e+01
9.291481276993229699e+01
7.870512676993229206e+01
8.502054276993229109e+01
7.396856476993228569e+01
8.502054276993227688e+01
7.396856476993228569e+01
7.238971076993227882e+01
7.396856476993228569e+01
8.659939676993228375e+01
5.975887876993227366e+01
7.238971076993229303e+01
8.659939676993228375e+01
6.923200276993229352e+01
5.502231676993227438e+01
6.765314876993227244e+01
6.133773276993227341e+01
8.502054276993229109e+01
9.291481276993229699e+01
8.186283476993229158e+01
8.975710476993228326e+01
6.923200276993227931e+01
7.870512676993229206e+01
7.554741876993229255e+01
7.554741876993229255e+01
7.554741876993227834e+01
6.133773276993228052e+01
9.449366676993228964e+01
6.607429476993229400e+01
7.396856476993229990e+01
8.975710476993228326e+01
6.291658676993228028e+01
7.554741876993229255e+01
9.449366676993228964e+01
8.028398076993228472e+01
6.291658676993228028e+01
8.028398076993228472e+01
8.975710476993228326e+01
8.186283476993227737e+01
6.765314876993228665e+01
8.186283476993227737e+01
7.870512676993227785e+01
8.975710476993228326e+01
8.344168876993227002e+01
7.081085676993230038e+01
1.023879367699322955e+02
8.186283476993229158e+01
8.817825076993229061e+01
8.659939676993229796e+01
8.028398076993229893e+01
7.554741876993227834e+01
7.396856476993228569e+01
6.923200276993227931e+01
8.817825076993229061e+01
1.008090827699322887e+02
7.081085676993228617e+01
9.133595876993229012e+01
6.607429476993227979e+01
9.133595876993229012e+01
8.817825076993229061e+01
7.712627276993228520e+01
8.659939676993229796e+01
6.449544076993228714e+01
8.975710476993228326e+01
7.396856476993228569e+01
8.028398076993228472e+01
9.765137476993228915e+01
8.186283476993229158e+01
6.133773276993228762e+01
6.923200276993227931e+01
7.554741876993229255e+01
7.396856476993228569e+01
8.659939676993229796e+01
7.870512676993229206e+01
7.396856476993228569e+01
7.396856476993228569e+01
7.081085676993228617e+01
8.028398076993229893e+01
6.133773276993228052e+01
5.818002476993227390e+01
8.975710476993228326e+01
8.344168876993228423e+01
8.975710476993229747e+01
7.238971076993229303e+01
9.765137476993228915e+01
5.975887876993227366e+01
8.975710476993228326e+01
8.975710476993228326e+01
8.817825076993229061e+01
9.765137476993228915e+01
6.449544076993228714e+01
8.028398076993229893e+01
5.975887876993228787e+01
7.554741876993227834e+01
7.554741876993227834e+01
8.186283476993229158e+01
7.712627276993228520e+01
9.133595876993229012e+01
8.502054276993229109e+01
6.923200276993229352e+01
8.975710476993229747e+01
7.870512676993229206e+01
8.817825076993227640e+01
8.186283476993229158e+01
6.291658676993228738e+01
7.396856476993228569e+01
7.396856476993229990e+01
1.008090827699322887e+02
8.344168876993229844e+01
9.607252076993228229e+01
7.081085676993228617e+01
8.186283476993229158e+01
8.502054276993229109e+01
7.081085676993227196e+01
8.659939676993228375e+01
6.449544076993228714e+01
8.028398076993229893e+01
8.344168876993228423e+01
5.818002476993226679e+01
7.712627276993228520e+01
8.975710476993228326e+01
6.449544076993227293e+01
6.765314876993227244e+01
8.817825076993229061e+01
8.028398076993228472e+01
7.712627276993229941e+01
4.554919276993227584e+01
8.186283476993227737e+01
8.028398076993228472e+01
8.502054276993229109e+01
8.502054276993229109e+01
8.817825076993229061e+01
7.712627276993228520e+01
8.817825076993229061e+01
7.554741876993227834e+01
9.133595876993229012e+01
8.659939676993229796e+01
8.502054276993229109e+01
7.238971076993229303e+01
1.023879367699322955e+02
7.554741876993227834e+01
8.186283476993227737e+01
5.975887876993226655e+01
7.712627276993228520e+01
8.817825076993229061e+01
8.817825076993229061e+01
8.502054276993229109e+01
7.396856476993228569e+01
7.081085676993227196e+01
5.975887876993227366e+01
7.554741876993227834e+01
9.607252076993229650e+01
7.396856476993229990e+01
7.554741876993229255e+01
7.081085676993230038e+01
8.502054276993229109e+01
7.396856476993227147e+01
5.975887876993228076e+01
7.081085676993227196e+01
6.923200276993227931e+01
8.975710476993228326e+01
6.449544076993227293e+01
7.081085676993228617e+01
5.818002476993227390e+01
7.554741876993229255e+01
7.081085676993227196e+01
6.133773276993228052e+01
8.817825076993229061e+01
4.712804676993227559e+01
8.028398076993228472e+01
7.870512676993227785e+01
9.133595876993227591e+01
7.870512676993229206e+01
8.659939676993229796e+01
6.607429476993227979e+01
6.607429476993229400e+01
9.291481276993228278e+01
5.975887876993227366e+01
6.449544076993227293e+01
6.607429476993226558e+01
5.975887876993228076e+01
6.923200276993227931e+01
7.238971076993227882e+01
6.133773276993228052e+01
6.765314876993227244e+01
8.975710476993228326e+01
8.344168876993228423e+01
6.607429476993227979e+01
8.659939676993229796e+01
8.028398076993228472e+01
7.396856476993228569e+01
6.449544076993227293e+01
8.502054276993229109e+01
7.081085676993228617e+01
9.291481276993229699e+01
6.765314876993227244e+01
7.554741876993229255e+01
8.344168876993228423e+01
7.712627276993228520e+01
7.396856476993228569e+01
8.502054276993229109e+01
6.291658676993226607e+01
7.396856476993227147e+01
7.081085676993228617e+01
5.186460876993227487e+01
9.133595876993229012e+01
8.817825076993229061e+01
8.502054276993229109e+01
5.344346276993229594e+01
9.291481276993229699e+01
6.449544076993228714e+01
7.870512676993227785e+01
9.133595876993229012e+01
7.238971076993227882e+01
7.712627276993227099e+01
7.554741876993229255e+01
8.186283476993229158e+01
6.291658676993228028e+01
6.291658676993228738e+01
8.186283476993229158e+01
7.238971076993227882e+01
7.396856476993229990e+01
8.975710476993228326e+01
5.186460876993226776e+01
7.550945257720508152e+01
-1.802648954227949503e+02
-3.185261942279492686e+01
2.024956257720506869e+01
-3.343147342279492307e+01
-5.237772142279492016e+01
-6.658740742279491087e+01
-5.711428342279491233e+01
-6.185084542279491870e+01
-6.816626142279491773e+01
-4.290459742279490740e+01
-5.711428342279491943e+01
-4.764115942279491378e+01
-5.553542942279492678e+01
-4.922001342279492064e+01
-5.711428342279492654e+01
-4.922001342279492064e+01
-3.501032742279492993e+01
-2.395834942279492807e+01
-2.553720342279492073e+01
-5.553542942279491967e+01
-1.132751742279491225e+01
-3.343147342279490886e+01
-2.869491142279491669e+01
-4.132574342279492896e+01
-2.237949542279491411e+01
-3.343147342279490886e+01
-2.237949542279491766e+01
-6.590955422794923635e+00
-1.290637142279492267e+01
4.461022577205074668e+00
-1.290637142279492267e+01
-1.606407942279491863e+01
-1.132751742279491580e+01
-2.755394227949246044e-01
1.077643857720508080e+01
6.039876577205074426e+00
6.039876577205074426e+00
-8.169809422794919840e+00
-9.748663422794919597e+00
2.882168577205078464e+00
1.393414657720508032e+01
-8.169809422794919840e+00
1.303314577205075153e+00
9.197584577205081047e+00
1.235529257720508056e+01
1.235529257720508056e+01
-6.590955422794920082e+00
7.618730577205084842e+00
1.235529257720507346e+01
2.340727057720507531e+01
1.077643857720507370e+01
4.461022577205085327e+00
1.551300057720508008e+01
-6.590955422794920082e+00
-3.433247422794924120e+00
9.197584577205081047e+00
1.551300057720508008e+01
7.618730577205074184e+00
1.077643857720508080e+01
6.039876577205085084e+00
1.303314577205075153e+00
1.077643857720507370e+01
-5.012101422794914996e+00
-1.606407942279491863e+01
3.603810257720508048e+01
2.024956257720507935e+01
6.039876577205085084e+00
2.182841657720507555e+01
3.130154057720508121e+01
1.551300057720508008e+01
1.709185457720507628e+01
3.130154057720508476e+01
-2.755394227949139463e-01
1.235529257720508056e+01
2.814383257720508169e+01
2.340727057720507887e+01
1.551300057720508008e+01
1.867070857720507959e+01
2.814383257720508169e+01
1.393414657720508387e+01
2.182841657720507911e+01
2.340727057720507531e+01
7.618730577205084842e+00
6.039876577205085084e+00
2.656497857720507483e+01
1.235529257720508056e+01
-2.755394227949192754e-01
2.024956257720507935e+01
1.393414657720508387e+01
2.814383257720508169e+01
4.235351857720507951e+01
4.077466457720507975e+01
2.814383257720507459e+01
3.761695657720508734e+01
2.814383257720507459e+01
1.235529257720508056e+01
2.182841657720507911e+01
6.039876577205079755e+00
2.182841657720507911e+01
3.603810257720508048e+01
3.130154057720507765e+01
2.182841657720507555e+01
1.551300057720508008e+01
2.814383257720507459e+01
2.024956257720507935e+01
2.498612457720507507e+01
1.551300057720508008e+01
2.498612457720508218e+01
2.972268657720508145e+01
1.235529257720507701e+01
3.761695657720508024e+01
2.972268657720507434e+01
2.340727057720507531e+01
2.972268657720508145e+01
2.972268657720508145e+01
9.197584577205079270e+00
9.197584577205084599e+00
3.445924857720508072e+01
2.024956257720507580e+01
2.498612457720507507e+01
2.182841657720508266e+01
3.288039457720508096e+01
1.077643857720508080e+01
2.182841657720507555e+01
2.814383257720507459e+01
1.235529257720508056e+01
4.235351857720507951e+01
1.077643857720507725e+01
1.867070857720508315e+01
2.972268657720507790e+01
2.498612457720507507e+01
1.709185457720507983e+01
2.340727057720508242e+01
1.867070857720507604e+01
-6.590955422794914753e+00
2.182841657720508621e+01
3.130154057720507765e+01
1.235529257720508234e+01
1.867070857720507959e+01
1.709185457720507983e+01
4.551122657720507902e+01
2.182841657720508266e+01
6.039876577205085084e+00
2.024956257720507580e+01
2.656497857720507838e+01
2.024956257720508290e+01
1.551300057720508008e+01
2.340727057720507531e+01
1.551300057720508008e+01
2.656497857720507483e+01
1.551300057720508008e+01
2.182841657720507911e+01
4.235351857720507951e+01
2.656497857720507838e+01
1.709185457720507983e+01
1.551300057720508008e+01
2.972268657720507434e+01
1.867070857720507959e+01
1.551300057720508008e+01
1.709185457720507983e+01
1.551300057720508008e+01
2.498612457720507507e+01
2.024956257720507935e+01
2.656497857720507483e+01
1.551300057720508008e+01
1.303314577205085811e+00
2.024956257720507935e+01
2.882168577205080240e+00
1.077643857720508080e+01
6.039876577205085084e+00
-1.854393422794920809e+00
1.709185457720507628e+01
3.130154057720507410e+01
2.498612457720508218e+01
1.235529257720508056e+01
7.618730577205077736e+00
3.603810257720508048e+01
1.867070857720507959e+01
2.498612457720507507e+01
1.709185457720507983e+01
1.867070857720507959e+01
1.235529257720508056e+01
1.077643857720507725e+01
2.340727057720507531e+01
2.498612457720507507e+01
1.867070857720507959e+01
2.340727057720507887e+01
6.039876577205079755e+00
1.867070857720507959e+01
2.814383257720508169e+01
2.656497857720507483e+01
9.197584577205077494e+00
1.551300057720508008e+01
7.618730577205077736e+00
6.039876577205079755e+00
3.288039457720508096e+01
1.709185457720507983e+01
2.024956257720508290e+01
1.077643857720508080e+01
1.235529257720507701e+01
2.182841657720507555e+01
2.814383257720508169e+01
2.340727057720507531e+01
1.867070857720507959e+01
2.814383257720508169e+01
1.303314577205078706e+00
1.393414657720508032e+01
9.197584577205073941e+00
3.288039457720507386e+01
1.709185457720507983e+01
7.618730577205084842e+00
1.393414657720508032e+01
3.130154057720507765e+01
3.288039457720508096e+01
1.867070857720507959e+01
1.709185457720508694e+01
2.182841657720507555e+01
4.235351857720507951e+01
1.393414657720508387e+01
2.656497857720507483e+01
3.603810257720508048e+01
2.656497857720508549e+01
1.709185457720507983e+01
9.197584577205081047e+00
4.235351857720507951e+01
2.656497857720508549e+01
3.761695657720508024e+01
2.182841657720507911e+01
1.551300057720508008e+01
2.340727057720507887e+01
2.340727057720507887e+01
6.039876577205085084e+00
2.972268657720508145e+01
-2.755394227949139463e-01
2.656497857720508549e+01
2.024956257720507935e+01
1.077643857720508436e+01
9.197584577205081047e+00
1.867070857720507604e+01
1.709185457720507983e+01
-5.012101422794916772e+00
1.393414657720508032e+01
2.656497857720507483e+01
2.182841657720508621e+01
1.551300057720508008e+01
9.197584577205081047e+00
7.618730577205077736e+00
-3.433247422794917014e+00
-1.854393422794920809e+00
-3.433247422794915238e+00
1.709185457720507983e+01
9.197584577205081047e+00
1.393414657720508387e+01
2.814383257720508524e+01
1.235529257720508056e+01
2.498612457720507507e+01
2.882168577205080240e+00
1.077643857720508080e+01
1.551300057720508008e+01
1.235529257720508411e+01
7.618730577205081289e+00
3.445924857720508072e+01
2.656497857720508193e+01
-8.169809422794914511e+00
1.709185457720507983e+01
2.656497857720507483e+01
9.197584577205081047e+00
2.182841657720507911e+01
1.077643857720508080e+01
-8.169809422794919840e+00
1.393414657720508032e+01
2.498612457720507507e+01
1.709185457720507628e+01
2.972268657720508145e+01
2.498612457720508218e+01
1.235529257720508411e+01
1.551300057720508008e+01
2.024956257720507935e+01
2.882168577205085569e+00
7.618730577205084842e+00
1.393414657720508032e+01
2.882168577205085569e+00
2.972268657720507790e+01
1.077643857720508080e+01
1.709185457720508339e+01
1.551300057720508008e+01
2.182841657720507911e+01
3.445924857720507362e+01
2.024956257720508290e+01
1.303314577205078706e+00
2.024956257720508646e+01
1.235529257720508411e+01
2.024956257720507580e+01
9.197584577205084599e+00
9.197584577205077494e+00
-2.755394227949210517e-01
1.393414657720508032e+01
-2.755394227949210517e-01
-6.590955422794920082e+00
-9.748663422794916045e+00
6.039876577205085084e+00
6.039876577205085084e+00
1.303314577205082259e+00
-5.012101422794920325e+00
9.197584577205081047e+00
1.077643857720508436e+01
1.551300057720508008e+01
6.039876577205085084e+00
4.461022577205085327e+00
9.197584577205077494e+00
2.498612457720508573e+01
4.461022577205085327e+00
-9.748663422794921374e+00
3.130154057720507410e+01
-1.854393422794920809e+00
-6.590955422794920082e+00
1.867070857720507959e+01
-2.755394227949246044e-01
2.882168577205078464e+00
-2.755394227949139463e-01
-8.169809422794923393e+00
2.882168577205085569e+00
1.709185457720508339e+01
-8.169809422794923393e+00
-2.755394227949139463e-01
9.197584577205079270e+00
2.340727057720507531e+01
2.340727057720508242e+01
4.461022577205081774e+00
-5.012101422794920325e+00
2.882168577205078464e+00
-8.169809422794921616e+00
4.461022577205081774e+00
7.618730577205084842e+00
6.039876577205077979e+00
4.461022577205085327e+00
6.039876577205081531e+00
4.461022577205085327e+00
1.709185457720507628e+01
1.867070857720507959e+01
2.882168577205085569e+00
-2.755394227949210517e-01
6.039876577205074426e+00
7.618730577205084842e+00
1.551300057720508008e+01
-2.755394227949210517e-01
-1.132751742279491580e+01
-1.132751742279492291e+01
-2.755394227949246044e-01
-3.433247422794924120e+00
-3.433247422794920567e+00
-2.755394227949210517e-01
7.618730577205074184e+00
7.618730577205084842e+00
-9.748663422794919597e+00
9.197584577205073941e+00
2.498612457720507507e+01
-2.755394227949192754e-01
-3.433247422794924120e+00
2.656497857720507483e+01
2.882168577205074911e+00
7.618730577205084842e+00
1.235529257720508056e+01
1.303314577205075153e+00
1.393414657720508032e+01
1.077643857720508436e+01
1.551300057720508008e+01
1.709185457720508694e+01
1.393414657720508387e+01
7.618730577205081289e+00
2.340727057720508597e+01
-1.922178742279491814e+01
6.039876577205085084e+00
-1.854393422794920809e+00
2.882168577205078464e+00
1.393414657720508032e+01
1.709185457720507983e+01
1.709185457720507628e+01
2.882168577205085569e+00
1.709185457720507983e+01
1.303314577205075153e+00
-8.169809422794923393e+00
1.077643857720508080e+01
-1.764293342279492194e+01
7.618730577205084842e+00
1.303314577205078706e+00
1.551300057720508008e+01
6.039876577205074426e+00
-1.448522542279492242e+01
-1.854393422794913704e+00
1.235529257720508056e+01
4.461022577205085327e+00
2.882168577205078464e+00
2.814383257720508524e+01
4.461022577205081774e+00
1.303314577205085811e+00
1.867070857720507959e+01
1.077643857720508080e+01
1.077643857720508080e+01
-1.764293342279491839e+01
1.393414657720507677e+01
-2.755394227949174990e-01
-1.448522542279492065e+01
-1.854393422794915480e+00
9.197584577205084599e+00
-1.854393422794920809e+00
-5.012101422794920325e+00
4.461022577205074668e+00
-2.755394227949174990e-01
9.197584577205081047e+00
1.303314577205085811e+00
-6.590955422794923635e+00
1.393414657720508032e+01
-8.169809422794919840e+00
7.618730577205079513e+00
2.882168577205085569e+00
1.393414657720508032e+01
1.867070857720507959e+01
-1.448522542279491887e+01
-2.755394227949246044e-01
-5.012101422794920325e+00
1.867070857720507959e+01
-2.755394227949210517e-01
1.393414657720507677e+01
4.461022577205085327e+00
6.039876577205085084e+00
4.461022577205079997e+00
1.235529257720508411e+01
-3.433247422794915238e+00
7.618730577205084842e+00
4.461022577205074668e+00
-1.606407942279491863e+01
6.039876577205085084e+00
-6.590955422794920082e+00
1.235529257720508411e+01
2.024956257720507935e+01
-5.012101422794920325e+00
6.039876577205074426e+00
6.039876577205085084e+00
-1.132751742279492113e+01
1.551300057720508008e+01
1.709185457720507628e+01
4.461022577205085327e+00
-1.448522542279491887e+01
2.182841657720507555e+01
1.303314577205078706e+00
-8.169809422794914511e+00
4.461022577205074668e+00
-1.854393422794924362e+00
1.235529257720508056e+01
1.235529257720508056e+01
2.340727057720507531e+01
-1.606407942279491863e+01
1.303314577205075153e+00
-2.711605742279491693e+01
6.039876577205085084e+00
2.024956257720508290e+01
-2.755394227949210517e-01
-6.590955422794914753e+00
-1.132751742279492291e+01
4.461022577205078221e+00
-2.755394227949210517e-01
4.461022577205074668e+00
-1.764293342279492194e+01
1.709185457720507628e+01
9.197584577205073941e+00
-1.922178742279492170e+01
-1.854393422794915480e+00
2.882168577205085569e+00
3.288039457720508096e+01
-8.169809422794914511e+00
-6.590955422794920082e+00
-6.590955422794914753e+00
6.039876577205085084e+00
2.656497857720508549e+01
-1.854393422794920809e+00
2.340727057720508242e+01
-2.755394227949246044e-01
1.235529257720508411e+01
1.235529257720508411e+01
1.235529257720508411e+01
1.303314577205078706e+00
-6.590955422794923635e+00
-8.169809422794923393e+00
-1.290637142279491911e+01
3.603810257720508048e+01
-1.132751742279491936e+01
1.077643857720508436e+01
-9.748663422794919597e+00
-1.448522542279492065e+01
6.039876577205074426e+00
-1.290637142279491911e+01
-3.433247422794920567e+00
-8.169809422794919840e+00
7.618730577205084842e+00
1.303314577205085811e+00
-1.132751742279492291e+01
1.235529257720508411e+01
-1.764293342279491839e+01
-5.012101422794923877e+00
-1.854393422794920809e+00
-1.922178742279492170e+01
-2.553720342279491717e+01
-1.764293342279492194e+01
9.197584577205084599e+00
-2.553720342279491362e+01
-1.606407942279492218e+01
-1.132751742279491936e+01
-8.169809422794923393e+00
-1.606407942279491863e+01
-1.132751742279491936e+01
2.882168577205074911e+00
-1.922178742279491814e+01
-2.755394227949139463e-01
1.303314577205075153e+00
-2.755394227949210517e-01
-5.012101422794920325e+00
2.882168577205085569e+00
7.618730577205074184e+00
-2.553720342279491717e+01
-1.854393422794920809e+00
-1.606407942279492218e+01
1.393414657720508032e+01
-1.132751742279492113e+01
-1.854393422794920809e+00
-1.290637142279491911e+01
2.882168577205078464e+00
-2.237949542279492121e+01
-1.854393422794924362e+00
9.197584577205084599e+00
-8.169809422794923393e+00
1.393414657720507677e+01
1.303314577205078706e+00
-6.590955422794923635e+00
-3.343147342279492307e+01
-2.395834942279491742e+01
1.235529257720508056e+01
-1.132751742279491580e+01
1.077643857720508080e+01
-1.290637142279491911e+01
-8.169809422794919840e+00
-1.606407942279492218e+01
-6.590955422794914753e+00
-1.764293342279491839e+01
1.303314577205075153e+00
-1.132751742279491936e+01
-1.448522542279492065e+01
-8.169809422794919840e+00
2.882168577205074911e+00
-8.169809422794919840e+00
4.461022577205085327e+00
-2.755394227949210517e-01
-5.012101422794920325e+00
-5.012101422794920325e+00
7.618730577205084842e+00
1.303314577205085811e+00
-1.448522542279491887e+01
-1.606407942279491863e+01
-1.290637142279492089e+01
1.551300057720508008e+01
-9.748663422794919597e+00
-5.012101422794923877e+00
-1.764293342279491839e+01
-5.012101422794923877e+00
-2.711605742279491693e+01
-2.755394227949210517e-01
-6.590955422794920082e+00
-3.658918142279492258e+01
-3.433247422794920567e+00
-2.237949542279491766e+01
-1.290637142279491911e+01
-8.169809422794919840e+00
-6.590955422794920082e+00
7.618730577205084842e+00
-1.854393422794924362e+00
-8.169809422794919840e+00
-1.290637142279491911e+01
-1.448522542279491887e+01
-1.606407942279492218e+01
-1.764293342279491839e+01
-6.590955422794920082e+00
-2.080064142279491790e+01
-2.755394227949246044e-01
-3.185261942279491620e+01
1.551300057720508008e+01
-1.606407942279491863e+01
-6.590955422794923635e+00
-1.764293342279491839e+01
4.461022577205078221e+00
-8.169809422794919840e+00
4.461022577205085327e+00
1.393414657720508032e+01
-1.448522542279491532e+01
-1.132751742279491936e+01
-1.290637142279491911e+01
-1.290637142279491911e+01
6.039876577205074426e+00
-2.755394227949210517e-01
-2.755394227949210517e-01
-2.080064142279492145e+01
-1.606407942279491863e+01
-2.080064142279492145e+01
-1.448522542279491887e+01
-1.764293342279491128e+01
-2.553720342279491717e+01
-1.922178742279491814e+01
-2.711605742279491338e+01
-8.169809422794919840e+00
9.197584577205073941e+00
-3.433247422794920567e+00
-2.395834942279491742e+01
-2.080064142279491790e+01
-2.755394227949139463e-01
-2.553720342279491362e+01
1.551300057720508008e+01
-1.764293342279491839e+01
-6.590955422794920082e+00
-1.606407942279491863e+01
-2.080064142279491790e+01
-9.748663422794919597e+00
-3.433247422794924120e+00
-1.290637142279491911e+01
-2.553720342279491717e+01
-9.748663422794919597e+00
-8.169809422794923393e+00
-2.553720342279491717e+01
6.039876577205074426e+00
-2.869491142279491669e+01
1.303314577205078706e+00
-9.748663422794916045e+00
-1.606407942279491863e+01
4.461022577205074668e+00
-2.080064142279491790e+01
-2.553720342279491717e+01
-1.764293342279491839e+01
-1.922178742279492170e+01
1.303314577205082259e+00
2.882168577205074911e+00
-1.448522542279492065e+01
2.024956257720507935e+01
-1.606407942279491863e+01
-1.606407942279492218e+01
-1.132751742279491936e+01
-2.395834942279491742e+01
-1.922178742279491814e+01
-1.448522542279491887e+01
-2.755394227949210517e-01
-1.448522542279491887e+01
-9.748663422794923150e+00
-1.132751742279491936e+01
-2.237949542279491055e+01
-1.854393422794924362e+00
-1.606407942279491863e+01
-8.169809422794923393e+00
-3.501032742279491572e+01
1.235529257720508411e+01
-4.290459742279492161e+01
-1.290637142279491911e+01
-2.080064142279491080e+01
1.303314577205075153e+00
-1.290637142279491911e+01
-4.922001342279490643e+01
1.077643857720508080e+01
-3.027376542279491645e+01
-1.448522542279491887e+01
-5.012101422794923877e+00
-1.448522542279491887e+01
-1.922178742279491814e+01
-9.748663422794919597e+00
-9.748663422794919597e+00
-3.433247422794924120e+00
-5.012101422794923877e+00
-2.080064142279492145e+01
-1.448522542279492065e+01
-1.448522542279492065e+01
-1.132751742279491936e+01
4.461022577205074668e+00
-6.590955422794920082e+00
7.618730577205081289e+00
-9.748663422794919597e+00
6.039876577205074426e+00
-1.132751742279491936e+01
-1.922178742279491814e+01
-2.553720342279491717e+01
-3.433247422794920567e+00
1.303314577205078706e+00
-1.448522542279491887e+01
-1.290637142279491201e+01
-2.711605742279491693e+01
-8.169809422794919840e+00
-8.169809422794919840e+00
-2.755394227949246044e-01
-8.169809422794916287e+00
-1.448522542279492065e+01
-3.027376542279491645e+01
-3.343147342279490886e+01
-1.132751742279492113e+01
-1.448522542279491887e+01
-2.869491142279492024e+01
-1.132751742279491936e+01
-2.395834942279491742e+01
-8.169809422794923393e+00
-5.012101422794920325e+00
-9.748663422794919597e+00
-2.080064142279492145e+01
-2.237949542279491766e+01
1.303314577205075153e+00
-1.922178742279491104e+01
-1.854393422794924362e+00
-1.290637142279491201e+01
-1.854393422794924362e+00
-1.922178742279491104e+01
-5.012101422794920325e+00
1.303314577205075153e+00
-2.869491142279491669e+01
-1.290637142279492267e+01
-8.169809422794923393e+00
-9.748663422794919597e+00
-2.711605742279492048e+01
-1.764293342279491839e+01
-2.237949542279492121e+01
1.303314577205075153e+00
-2.395834942279491031e+01
-2.395834942279491742e+01
-2.080064142279491790e+01
-1.854393422794920809e+00
-1.290637142279491911e+01
-8.169809422794909182e+00
-4.132574342279490764e+01
-5.012101422794920325e+00
-1.448522542279491532e+01
-2.755394227949210517e-01
-1.764293342279491128e+01
-3.343147342279491596e+01
-1.922178742279491814e+01
-3.343147342279490886e+01
-8.169809422794919840e+00
-2.553720342279492073e+01
-6.590955422794923635e+00
-2.755394227949246044e-01
-9.748663422794919597e+00
-1.448522542279491887e+01
9.197584577205073941e+00
-9.748663422794919597e+00
-3.185261942279491620e+01
-1.448522542279492065e+01
-3.185261942279490910e+01
-6.590955422794920082e+00
-3.433247422794920567e+00
-8.169809422794923393e+00
-1.132751742279492291e+01
-6.590955422794920082e+00
-1.132751742279491936e+01
-1.764293342279491839e+01
-5.012101422794909666e+00
-8.169809422794919840e+00
-2.395834942279492097e+01
-1.764293342279492194e+01
-2.395834942279491742e+01
-1.290637142279491911e+01
-1.132751742279491936e+01
-2.755394227949210517e-01
-6.590955422794923635e+00
-1.606407942279491863e+01
-3.433247422794924120e+00
-1.290637142279491911e+01
1.303314577205078706e+00
-1.606407942279491863e+01
-1.922178742279492170e+01
-1.606407942279491152e+01
-1.290637142279491911e+01
-6.590955422794916529e+00
-1.448522542279491887e+01
-6.590955422794920082e+00
-2.080064142279491080e+01
-2.711605742279491693e+01
-2.237949542279492121e+01
1.235529257720508056e+01
-3.658918142279490837e+01
-2.080064142279490724e+01
-9.748663422794923150e+00
-1.922178742279492170e+01
-8.169809422794923393e+00
-2.395834942279491031e+01
-1.854393422794924362e+00
-1.448522542279491532e+01
-1.606407942279492218e+01
-1.448522542279491532e+01
-2.237949542279491766e+01
-3.501032742279491572e+01
-1.448522542279491887e+01
1.303314577205075153e+00
-2.395834942279492097e+01
-1.448522542279491887e+01
-9.748663422794916045e+00
-1.764293342279492194e+01
-2.237949542279491766e+01
-1.290637142279492267e+01
-2.237949542279491055e+01
-2.711605742279491693e+01
-2.080064142279491790e+01
-5.079886742279492040e+01
-2.080064142279491790e+01
-2.237949542279491055e+01
-1.764293342279491839e+01
-1.922178742279492170e+01
-3.658918142279490837e+01
-3.343147342279491596e+01
-1.606407942279491863e+01
-4.132574342279492896e+01
-1.606407942279492218e+01
-3.027376542279491645e+01
-2.080064142279491435e+01
-2.080064142279491790e+01
-6.590955422794920082e+00
-3.658918142279490837e+01
-2.711605742279491693e+01
-1.606407942279491863e+01
-1.606407942279492218e+01
-2.553720342279491007e+01
-4.448345142279491427e+01
-2.080064142279491790e+01
-3.816803542279492234e+01
-3.343147342279490886e+01
-2.711605742279491693e+01
-6.590955422794920082e+00
-4.606230542279492113e+01
-1.290637142279491911e+01
-1.764293342279492194e+01
-1.606407942279491508e+01
-3.433247422794924120e+00
-3.658918142279491548e+01
-1.448522542279492242e+01
-2.237949542279491766e+01
-3.501032742279491572e+01
-2.711605742279491693e+01
-8.169809422794916287e+00
-1.606407942279491152e+01
-2.553720342279491717e+01
-1.606407942279491152e+01
-2.080064142279492145e+01
-1.606407942279492218e+01
-2.080064142279491435e+01
-2.395834942279491742e+01
-2.869491142279492024e+01
-3.658918142279491548e+01
-2.755394227949103936e-01
-2.395834942279492097e+01
-6.590955422794923635e+00
7.618730577205081289e+00
-8.169809422794916287e+00
-1.290637142279492267e+01
-1.764293342279491839e+01
-9.748663422794919597e+00
-5.869313742279491919e+01
-1.606407942279491863e+01
-1.448522542279491887e+01
-1.448522542279491887e+01
-1.448522542279491887e+01
-2.711605742279490983e+01
-1.132751742279491936e+01
-1.132751742279492291e+01
-5.012101422794909666e+00
-2.711605742279491338e+01
-9.748663422794923150e+00
-9.748663422794919597e+00
-1.606407942279491863e+01
-2.237949542279491055e+01
-2.869491142279490958e+01
2.882168577205074911e+00
-3.658918142279492258e+01
-1.606407942279491863e+01
-5.012101422794920325e+00
-2.869491142279491669e+01
-1.448522542279491887e+01
-1.606407942279491863e+01
-2.395834942279491386e+01
-1.448522542279491887e+01
-2.711605742279491338e+01
-1.132751742279491936e+01
-2.237949542279491766e+01
-9.748663422794916045e+00
-1.922178742279492170e+01
-9.748663422794923150e+00
-3.658918142279490837e+01
-1.290637142279491911e+01
-1.290637142279491911e+01
-6.590955422794920082e+00
-2.237949542279491055e+01
-1.606407942279492218e+01
-1.854393422794924362e+00
-2.711605742279490983e+01
-2.395834942279491031e+01
-1.290637142279491911e+01
-1.606407942279491863e+01
-2.755394227949246044e-01
-9.748663422794919597e+00
2.882168577205074911e+00
-8.169809422794919840e+00
-1.132751742279492291e+01
-1.764293342279491128e+01
-2.553720342279491007e+01
-1.606407942279492218e+01
-4.922001342279492064e+01
-2.080064142279491790e+01
-1.290637142279492267e+01
-2.237949542279492121e+01
-4.290459742279490740e+01
-1.854393422794924362e+00
-2.080064142279491080e+01
-3.816803542279491523e+01
4.461022577205074668e+00
-9.748663422794919597e+00
-2.755394227949246044e-01
-3.501032742279492993e+01
-1.764293342279491839e+01
-2.395834942279491031e+01
-1.448522542279491887e+01
-1.606407942279491152e+01
-1.764293342279491839e+01
-2.755394227949210517e-01
-1.922178742279491814e+01
-5.012101422794920325e+00
-2.869491142279490958e+01
-1.132751742279491936e+01
-2.869491142279491669e+01
-1.132751742279491580e+01
-2.080064142279491080e+01
-2.080064142279492145e+01
1.303314577205082259e+00
-2.553720342279491717e+01
-2.237949542279491766e+01
-3.658918142279492258e+01
-6.590955422794920082e+00
-2.237949542279491766e+01
-2.395834942279491742e+01
2.882168577205082016e+00
-2.869491142279490958e+01
-2.080064142279491790e+01
-1.606407942279492218e+01
-3.027376542279490934e+01
-2.869491142279490958e+01
-1.764293342279491839e+01
-2.553720342279491007e+01
-1.606407942279491152e+01
-3.658918142279490837e+01
-4.448345142279491427e+01
-1.606407942279491863e+01
-2.711605742279491693e+01
-2.080064142279491080e+01
-2.553720342279491717e+01
-1.290637142279492267e+01
-2.395834942279491742e+01
-4.448345142279491427e+01
-1.132751742279491580e+01
-3.658918142279491548e+01
-1.448522542279491887e+01
-3.816803542279490813e+01
-1.764293342279491839e+01
-1.606407942279491152e+01
-3.501032742279491572e+01
-8.169809422794916287e+00
-1.132751742279491936e+01
-8.169809422794916287e+00
-1.922178742279492170e+01
-6.590955422794920082e+00
-2.395834942279491742e+01
-2.395834942279492097e+01
-1.764293342279491483e+01
-2.237949542279491766e+01
-1.606407942279492218e+01
-2.553720342279491717e+01
-2.711605742279490983e+01
-4.132574342279490764e+01
-2.553720342279491007e+01
-2.711605742279491693e+01
-3.658918142279492258e+01
-1.606407942279491863e+01
-2.080064142279491080e+01
-2.080064142279491790e+01
-3.343147342279490886e+01
-3.343147342279491596e+01
-2.237949542279491055e+01
-4.132574342279492896e+01
-2.869491142279490958e+01
-4.448345142279492848e+01
-2.553720342279491007e+01
-2.395834942279492097e+01
-2.553720342279491717e+01
-2.553720342279491717e+01
-9.748663422794916045e+00
-1.290637142279491911e+01
-2.395834942279491742e+01
-2.395834942279491742e+01
-3.343147342279492307e+01
-1.448522542279491887e+01
-3.816803542279491523e+01
-3.027376542279492000e+01
-2.395834942279491742e+01
-1.290637142279492267e+01
-2.237949542279491766e+01
-1.764293342279491483e+01
-1.764293342279491839e+01
-2.869491142279492024e+01
-3.501032742279491572e+01
-3.343147342279490886e+01
-3.027376542279492000e+01
-1.764293342279491483e+01
-3.501032742279490861e+01
-1.132751742279491936e+01
-2.080064142279491790e+01
-1.290637142279491201e+01
-3.974688942279490789e+01
-2.553720342279491007e+01
-9.748663422794923150e+00
-2.869491142279490958e+01
-2.553720342279491717e+01
-2.237949542279491766e+01
-3.027376542279491645e+01
-4.606230542279490692e+01
-4.132574342279492896e+01
-3.343147342279493017e+01
-4.764115942279492799e+01
-1.922178742279491459e+01
-3.501032742279491572e+01
-2.869491142279490958e+01
-3.974688942279490789e+01
-2.395834942279491386e+01
-1.448522542279491887e+01
-3.027376542279491645e+01
-2.869491142279492024e+01
-4.132574342279492896e+01
-3.501032742279491572e+01
-4.764115942279491378e+01
-2.237949542279491055e+01
-1.764293342279491839e+01
-3.816803542279490813e+01
-2.237949542279491766e+01
-2.553720342279491007e+01
-2.080064142279491790e+01
-4.290459742279492161e+01
-2.553720342279491007e+01
-3.501032742279490861e+01
-1.448522542279492242e+01
-2.711605742279491693e+01
-1.922178742279491459e+01
-2.553720342279492073e+01
-1.764293342279492194e+01
-2.395834942279491742e+01
-3.343147342279490886e+01
-2.553720342279491717e+01
-2.395834942279491742e+01
-3.658918142279491548e+01
-3.343147342279491596e+01
-4.132574342279491475e+01
-2.237949542279491055e+01
-4.606230542279491402e+01
-3.027376542279490934e+01
-2.237949542279491411e+01
-1.922178742279491814e+01
-1.448522542279492242e+01
-3.658918142279490837e+01
-3.027376542279490934e+01
-2.553720342279491007e+01
-1.922178742279491814e+01
-2.395834942279491386e+01
-3.343147342279491596e+01
-3.027376542279492000e+01
-1.132751742279491936e+01
-3.816803542279491523e+01
-3.501032742279492993e+01
-2.711605742279490983e+01
-2.869491142279490958e+01
-1.764293342279491839e+01
-3.816803542279491523e+01
-2.553720342279491717e+01
-1.922178742279491814e+01
-4.448345142279491427e+01
-2.237949542279491766e+01
-2.395834942279492097e+01
-2.080064142279491790e+01
-3.816803542279491523e+01
-3.027376542279492710e+01
-3.658918142279492258e+01
-3.974688942279490789e+01
-3.433247422794920567e+00
-2.553720342279491007e+01
-1.448522542279491887e+01
-4.132574342279492896e+01
-2.080064142279491790e+01
-3.343147342279492307e+01
-4.132574342279491475e+01
-2.755394227949174990e-01
-4.290459742279492161e+01
-3.027376542279490934e+01
-5.553542942279491967e+01
-2.080064142279492145e+01
-4.606230542279491402e+01
-1.132751742279491580e+01
-2.395834942279491031e+01
-2.711605742279491338e+01
-2.553720342279491007e+01
-3.974688942279492210e+01
-3.027376542279490934e+01
-1.290637142279492267e+01
-2.553720342279491717e+01
-1.922178742279491814e+01
-3.974688942279490789e+01
-2.553720342279492783e+01
-3.816803542279491523e+01
-3.185261942279491620e+01
-3.501032742279491572e+01
-2.869491142279491669e+01
-2.395834942279491742e+01
-2.237949542279491766e+01
-1.448522542279492242e+01
-2.237949542279492121e+01
-6.590955422794920082e+00
-3.027376542279490934e+01
-2.869491142279491669e+01
-9.748663422794916045e+00
-3.658918142279490837e+01
-2.869491142279490958e+01
-3.658918142279490837e+01
-4.448345142279492848e+01
-2.395834942279491031e+01
-3.974688942279491499e+01
-3.185261942279491976e+01
-2.395834942279491742e+01
-3.027376542279491645e+01
-8.169809422794916287e+00
-2.869491142279490958e+01
-2.080064142279491790e+01
-2.080064142279491790e+01
-2.237949542279492121e+01
-6.590955422794920082e+00
-2.237949542279492121e+01
-3.501032742279491572e+01
-2.711605742279490983e+01
-1.606407942279491863e+01
-3.343147342279491596e+01
-3.185261942279491620e+01
-2.080064142279491790e+01
-3.343147342279491596e+01
-3.185261942279491976e+01
-2.711605742279491693e+01
-2.553720342279492073e+01
-8.169809422794916287e+00
-3.658918142279490837e+01
-2.080064142279491080e+01
-4.290459742279492872e+01
-2.711605742279491693e+01
-9.748663422794923150e+00
-2.553720342279491007e+01
-2.080064142279491790e+01
-4.448345142279492848e+01
-2.395834942279491386e+01
-1.448522542279491887e+01
-2.553720342279492073e+01
-8.169809422794923393e+00
-3.658918142279490837e+01
-3.185261942279491620e+01
-1.290637142279491911e+01
-2.869491142279490958e+01
-4.448345142279492137e+01
-1.448522542279491532e+01
-2.237949542279491055e+01
-2.869491142279490958e+01
-1.448522542279492242e+01
-2.080064142279492145e+01
-1.448522542279491532e+01
-5.711428342279491943e+01
-1.606407942279491863e+01
-3.185261942279491620e+01
-1.448522542279492242e+01
-2.711605742279491693e+01
-2.711605742279490983e+01
-3.027376542279491289e+01
-4.606230542279492823e+01
-1.922178742279491814e+01
-4.606230542279492823e+01
-3.027376542279491289e+01
-1.764293342279492194e+01
-3.816803542279491523e+01
-3.027376542279491289e+01
-3.658918142279492258e+01
-2.553720342279491717e+01
-1.132751742279492291e+01
-2.869491142279491669e+01
-3.343147342279491596e+01
-3.501032742279490861e+01
-5.012101422794916772e+00
-3.816803542279492234e+01
-3.185261942279491976e+01
-2.869491142279490958e+01
-4.290459742279492872e+01
-3.027376542279491645e+01
-2.237949542279491411e+01
-3.343147342279490886e+01
-3.185261942279492331e+01
-3.343147342279491596e+01
-4.290459742279492161e+01
-3.343147342279491596e+01
-3.974688942279491499e+01
-3.027376542279491645e+01
-3.816803542279492234e+01
-2.237949542279491766e+01
-2.869491142279493445e+01
-2.395834942279491031e+01
-3.974688942279490789e+01
-2.080064142279491790e+01
-1.606407942279492218e+01
-2.553720342279492783e+01
-2.869491142279490958e+01
-3.185261942279491620e+01
-3.658918142279490837e+01
-4.290459742279492161e+01
-4.132574342279492896e+01
-2.080064142279491790e+01
-3.974688942279492920e+01
-1.922178742279491104e+01
-3.816803542279491523e+01
-2.553720342279492073e+01
-3.343147342279491596e+01
-2.711605742279491338e+01
-1.606407942279491152e+01
-4.448345142279491427e+01
-2.080064142279491435e+01
-2.869491142279492735e+01
-2.869491142279490958e+01
-2.869491142279493445e+01
-2.711605742279492048e+01
-3.343147342279491596e+01
-4.290459742279492161e+01
-2.869491142279492024e+01
-2.553720342279491007e+01
-2.869491142279491669e+01
-1.764293342279492194e+01
-3.501032742279492993e+01
-2.869491142279492024e+01
-2.237949542279491411e+01
-4.606230542279492113e+01
-3.027376542279493421e+01
-3.658918142279491548e+01
-1.606407942279492218e+01
-3.501032742279490861e+01
-1.448522542279492242e+01
-4.922001342279492775e+01
-3.185261942279490910e+01
-3.658918142279491548e+01
-4.132574342279492896e+01
-3.658918142279490837e+01
-3.816803542279490813e+01
-4.606230542279492113e+01
-4.764115942279492089e+01
-3.974688942279492210e+01
-2.553720342279491007e+01
-3.974688942279492920e+01
-3.816803542279492945e+01
-3.185261942279491976e+01
-1.290637142279491556e+01
-2.395834942279491742e+01
-1.764293342279491483e+01
-4.606230542279492113e+01
-2.237949542279491411e+01
-2.237949542279491055e+01
-3.658918142279490837e+01
-3.343147342279490886e+01
-3.658918142279491548e+01
-2.080064142279491790e+01
-3.816803542279490813e+01
-4.448345142279492137e+01
-4.448345142279492137e+01
-3.501032742279491572e+01
-2.869491142279490958e+01
-4.448345142279492137e+01
-3.027376542279490934e+01
-6.027199142279492605e+01
-3.658918142279491548e+01
-5.395657542279492702e+01
-3.816803542279491523e+01
-3.816803542279492234e+01
-4.448345142279491427e+01
-3.658918142279492258e+01
-3.343147342279492307e+01
-4.606230542279492823e+01
-4.606230542279493534e+01
-3.816803542279491523e+01
-5.079886742279492040e+01
-5.711428342279492654e+01
-5.079886742279492751e+01
-2.237949542279492121e+01
-2.395834942279491031e+01
-2.553720342279491717e+01
-3.816803542279492945e+01
-3.974688942279491499e+01
-2.237949542279492121e+01
-5.237772142279492726e+01
-2.237949542279492121e+01
-2.553720342279491007e+01
-3.185261942279490910e+01
-5.237772142279492726e+01
-4.448345142279492848e+01
-3.343147342279491596e+01
-3.185261942279493397e+01
-3.343147342279492307e+01
-3.027376542279490934e+01
-5.711428342279492654e+01
-3.974688942279492210e+01
-3.974688942279491499e+01
-1.448522542279492242e+01
-5.553542942279492678e+01
-2.553720342279491717e+01
-1.922178742279491814e+01
-5.237772142279492016e+01
-2.869491142279490958e+01
-2.395834942279491386e+01
-2.869491142279490958e+01
-3.658918142279493679e+01
-3.185261942279491976e+01
-3.658918142279490837e+01
-3.658918142279492969e+01
-3.027376542279492710e+01
-6.185084542279492581e+01
-3.658918142279490837e+01
-3.501032742279490861e+01
-4.922001342279492775e+01
-4.448345142279492137e+01
-3.343147342279490886e+01
-3.816803542279490813e+01
-3.658918142279492258e+01
-3.501032742279492993e+01
-4.606230542279493534e+01
-1.922178742279492170e+01
-5.395657542279491992e+01
-3.816803542279492234e+01
-5.079886742279492751e+01
-4.290459742279492161e+01
-4.290459742279492161e+01
-5.553542942279492678e+01
-3.185261942279491976e+01
-4.290459742279492161e+01
-2.869491142279492735e+01
-6.027199142279491895e+01
-4.606230542279492113e+01
-3.816803542279492945e+01
-3.185261942279490910e+01
-3.343147342279493017e+01
-4.922001342279492064e+01
-3.974688942279491499e+01
-4.606230542279492823e+01
-3.501032742279492993e+01
-2.395834942279491386e+01
-3.501032742279492993e+01
-3.816803542279492234e+01
-5.553542942279492678e+01
-4.290459742279492161e+01
-4.132574342279491475e+01
-5.711428342279491943e+01
-3.974688942279492920e+01
-4.606230542279490692e+01
-3.027376542279492710e+01
-5.395657542279491992e+01
-4.132574342279492896e+01
-3.027376542279491645e+01
-3.658918142279491548e+01
-3.658918142279492969e+01
-4.132574342279492186e+01
-3.816803542279492945e+01
-5.395657542279492702e+01
-5.237772142279492016e+01
-3.658918142279492258e+01
-4.606230542279492113e+01
-5.079886742279492040e+01
-3.501032742279492993e+01
-4.448345142279492137e+01
-3.027376542279491645e+01
-5.711428342279491943e+01
-4.448345142279492848e+01
-2.711605742279490983e+01
-5.079886742279492040e+01
-4.922001342279492064e+01
-3.658918142279492258e+01
-3.343147342279490886e+01
-4.290459742279492161e+01
-3.658918142279492969e+01
-3.816803542279491523e+01
-4.606230542279493534e+01
-2.237949542279492832e+01
-5.237772142279492016e+01
-4.132574342279491475e+01
-1.448522542279490821e+01
-3.658918142279490837e+01
-4.290459742279492872e+01
-3.343147342279492307e+01
-3.501032742279492993e+01
-5.869313742279491919e+01
-3.501032742279490861e+01
-3.343147342279492307e+01
-4.448345142279492848e+01
-3.974688942279492210e+01
-4.922001342279492064e+01
-2.711605742279491338e+01
-4.922001342279490643e+01
-2.869491142279492024e+01
-4.764115942279492799e+01
-3.501032742279492993e+01
-2.395834942279492097e+01
-5.553542942279493388e+01
-3.816803542279492945e+01
-2.237949542279491766e+01
-4.448345142279491427e+01
-2.080064142279491790e+01
-6.027199142279491895e+01
-2.553720342279492073e+01
-3.974688942279490789e+01
-2.711605742279490983e+01
-3.027376542279491645e+01
-4.922001342279492775e+01
-6.185084542279491870e+01
-2.080064142279492145e+01
-8.169809422794923393e+00
-4.606230542279492823e+01
-4.922001342279492064e+01
-4.290459742279492161e+01
-3.185261942279492686e+01
-4.764115942279490667e+01
-6.027199142279492605e+01
-5.079886742279492751e+01
-3.816803542279492945e+01
-3.658918142279491548e+01
-4.448345142279491427e+01
-3.027376542279490934e+01
-3.027376542279491645e+01
-4.290459742279492161e+01
-5.237772142279493437e+01
-2.237949542279492121e+01
-5.079886742279492751e+01
-4.922001342279493485e+01
-5.553542942279493388e+01
-4.606230542279493534e+01
-3.816803542279491523e+01
-4.606230542279491402e+01
-2.869491142279493445e+01
-5.395657542279492702e+01
-4.290459742279492872e+01
-3.501032742279492282e+01
-3.816803542279490813e+01
-3.027376542279492710e+01
-2.553720342279491717e+01
-4.448345142279492137e+01
-4.290459742279492161e+01
-3.343147342279491596e+01
-2.869491142279492024e+01
-4.448345142279492137e+01
-1.290637142279491556e+01
-5.711428342279491943e+01
-4.606230542279492823e+01
-3.658918142279491548e+01
-3.343147342279490886e+01
-4.448345142279492137e+01
-1.922178742279490749e+01
-5.869313742279491919e+01
-3.501032742279491572e+01
-4.290459742279492872e+01
-5.711428342279491943e+01
-5.237772142279492016e+01
-5.395657542279491992e+01
-6.185084542279492581e+01
-2.237949542279491411e+01
-4.448345142279492848e+01
-3.185261942279493397e+01
-5.237772142279492726e+01
-3.974688942279492210e+01
-4.448345142279492848e+01
-4.448345142279492137e+01
-4.132574342279492896e+01
-5.395657542279491992e+01
-2.869491142279490958e+01
-2.237949542279492121e+01
-3.658918142279491548e+01
-3.816803542279491523e+01
-5.395657542279491992e+01
-6.185084542279492581e+01
-3.974688942279492920e+01
-3.185261942279492686e+01
-3.974688942279492210e+01
-3.974688942279492210e+01
-4.290459742279491451e+01
-4.606230542279492113e+01
-3.343147342279492307e+01
-4.290459742279492872e+01
-4.764115942279492089e+01
-5.237772142279490595e+01
-3.501032742279491572e+01
-5.237772142279492726e+01
-6.027199142279492605e+01
-5.237772142279492726e+01
-4.922001342279492064e+01
-3.974688942279492920e+01
-4.606230542279492823e+01
-4.922001342279492064e+01
-3.816803542279492945e+01
-4.448345142279492848e+01
-1.922178742279492170e+01
-4.606230542279493534e+01
-3.974688942279492210e+01
-5.079886742279492751e+01
-5.237772142279492726e+01
-3.185261942279491620e+01
-3.343147342279491596e+01
-4.764115942279492089e+01
-4.132574342279491475e+01
-3.501032742279492993e+01
-3.816803542279492945e+01
-3.816803542279492234e+01
-4.290459742279491451e+01
-2.755394227949174990e-01
-3.343147342279492307e+01
-3.501032742279491572e+01
-3.185261942279492331e+01
-2.395834942279491386e+01
-3.027376542279492000e+01
-4.448345142279492848e+01
-5.711428342279492654e+01
-1.922178742279491814e+01
-6.342969942279492557e+01
-3.974688942279492210e+01
-3.816803542279492234e+01
-4.922001342279493485e+01
-2.711605742279491338e+01
-4.764115942279492089e+01
-5.395657542279492702e+01
-5.553542942279491967e+01
-4.448345142279492848e+01
-3.816803542279492945e+01
-5.079886742279492040e+01
-5.395657542279492702e+01
-3.343147342279492307e+01
-4.290459742279493582e+01
-5.869313742279491919e+01
-4.764115942279492799e+01
-4.922001342279492775e+01
-6.658740742279491087e+01
-7.290282342279490990e+01
-3.974688942279492210e+01
-5.079886742279492751e+01
-5.711428342279492654e+01
-3.974688942279492210e+01
-6.185084542279491870e+01
-5.553542942279492678e+01
-5.869313742279491919e+01
-5.079886742279492751e+01
-4.606230542279492823e+01
-5.711428342279491233e+01
-5.395657542279491281e+01
-5.553542942279491967e+01
-7.290282342279492411e+01
-6.342969942279492557e+01
-4.606230542279492113e+01
-4.448345142279492137e+01
-6.658740742279491087e+01
-4.922001342279492064e+01
-6.342969942279491136e+01
-5.553542942279491967e+01
-5.711428342279492654e+01
-4.448345142279492137e+01
-5.079886742279492751e+01
-4.132574342279492186e+01
-5.869313742279491919e+01
-2.711605742279492048e+01
-5.237772142279492726e+01
-5.869313742279491919e+01
-5.711428342279492654e+01
-5.079886742279492040e+01
-5.079886742279492751e+01
-6.500855342279490401e+01
-5.237772142279492016e+01
-6.816626142279491773e+01
-4.132574342279492896e+01
-3.974688942279492210e+01
-3.816803542279492945e+01
-5.553542942279491967e+01
-5.711428342279492654e+01
-3.816803542279492945e+01
-5.395657542279492702e+01
-5.711428342279491943e+01
-6.185084542279491870e+01
-7.763938542279491628e+01
-5.395657542279492702e+01
-5.079886742279492040e+01
-4.922001342279492064e+01
-4.922001342279492064e+01
-5.711428342279491943e+01
-6.342969942279491846e+01
-6.027199142279492605e+01
-5.395657542279492702e+01
-4.448345142279492137e+01
-5.711428342279491943e+01
-5.711428342279492654e+01
-6.342969942279491846e+01
-5.079886742279492040e+01
-4.922001342279492775e+01
-6.658740742279492508e+01
-3.658918142279490837e+01
-5.395657542279492702e+01
-5.553542942279491967e+01
-5.237772142279492726e+01
-4.922001342279492064e+01
-4.132574342279492186e+01
-6.500855342279490401e+01
-3.974688942279491499e+01
-5.553542942279492678e+01
-5.079886742279492040e+01
-4.448345142279492848e+01
-7.448167742279493098e+01
-5.079886742279492751e+01
-4.448345142279492137e+01
-4.448345142279492848e+01
-5.079886742279492040e+01
-3.974688942279490789e+01
-4.764115942279492089e+01
-6.500855342279493243e+01
-2.395834942279491386e+01
-4.764115942279492799e+01
-3.501032742279491572e+01
-3.816803542279492945e+01
-4.764115942279492799e+01
-4.922001342279492775e+01
-4.132574342279491475e+01
-4.764115942279492799e+01
-5.079886742279492040e+01
-6.658740742279491087e+01
-4.764115942279492089e+01
-7.132396942279491725e+01
-5.869313742279491919e+01
-6.658740742279492508e+01
-4.922001342279492064e+01
-3.658918142279492258e+01
-5.395657542279492702e+01
-5.869313742279491919e+01
-5.869313742279491919e+01
-5.079886742279492751e+01
-5.395657542279492702e+01
-7.290282342279490990e+01
-6.342969942279491846e+01
-6.185084542279492581e+01
-4.922001342279492064e+01
-5.553542942279491967e+01
-5.553542942279492678e+01
-6.342969942279491846e+01
-3.816803542279492945e+01
-3.185261942279493397e+01
-4.448345142279492848e+01
-2.711605742279491338e+01
-6.027199142279492605e+01
-6.342969942279491846e+01
-7.290282342279492411e+01
-3.343147342279492307e+01
-6.185084542279491870e+01
-4.606230542279492113e+01
-4.448345142279492848e+01
-4.448345142279492848e+01
-6.658740742279492508e+01
-5.711428342279491943e+01
-2.553720342279492783e+01
-5.553542942279491967e+01
-4.448345142279492137e+01
-4.132574342279492896e+01
-6.500855342279491822e+01
-4.290459742279492161e+01
-3.658918142279492969e+01
-4.764115942279492089e+01
-4.606230542279492823e+01
-4.764115942279492799e+01
-2.080064142279491435e+01
-5.869313742279491208e+01
-5.395657542279492702e+01
-3.816803542279492234e+01
-2.711605742279491338e+01
-5.395657542279491992e+01
-4.606230542279492113e+01
-2.869491142279492735e+01
-5.395657542279492702e+01
-5.079886742279492751e+01
-6.342969942279492557e+01
-5.395657542279491992e+01
-4.448345142279492848e+01
-4.132574342279492186e+01
-5.079886742279492751e+01
-4.606230542279492113e+01
-4.764115942279492799e+01
-5.237772142279492016e+01
-5.553542942279493388e+01
-5.237772142279492016e+01
-5.395657542279491992e+01
-4.606230542279492113e+01
-5.869313742279492629e+01
-4.764115942279492799e+01
-4.290459742279492161e+01
-5.869313742279491919e+01
-3.658918142279492258e+01
-5.553542942279492678e+01
-5.395657542279492702e+01
-3.816803542279491523e+01
-4.448345142279492848e+01
-5.553542942279492678e+01
-3.658918142279490837e+01
-4.448345142279492848e+01
-6.027199142279492605e+01
-4.606230542279492823e+01
-4.448345142279492848e+01
-4.448345142279492848e+01
-3.185261942279492686e+01
-3.974688942279492210e+01
-3.974688942279492920e+01
-4.606230542279492113e+01
-4.448345142279492137e+01
-5.711428342279492654e+01
-3.185261942279492686e+01
-4.132574342279492186e+01
-3.343147342279493017e+01
-4.922001342279492775e+01
-7.132396942279491725e+01
-6.816626142279491773e+01
-6.816626142279491773e+01
-4.448345142279492137e+01
-4.132574342279492186e+01
-4.290459742279492872e+01
-5.079886742279492751e+01
-5.711428342279492654e+01
-2.553720342279492073e+01
-3.816803542279492945e+01
-4.290459742279492872e+01
-4.922001342279492775e+01
-4.132574342279492896e+01
-4.290459742279493582e+01
-6.342969942279492557e+01
-3.658918142279492258e+01
-4.448345142279492137e+01
-6.027199142279491184e+01
-4.922001342279492064e+01
-5.079886742279492040e+01
-5.553542942279491967e+01
-6.342969942279491846e+01
-5.079886742279492751e+01
-4.606230542279492113e+01
-5.079886742279492040e+01
-4.764115942279492799e+01
-4.606230542279492823e+01
-6.500855342279493243e+01
-5.869313742279491919e+01
-5.395657542279492702e+01
-5.079886742279492040e+01
-5.237772142279492016e+01
-5.395657542279492702e+01
-5.869313742279492629e+01
-5.711428342279491943e+01
-3.501032742279492993e+01
-4.132574342279492186e+01
-6.185084542279491870e+01
-6.185084542279493292e+01
-4.606230542279492823e+01
-3.658918142279492258e+01
-4.132574342279492896e+01
-4.132574342279492186e+01
-5.711428342279492654e+01
-4.448345142279492848e+01
-5.237772142279492726e+01
-4.606230542279492113e+01
-4.606230542279492823e+01
-5.711428342279491943e+01
-2.080064142279491435e+01
-5.079886742279492751e+01
-3.974688942279492210e+01
-5.237772142279492726e+01
-3.816803542279491523e+01
-4.922001342279492064e+01
-4.132574342279492186e+01
-5.079886742279492040e+01
-5.711428342279492654e+01
-4.448345142279492848e+01
-5.553542942279491967e+01
-5.079886742279492040e+01
-4.922001342279492775e+01
-6.816626142279491773e+01
-5.079886742279492040e+01
-3.658918142279492258e+01
-5.711428342279492654e+01
-6.185084542279493292e+01
-5.869313742279491919e+01
-5.553542942279491967e+01
-5.079886742279492040e+01
-6.816626142279491773e+01
-5.711428342279492654e+01
-6.342969942279491136e+01
-5.079886742279492751e+01
-6.342969942279492557e+01
-3.974688942279492920e+01
-4.290459742279492872e+01
-4.764115942279492089e+01
-4.764115942279492089e+01
-4.606230542279492113e+01
-6.185084542279491870e+01
-6.027199142279492605e+01
-4.764115942279492799e+01
-6.185084542279492581e+01
-7.132396942279490304e+01
-6.027199142279491895e+01
-6.342969942279492557e+01
-7.132396942279491725e+01
-3.974688942279492210e+01
-5.711428342279491943e+01
-6.974511542279492460e+01
-4.764115942279492799e+01
-5.079886742279492751e+01
-5.237772142279492726e+01
-7.448167742279491677e+01
-4.606230542279492823e+01
-5.869313742279493340e+01
-5.237772142279492726e+01
-5.711428342279491233e+01
-5.079886742279492751e+01
-6.816626142279491773e+01
-5.237772142279492016e+01
-6.027199142279491895e+01
-8.237594742279490845e+01
-3.027376542279493421e+01
-6.500855342279491822e+01
-7.290282342279490990e+01
-3.816803542279492945e+01
-6.974511542279492460e+01
-4.132574342279492896e+01
-7.132396942279493146e+01
-6.342969942279491846e+01
-5.553542942279492678e+01
-6.816626142279491773e+01
-4.606230542279493534e+01
-6.185084542279493292e+01
-4.448345142279492848e+01
-6.658740742279491087e+01
-8.079709342279491580e+01
-4.606230542279493534e+01
-6.027199142279492605e+01
-3.974688942279492210e+01
-6.185084542279491870e+01
-5.553542942279492678e+01
-8.079709342279491580e+01
-6.974511542279491039e+01
-4.606230542279492113e+01
-7.132396942279491725e+01
-6.185084542279492581e+01
-6.500855342279491822e+01
-5.079886742279491330e+01
-4.132574342279492186e+01
-5.711428342279492654e+01
-6.974511542279492460e+01
-5.237772142279492016e+01
-5.395657542279491992e+01
-6.185084542279492581e+01
-6.027199142279491184e+01
-5.079886742279492040e+01
-4.606230542279492823e+01
-5.395657542279492702e+01
-4.448345142279492848e+01
-7.290282342279492411e+01
-5.711428342279491943e+01
-3.501032742279492993e+01
-6.974511542279491039e+01
-5.237772142279492016e+01
-6.027199142279491895e+01
-6.974511542279491039e+01
-6.816626142279493195e+01
-3.658918142279492258e+01
-5.079886742279492040e+01
-5.237772142279493437e+01
-4.290459742279492872e+01
-6.342969942279491136e+01
-5.395657542279491992e+01
-3.501032742279492282e+01
-6.974511542279491039e+01
-5.869313742279492629e+01
-6.185084542279493292e+01
-5.395657542279492702e+01
-3.343147342279493728e+01
-6.500855342279490401e+01
-5.079886742279492040e+01
-5.869313742279493340e+01
-5.237772142279492726e+01
-5.079886742279492040e+01
-4.448345142279492137e+01
-5.079886742279492040e+01
-7.290282342279490990e+01
-6.185084542279491870e+01
-5.711428342279492654e+01
-4.448345142279492137e+01
-4.132574342279492896e+01
-5.869313742279491919e+01
-6.816626142279491773e+01
-4.922001342279492064e+01
-5.395657542279492702e+01
-6.342969942279492557e+01
-4.448345142279491427e+01
-5.869313742279493340e+01
-5.237772142279492726e+01
-3.501032742279492993e+01
-4.606230542279492823e+01
-6.027199142279492605e+01
-4.764115942279492799e+01
-6.027199142279492605e+01
-5.395657542279491992e+01
-3.974688942279493631e+01
-6.816626142279491773e+01
-5.395657542279491992e+01
-4.448345142279492848e+01
-6.816626142279491773e+01
-4.922001342279492064e+01
-3.974688942279493631e+01
-6.816626142279491773e+01
-4.606230542279492823e+01
-6.027199142279492605e+01
-4.922001342279492064e+01
-3.974688942279492210e+01
-6.342969942279492557e+01
-5.553542942279493388e+01
-5.237772142279492016e+01
-5.553542942279491967e+01
-4.290459742279492872e+01
-5.711428342279491233e+01
-3.027376542279492710e+01
-8.079709342279491580e+01
-4.764115942279492799e+01
-5.079886742279492040e+01
-5.079886742279492040e+01
-6.974511542279492460e+01
-4.764115942279492799e+01
-4.448345142279492848e+01
-5.237772142279492016e+01
-4.764115942279492799e+01
-5.553542942279491967e+01
-6.816626142279491773e+01
-4.448345142279492848e+01
-6.974511542279492460e+01
-5.395657542279492702e+01
-3.816803542279492945e+01
-5.869313742279492629e+01
-7.606053142279492363e+01
-5.711428342279491943e+01
-5.079886742279492751e+01
-4.290459742279492872e+01
-6.500855342279491822e+01
-5.395657542279492702e+01
-4.290459742279492161e+01
-6.027199142279492605e+01
-5.711428342279492654e+01
-6.027199142279491895e+01
-4.922001342279492775e+01
-4.922001342279492775e+01
-6.027199142279492605e+01
-4.448345142279492848e+01
-6.027199142279491895e+01
-6.658740742279491087e+01
-6.658740742279491087e+01
-5.869313742279491919e+01
-5.237772142279492726e+01
-5.711428342279491943e+01
-5.553542942279491967e+01
-6.658740742279491087e+01
-4.764115942279492089e+01
-4.764115942279492799e+01
-7.290282342279490990e+01
-7.448167742279491677e+01
-3.816803542279492945e+01
-6.027199142279491184e+01
-5.237772142279492726e+01
-3.501032742279492993e+01
-4.764115942279492799e+01
-5.711428342279491943e+01
-4.606230542279492823e+01
-5.553542942279491967e+01
-5.553542942279491967e+01
-8.869136342279490748e+01
-5.869313742279491919e+01
-4.448345142279492137e+01
-4.606230542279492113e+01
-5.395657542279491992e+01
-6.500855342279491822e+01
-6.185084542279491160e+01
-6.658740742279492508e+01
-5.553542942279491967e+01
-4.606230542279492823e+01
-6.974511542279491039e+01
-5.079886742279492040e+01
-5.237772142279490595e+01
-6.185084542279492581e+01
-6.027199142279492605e+01
-4.764115942279492089e+01
-5.869313742279491919e+01
-7.290282342279490990e+01
-6.816626142279491773e+01
-6.185084542279491870e+01
-5.869313742279491208e+01
-6.027199142279492605e+01
-4.448345142279492137e+01
-4.764115942279492799e+01
-3.658918142279492258e+01
-4.606230542279492113e+01
-5.079886742279492040e+01
-6.658740742279492508e+01
-7.290282342279492411e+01
-3.658918142279493679e+01
-8.553365542279490796e+01
-3.185261942279493397e+01
-5.395657542279492702e+01
-4.922001342279492064e+01
-5.079886742279492040e+01
-5.711428342279491943e+01
-6.027199142279492605e+01
-6.500855342279491822e+01
-5.869313742279491919e+01
-6.658740742279492508e+01
-5.395657542279491992e+01
-4.922001342279492064e+01
-7.290282342279490990e+01
-5.395657542279491992e+01
-5.869313742279491208e+01
-6.027199142279491895e+01
-6.658740742279492508e+01
-5.237772142279492016e+01
-6.500855342279490401e+01
-2.869491142279492735e+01
-6.342969942279492557e+01
-6.342969942279492557e+01
-6.500855342279491822e+01
-4.448345142279492848e+01
-4.448345142279492137e+01
-4.764115942279492089e+01
-6.658740742279491087e+01
-4.606230542279492113e+01
-4.922001342279492064e+01
-4.764115942279492799e+01
-5.395657542279491992e+01
-4.448345142279492137e+01
-3.974688942279492210e+01
-6.658740742279491087e+01
-5.553542942279491967e+01
-6.027199142279491184e+01
-6.342969942279492557e+01
-6.342969942279491846e+01
-6.658740742279491087e+01
-6.342969942279491136e+01
-6.027199142279492605e+01
-4.922001342279492775e+01
-5.869313742279491919e+01
-4.132574342279492896e+01
-4.448345142279492848e+01
-5.079886742279492751e+01
-4.922001342279492775e+01
-5.395657542279491992e+01
-6.658740742279491087e+01
-5.395657542279491281e+01
-5.395657542279491992e+01
-4.448345142279491427e+01
-4.606230542279492113e+01
-6.185084542279491160e+01
-7.132396942279491725e+01
-6.658740742279491087e+01
-5.553542942279492678e+01
-4.132574342279492896e+01
-6.658740742279491087e+01
-5.553542942279493388e+01
-7.448167742279491677e+01
-6.500855342279490401e+01
-6.500855342279490401e+01
-8.711250942279491483e+01
-6.816626142279491773e+01
-5.553542942279491257e+01
-6.027199142279492605e+01
-4.606230542279493534e+01
-6.500855342279491822e+01
-6.027199142279492605e+01
-5.237772142279492726e+01
-4.764115942279492799e+01
-7.132396942279493146e+01
-5.553542942279492678e+01
-6.342969942279491136e+01
-5.237772142279492726e+01
-7.290282342279492411e+01
-5.553542942279492678e+01
-6.658740742279492508e+01
-5.079886742279491330e+01
-7.763938542279493049e+01
-4.448345142279492848e+01
-5.711428342279491233e+01
-6.185084542279492581e+01
-5.711428342279492654e+01
-7.290282342279490990e+01
-4.922001342279492064e+01
-6.500855342279493243e+01
-7.290282342279490990e+01
-5.869313742279491919e+01
-6.027199142279491184e+01
-6.500855342279490401e+01
-6.816626142279491773e+01
-4.922001342279493485e+01
-5.711428342279492654e+01
-6.658740742279491087e+01
-6.342969942279492557e+01
-6.342969942279492557e+01
-6.185084542279492581e+01
-6.185084542279491870e+01
-7.606053142279492363e+01
-4.922001342279492775e+01
-4.448345142279492848e+01
-4.448345142279492848e+01
-4.448345142279492137e+01
-5.237772142279492726e+01
-5.079886742279492040e+01
-5.237772142279492016e+01
-5.079886742279492751e+01
-4.448345142279492848e+01
-6.027199142279492605e+01
-5.869313742279491208e+01
-4.448345142279492848e+01
-6.342969942279491846e+01
-6.342969942279491846e+01
-5.237772142279492016e+01
-4.764115942279492799e+01
-6.974511542279492460e+01
-5.869313742279492629e+01
-6.027199142279492605e+01
-7.606053142279492363e+01
-5.237772142279492726e+01
-5.395657542279492702e+01
-5.711428342279491943e+01
-6.974511542279492460e+01
-6.027199142279491184e+01
-6.342969942279492557e+01
-5.711428342279492654e+01
-6.816626142279491773e+01
-5.079886742279492040e+01
-6.658740742279492508e+01
-6.500855342279493243e+01
-6.500855342279490401e+01
-6.500855342279493243e+01
-7.606053142279492363e+01
-6.027199142279492605e+01
-7.448167742279491677e+01
-7.290282342279490990e+01
-7.132396942279493146e+01
-5.395657542279491281e+01
-5.869313742279491919e+01
-5.237772142279490595e+01
-6.658740742279491087e+01
-6.027199142279492605e+01
-5.553542942279491967e+01
-5.869313742279492629e+01
-6.185084542279491870e+01
-6.027199142279492605e+01
-6.027199142279491895e+01
-5.079886742279492040e+01
-7.448167742279491677e+01
-7.448167742279491677e+01
-4.606230542279492823e+01
-6.027199142279492605e+01
-6.342969942279492557e+01
-5.869313742279491208e+01
-6.027199142279491184e+01
-5.553542942279491967e+01
-3.816803542279492234e+01
-4.132574342279492186e+01
-5.553542942279492678e+01
-6.342969942279492557e+01
-7.921823942279490893e+01
-6.027199142279492605e+01
-2.869491142279492024e+01
-4.448345142279492848e+01
-7.763938542279493049e+01
-7.448167742279491677e+01
-5.869313742279491919e+01
-5.395657542279491992e+01
-6.974511542279491039e+01
-5.711428342279491943e+01
-6.342969942279491846e+01
-6.342969942279491136e+01
-5.553542942279491257e+01
-5.079886742279492751e+01
-4.922001342279492064e+01
-4.922001342279492775e+01
-4.448345142279492137e+01
-6.816626142279491773e+01
-5.869313742279491919e+01
-5.237772142279492726e+01
-5.869313742279491919e+01
-5.079886742279492040e+01
-5.237772142279492016e+01
-6.342969942279491846e+01
-6.185084542279492581e+01
-6.027199142279491895e+01
-6.185084542279491870e+01
-5.553542942279491967e+01
-5.869313742279491208e+01
-5.711428342279491943e+01
-7.448167742279491677e+01
-5.711428342279492654e+01
-8.079709342279491580e+01
-6.185084542279491870e+01
-5.079886742279491330e+01
-5.711428342279491943e+01
-6.816626142279491773e+01
-9.184907142279490699e+01
-8.079709342279491580e+01
-4.922001342279493485e+01
-5.711428342279491943e+01
-6.027199142279491184e+01
-7.606053142279490942e+01
-7.132396942279490304e+01
-7.290282342279490990e+01
-9.184907142279490699e+01
-7.132396942279491725e+01
-6.027199142279492605e+01
-7.132396942279491725e+01
-7.132396942279491725e+01
-6.816626142279491773e+01
-4.290459742279492161e+01
-6.185084542279491870e+01
-6.658740742279491087e+01
-6.658740742279491087e+01
-6.658740742279491087e+01
-5.079886742279492751e+01
-5.237772142279492016e+01
-8.237594742279490845e+01
-6.185084542279491160e+01
-6.974511542279491039e+01
-6.816626142279491773e+01
-6.500855342279491822e+01
-7.448167742279491677e+01
-6.185084542279491870e+01
-7.290282342279490990e+01
-6.027199142279491895e+01
-6.500855342279490401e+01
-8.395480142279491531e+01
-5.395657542279492702e+01
-6.027199142279492605e+01
-6.185084542279491160e+01
-6.658740742279491087e+01
-6.185084542279491870e+01
-3.501032742279492993e+01
-5.711428342279491233e+01
-5.711428342279491943e+01
-5.079886742279492751e+01
-6.500855342279490401e+01
-6.342969942279492557e+01
-6.185084542279491870e+01
-6.816626142279491773e+01
-8.395480142279490110e+01
-4.290459742279492872e+01
-4.606230542279492113e+01
-5.395657542279491281e+01
-5.869313742279491208e+01
-5.395657542279492702e+01
-6.500855342279493243e+01
-6.342969942279492557e+01
-5.711428342279491233e+01
-6.185084542279491870e+01
-6.500855342279493243e+01
-5.395657542279491281e+01
-6.342969942279492557e+01
-6.974511542279491039e+01
-3.816803542279492945e+01
-7.290282342279492411e+01
-6.500855342279490401e+01
-6.500855342279491822e+01
-6.500855342279491822e+01
-6.027199142279492605e+01
-7.290282342279490990e+01
-6.027199142279492605e+01
-4.606230542279493534e+01
-7.606053142279492363e+01
-7.132396942279491725e+01
-6.974511542279492460e+01
-6.974511542279492460e+01
-4.448345142279492848e+01
-5.869313742279491919e+01
-7.132396942279493146e+01
-6.500855342279490401e+01
-6.658740742279492508e+01
-6.500855342279491822e+01
-6.658740742279491087e+01
-6.185084542279491870e+01
-6.185084542279491870e+01
-6.816626142279493195e+01
-4.606230542279492113e+01
-6.027199142279491895e+01
-7.763938542279491628e+01
-4.922001342279492064e+01
-6.658740742279492508e+01
-6.974511542279491039e+01
-4.922001342279492064e+01
-5.079886742279492751e+01
-6.974511542279492460e+01
-7.132396942279491725e+01
-6.500855342279493243e+01
-5.237772142279492726e+01
-5.079886742279492040e+01
-7.132396942279491725e+01
-6.974511542279492460e+01
-6.658740742279491087e+01
-6.342969942279491846e+01
-8.395480142279491531e+01
-6.027199142279491184e+01
-6.027199142279492605e+01
-6.185084542279491160e+01
-8.237594742279490845e+01
-4.922001342279493485e+01
-6.185084542279491160e+01
-5.553542942279492678e+01
-6.500855342279491822e+01
-7.290282342279490990e+01
-5.711428342279492654e+01
-6.027199142279492605e+01
-5.711428342279491943e+01
-5.553542942279492678e+01
-6.816626142279491773e+01
-7.290282342279490990e+01
-7.921823942279490893e+01
-6.658740742279491087e+01
-4.132574342279492896e+01
-7.448167742279491677e+01
-5.869313742279491919e+01
-6.185084542279491870e+01
-8.079709342279491580e+01
-5.395657542279491281e+01
-7.606053142279492363e+01
-6.342969942279491136e+01
-5.553542942279491967e+01
-5.079886742279492751e+01
-4.922001342279492775e+01
-8.079709342279491580e+01
-6.500855342279490401e+01
-6.342969942279491846e+01
-5.237772142279492726e+01
-5.079886742279492040e+01
-5.395657542279492702e+01
-3.816803542279492945e+01
-6.658740742279491087e+01
-6.185084542279492581e+01
-6.658740742279491087e+01
-4.606230542279493534e+01
-6.185084542279491870e+01
-6.342969942279491846e+01
-5.079886742279492751e+01
-3.974688942279490789e+01
-5.711428342279491233e+01
-7.290282342279492411e+01
-6.027199142279491895e+01
-6.342969942279491846e+01
-5.711428342279491943e+01
-6.658740742279492508e+01
-4.764115942279492089e+01
-5.079886742279492751e+01
-5.395657542279492702e+01
-6.974511542279491039e+01
-6.185084542279491870e+01
-4.922001342279492775e+01
-6.342969942279492557e+01
-5.711428342279491943e+01
-7.132396942279491725e+01
-6.658740742279491087e+01
-6.185084542279492581e+01
-5.553542942279491967e+01
-5.237772142279492016e+01
-5.553542942279492678e+01
-8.869136342279492169e+01
-6.658740742279491087e+01
-6.974511542279491039e+01
-6.342969942279491846e+01
-7.606053142279492363e+01
-4.922001342279492775e+01
-5.553542942279491967e+01
-5.711428342279492654e+01
-7.448167742279491677e+01
-6.342969942279492557e+01
-8.079709342279491580e+01
-6.500855342279490401e+01
-6.342969942279491136e+01
-6.027199142279492605e+01
-5.711428342279492654e+01
-5.711428342279491943e+01
-7.290282342279492411e+01
-6.500855342279493243e+01
-5.237772142279492726e+01
-4.922001342279493485e+01
-6.185084542279492581e+01
-5.395657542279492702e+01
-5.079886742279492751e+01
-6.658740742279492508e+01
-5.395657542279492702e+01
-7.921823942279490893e+01
-7.448167742279491677e+01
-5.079886742279492040e+01
-3.501032742279492993e+01
-7.763938542279491628e+01
-5.869313742279493340e+01
-6.342969942279492557e+01
-6.658740742279491087e+01
-7.606053142279490942e+01
-7.290282342279490990e+01
-6.974511542279492460e+01
-6.342969942279491136e+01
-5.869313742279492629e+01
-7.921823942279490893e+01
-5.553542942279491257e+01
-4.922001342279492064e+01
-4.448345142279492137e+01
-8.079709342279491580e+01
-5.711428342279491233e+01
-4.606230542279492113e+01
-6.974511542279492460e+01
-6.027199142279491895e+01
-7.448167742279491677e+01
-6.342969942279492557e+01
-6.658740742279491087e+01
-5.237772142279492726e+01
-6.658740742279492508e+01
-7.763938542279491628e+01
-5.395657542279491992e+01
-5.079886742279491330e+01
-6.658740742279492508e+01
-3.974688942279492920e+01
-5.237772142279492016e+01
-6.185084542279491160e+01
-4.448345142279492848e+01
-4.764115942279492799e+01
-5.869313742279492629e+01
-6.500855342279493243e+01
-6.816626142279491773e+01
-6.658740742279491087e+01
-6.816626142279491773e+01
-4.764115942279491378e+01
-5.553542942279492678e+01
-3.816803542279492945e+01
-6.974511542279491039e+01
-5.711428342279492654e+01
-5.553542942279491967e+01
-7.290282342279492411e+01
-4.290459742279493582e+01
-5.869313742279491919e+01
-6.027199142279491895e+01
-6.342969942279491846e+01
-5.711428342279492654e+01
-7.448167742279491677e+01
-6.185084542279491870e+01
-5.711428342279492654e+01
-7.290282342279490990e+01
-4.606230542279492823e+01
-6.027199142279491895e+01
-6.027199142279492605e+01
-6.500855342279490401e+01
-6.500855342279491822e+01
-5.079886742279492751e+01
-7.132396942279491725e+01
-7.132396942279491725e+01
-6.500855342279493243e+01
-7.290282342279490990e+01
-6.974511542279492460e+01
-8.395480142279491531e+01
-5.395657542279492702e+01
-6.974511542279492460e+01
-6.500855342279491822e+01
-5.395657542279491992e+01
-5.711428342279492654e+01
-4.448345142279492848e+01
-4.764115942279492799e+01
-7.763938542279491628e+01
-6.500855342279491822e+01
-6.185084542279491870e+01
-4.764115942279491378e+01
-5.711428342279491233e+01
-6.500855342279493243e+01
-5.869313742279491208e+01
-6.185084542279491160e+01
-6.027199142279491895e+01
-6.185084542279492581e+01
-5.079886742279492040e+01
-5.553542942279491967e+01
-6.816626142279491773e+01
-7.921823942279490893e+01
-3.816803542279492945e+01
-6.658740742279492508e+01
-5.395657542279491992e+01
-7.132396942279490304e+01
-4.606230542279492823e+01
-5.711428342279492654e+01
-6.816626142279491773e+01
-6.658740742279492508e+01
-5.395657542279492702e+01
-5.237772142279492726e+01
-5.711428342279491943e+01
-7.367326732643132914e+01
7.473900867356866229e+01
-1.999223132643131962e+01
-3.104420932643131437e+01
5.269432673568672953e+00
1.316370267356867885e+01
2.105797267356868119e+01
3.210995067356867594e+01
3.684651267356868232e+01
1.158484867356867909e+01
1.947911867356867788e+01
3.368880467356868280e+01
3.690578673568679413e+00
5.328706735686807860e-01
1.000599467356867933e+01
5.269432673568680059e+00
-1.045983326431320304e+00
1.158484867356867909e+01
-7.361399326431319778e+00
6.848286673568679817e+00
5.328706735686807860e-01
-1.045983326431320748e+00
-2.624837326431320061e+00
5.328706735686790097e-01
-5.782545326431321797e+00
-7.361399326431320667e+00
1.474255667356867860e+01
5.269432673568681835e+00
1.000599467356867933e+01
-2.624837326431318729e+00
-2.314993932643132268e+01
3.690578673568682078e+00
-1.045983326431315419e+00
-1.999223132643131606e+01
-1.841337732643131986e+01
6.848286673568681593e+00
-1.209796132643131727e+01
2.111724673568678767e+00
-3.420191732643131388e+01
-1.045983326431315419e+00
-2.624837326431321394e+00
-1.367681532643131526e+01
-2.624837326431322282e+00
-8.940253326431321312e+00
5.328706735686798979e-01
-1.841337732643131986e+01
2.111724673568676991e+00
-5.782545326431320021e+00
-1.525566932643132212e+01
-8.940253326431321312e+00
-1.367681532643131703e+01
2.111724673568678767e+00
-1.841337732643131986e+01
-4.203691326431322040e+00
5.328706735686807860e-01
-2.157108532643131582e+01
-2.314993932643131558e+01
-1.841337732643131986e+01
-1.841337732643131631e+01
-8.940253326431321312e+00
-1.525566932643131501e+01
-2.314993932643132268e+01
-7.361399326431321555e+00
-7.361399326431320667e+00
-1.683452332643131655e+01
-1.683452332643131655e+01
-1.209796132643132083e+01
-2.157108532643131582e+01
-1.841337732643131986e+01
-2.314993932643131558e+01
-1.525566932643132034e+01
-3.104420932643132147e+01
-1.051910732643131574e+01
-2.314993932643131558e+01
-1.999223132643131606e+01
-1.045983326431322524e+00
-1.525566932643132390e+01
-3.420191732643132099e+01
-3.104420932643132502e+01
-8.940253326431317760e+00
-2.157108532643131582e+01
-1.051910732643132107e+01
-1.367681532643132059e+01
-3.578077132643132074e+01
-2.472879332643132244e+01
-1.367681532643131526e+01
-3.262306332643132123e+01
-2.946535532643132171e+01
-2.314993932643131558e+01
-2.630764732643131509e+01
-2.630764732643132220e+01
-1.051910732643131574e+01
-1.209796132643132438e+01
-1.999223132643131606e+01
-3.578077132643132074e+01
-3.735962532643132761e+01
-2.624837326431315176e+00
-4.209618732643131267e+01
-3.104420932643131437e+01
-1.683452332643131655e+01
-2.788650132643131840e+01
-2.630764732643132220e+01
-1.683452332643132010e+01
-2.946535532643132171e+01
-2.472879332643131534e+01
-2.314993932643131558e+01
-2.946535532643132171e+01
-1.683452332643132010e+01
-1.683452332643132365e+01
-1.045983326431322524e+00
-1.525566932643132034e+01
-2.157108532643131582e+01
-1.683452332643131655e+01
-2.472879332643131534e+01
-1.999223132643131606e+01
8.427140673568676021e+00
-1.525566932643132034e+01
-2.314993932643131558e+01
-5.782545326431320021e+00
-2.946535532643132527e+01
3.690578673568676749e+00
-1.051910732643131929e+01
-2.314993932643132268e+01
-1.045983326431320748e+00
-1.999223132643132317e+01
-3.420191732643131388e+01
-3.104420932643132147e+01
-1.367681532643132059e+01
-1.367681532643132236e+01
-1.683452332643131655e+01
-3.104420932643132502e+01
-7.361399326431316226e+00
-1.525566932643132034e+01
-1.051910732643132462e+01
-2.630764732643132220e+01
-2.314993932643131558e+01
-5.782545326431320909e+00
-1.841337732643131631e+01
-1.209796132643131550e+01
-1.999223132643131606e+01
-1.209796132643132083e+01
-2.157108532643132293e+01
-2.472879332643132244e+01
-2.630764732643132220e+01
-1.209796132643131550e+01
-2.630764732643131509e+01
-2.472879332643131534e+01
-2.624837326431318729e+00
-7.361399326431321555e+00
-1.683452332643132365e+01
-2.157108532643132293e+01
-2.630764732643132220e+01
-1.525566932643131501e+01
-8.940253326431321312e+00
-1.841337732643131631e+01
-1.999223132643132317e+01
-2.314993932643132268e+01
-2.788650132643132196e+01
-3.735962532643132050e+01
-2.314993932643132268e+01
-1.525566932643131679e+01
-2.788650132643132551e+01
-3.104420932643132147e+01
-2.314993932643132268e+01
-4.051733332643132712e+01
-3.893847932643132026e+01
-1.841337732643131631e+01
-1.999223132643132317e+01
-2.157108532643131582e+01
-3.735962532643132050e+01
-3.578077132643131364e+01
-2.630764732643132220e+01
-1.525566932643131679e+01
-3.262306332643131412e+01
-2.946535532643132171e+01
-2.946535532643131461e+01
-2.630764732643132575e+01
-1.841337732643132341e+01
-2.472879332643131534e+01
-2.946535532643132171e+01
-3.262306332643131412e+01
-2.472879332643131534e+01
-3.104420932643132147e+01
-2.157108532643131937e+01
-2.630764732643131509e+01
-2.157108532643131582e+01
-2.157108532643132293e+01
-1.999223132643132317e+01
-2.788650132643132196e+01
-2.788650132643131485e+01
-1.841337732643131986e+01
-2.157108532643132293e+01
-2.946535532643132171e+01
-2.788650132643132196e+01
-8.940253326431321312e+00
-2.624837326431322282e+00
-2.630764732643131509e+01
-2.157108532643132293e+01
-3.735962532643131340e+01
-1.209796132643131727e+01
-5.782545326431320021e+00
-2.314993932643132268e+01
-1.209796132643132438e+01
-3.578077132643132074e+01
-3.735962532643131340e+01
-2.788650132643132196e+01
-2.472879332643132244e+01
-1.525566932643131501e+01
-1.367681532643131526e+01
-1.841337732643132341e+01
-2.788650132643131485e+01
-4.367504132643131243e+01
-1.999223132643132317e+01
-1.525566932643132212e+01
-3.420191732643132099e+01
-2.157108532643132293e+01
-3.420191732643132099e+01
-1.209796132643131550e+01
-2.946535532643132171e+01
-2.157108532643132293e+01
-4.203691326431314934e+00
-1.683452332643131655e+01
-1.999223132643132317e+01
-3.420191732643132099e+01
-1.209796132643132438e+01
-1.051910732643131574e+01
-3.104420932643131437e+01
-2.314993932643132268e+01
-4.203691326431321151e+00
-4.051733332643132002e+01
-4.367504132643132664e+01
-3.893847932643132026e+01
-2.946535532643131461e+01
-2.624837326431315176e+00
-2.788650132643131840e+01
-2.472879332643132244e+01
-2.788650132643132196e+01
-3.578077132643132074e+01
-1.683452332643132010e+01
-1.841337732643132341e+01
-2.946535532643132171e+01
-2.630764732643132220e+01
-1.841337732643131986e+01
-1.999223132643131606e+01
-3.735962532643132050e+01
-1.367681532643132059e+01
-4.209618732643131267e+01
-2.946535532643131816e+01
-2.788650132643132196e+01
-2.157108532643132293e+01
5.269432673568680059e+00
-2.788650132643132196e+01
-2.472879332643131534e+01
-3.420191732643132099e+01
-2.946535532643131461e+01
-3.735962532643132050e+01
-1.999223132643131606e+01
-7.361399326431319778e+00
-2.630764732643131509e+01
-2.788650132643132196e+01
-1.525566932643132034e+01
-1.841337732643132341e+01
-2.630764732643132220e+01
-2.788650132643132196e+01
-4.367504132643131953e+01
-4.209618732643131978e+01
-3.893847932643132026e+01
-3.104420932643131792e+01
-2.946535532643132171e+01
-1.209796132643132438e+01
-3.262306332643132123e+01
-1.525566932643132212e+01
-1.841337732643132341e+01
-3.735962532643131340e+01
-2.314993932643131913e+01
-1.367681532643132236e+01
-3.735962532643132761e+01
-2.157108532643131582e+01
-2.472879332643132244e+01
-2.314993932643131558e+01
-2.788650132643132196e+01
-3.420191732643132099e+01
-1.367681532643131526e+01
-2.630764732643131509e+01
-2.314993932643132268e+01
-3.104420932643131792e+01
-2.472879332643131534e+01
-7.361399326431316226e+00
-2.788650132643132196e+01
-1.525566932643131679e+01
-2.624837326431315176e+00
-7.361399326431321555e+00
-3.578077132643132074e+01
-2.788650132643132196e+01
-2.630764732643132220e+01
-1.999223132643131606e+01
-1.999223132643131606e+01
-1.367681532643132414e+01
-1.683452332643132010e+01
-3.420191732643132809e+01
-2.788650132643132196e+01
-3.420191732643132099e+01
-1.999223132643131606e+01
-8.940253326431321312e+00
-2.630764732643131509e+01
-8.940253326431321312e+00
-1.209796132643132083e+01
-8.940253326431321312e+00
-4.051733332643132002e+01
-1.525566932643131679e+01
-1.999223132643131962e+01
-3.578077132643132074e+01
-1.525566932643132034e+01
-3.420191732643132099e+01
-1.051910732643132107e+01
-8.940253326431321312e+00
-2.624837326431320506e+00
-1.051910732643131574e+01
-2.157108532643132293e+01
-1.367681532643131526e+01
-3.735962532643131340e+01
-1.841337732643131631e+01
-1.525566932643132212e+01
-1.367681532643131526e+01
-4.051733332643132712e+01
-1.841337732643131631e+01
-2.314993932643132268e+01
-8.940253326431321312e+00
-5.782545326431316468e+00
-3.262306332643132123e+01
-1.841337732643131986e+01
-8.940253326431321312e+00
-2.157108532643132293e+01
1.474255667356868216e+01
-3.735962532643132050e+01
-1.525566932643131679e+01
-2.314993932643131558e+01
-1.841337732643132341e+01
-2.946535532643132171e+01
-2.157108532643132293e+01
-2.157108532643132293e+01
-2.157108532643132293e+01
-1.051910732643132462e+01
-2.314993932643132268e+01
-2.314993932643132268e+01
-1.367681532643131526e+01
-3.104420932643131792e+01
-1.367681532643131703e+01
-4.203691326431314934e+00
-1.999223132643132317e+01
-1.209796132643131550e+01
-3.104420932643132147e+01
-3.893847932643132026e+01
-1.525566932643132034e+01
-8.940253326431315983e+00
-5.782545326431320021e+00
-1.051910732643131752e+01
-2.314993932643131558e+01
-7.361399326431319778e+00
-1.683452332643132365e+01
1.316370267356867885e+01
-3.104420932643132502e+01
-1.999223132643132317e+01
-3.735962532643131340e+01
-1.045983326431318972e+00
-1.525566932643132034e+01
-1.841337732643132341e+01
-1.051910732643132107e+01
-1.841337732643131631e+01
-3.420191732643132809e+01
-7.361399326431319778e+00
-2.314993932643131558e+01
-1.367681532643132236e+01
-2.788650132643131485e+01
-1.525566932643131679e+01
-3.104420932643132147e+01
-1.051910732643131929e+01
-1.841337732643132341e+01
-4.525389532643131929e+01
-1.051910732643131574e+01
-1.209796132643132083e+01
-2.157108532643131582e+01
-1.525566932643131501e+01
-2.630764732643131865e+01
-4.203691326431320263e+00
-1.367681532643132236e+01
-1.525566932643131501e+01
-2.788650132643132196e+01
-2.157108532643131582e+01
-1.367681532643132236e+01
2.111724673568678767e+00
-1.525566932643132034e+01
-1.841337732643132341e+01
-1.525566932643131679e+01
-1.683452332643132365e+01
-1.045983326431322524e+00
-3.420191732643131388e+01
-1.209796132643132083e+01
-1.841337732643132341e+01
-1.999223132643131606e+01
-4.203691326431314934e+00
-1.999223132643132317e+01
-1.051910732643131752e+01
-1.525566932643132390e+01
-1.999223132643131606e+01
-4.051733332643132002e+01
-1.999223132643131606e+01
-2.630764732643132220e+01
-1.367681532643131526e+01
-3.104420932643131792e+01
-7.361399326431316226e+00
-2.788650132643131485e+01
-4.209618732643131978e+01
-2.472879332643132244e+01
-1.999223132643131962e+01
-1.525566932643131501e+01
-1.209796132643132438e+01
-2.630764732643132220e+01
-2.157108532643132293e+01
-2.788650132643132196e+01
-4.203691326431320263e+00
-2.630764732643131509e+01
-2.314993932643131913e+01
-2.472879332643131534e+01
-2.946535532643132171e+01
-1.525566932643131501e+01
-3.893847932643132026e+01
-2.624837326431320506e+00
-7.361399326431321555e+00
-2.314993932643131558e+01
-3.104420932643131437e+01
2.111724673568678767e+00
5.328706735686790097e-01
-2.630764732643131509e+01
-1.683452332643132365e+01
-2.788650132643132196e+01
-2.788650132643132196e+01
-1.209796132643132438e+01
-1.683452332643132365e+01
-2.946535532643132171e+01
-3.578077132643132074e+01
-4.203691326431318487e+00
-1.841337732643131631e+01
-1.051910732643131752e+01
-2.630764732643131509e+01
-1.683452332643132365e+01
-1.999223132643132317e+01
-1.999223132643132317e+01
-2.946535532643132171e+01
-3.262306332643132123e+01
-2.314993932643132268e+01
-2.946535532643131461e+01
-3.262306332643132123e+01
-3.893847932643132026e+01
-4.203691326431322040e+00
-5.782545326431320021e+00
2.111724673568680544e+00
-1.367681532643131526e+01
-3.262306332643132123e+01
-1.841337732643131631e+01
-2.630764732643132220e+01
-2.624837326431322282e+00
-2.157108532643131937e+01
-2.157108532643131582e+01
-1.841337732643131631e+01
-5.782545326431318244e+00
3.690578673568680301e+00
-2.157108532643131582e+01
-5.782545326431318244e+00
-2.157108532643132293e+01
-1.051910732643131752e+01
-1.209796132643131727e+01
-1.841337732643131631e+01
-3.735962532643132050e+01
-8.940253326431321312e+00
-1.209796132643132083e+01
-1.841337732643132341e+01
-2.630764732643132220e+01
-2.946535532643132527e+01
-1.683452332643132365e+01
-5.782545326431321797e+00
-3.420191732643131388e+01
-3.104420932643132147e+01
-2.630764732643132220e+01
-1.683452332643132365e+01
-3.578077132643132074e+01
-2.472879332643132244e+01
-2.788650132643132196e+01
-4.209618732643131978e+01
-2.788650132643132196e+01
-1.683452332643132365e+01
-1.841337732643131631e+01
-3.893847932643132026e+01
-3.420191732643132809e+01
-1.841337732643132341e+01
-1.367681532643132059e+01
-2.314993932643131558e+01
-1.999223132643131962e+01
-1.209796132643131550e+01
-3.420191732643131388e+01
-2.314993932643132268e+01
-2.630764732643132220e+01
-3.420191732643131388e+01
5.328706735686816742e-01
-2.157108532643132293e+01
-2.630764732643131509e+01
-3.420191732643131388e+01
-4.051733332643132712e+01
-3.735962532643132050e+01
-3.735962532643131340e+01
-1.841337732643132341e+01
-2.630764732643131509e+01
-2.624837326431320506e+00
-1.841337732643132341e+01
-2.157108532643132293e+01
-2.946535532643132527e+01
-1.841337732643131631e+01
-3.420191732643131388e+01
-3.420191732643131388e+01
5.328706735686772333e-01
-3.104420932643131792e+01
-1.683452332643131655e+01
-2.157108532643132648e+01
-3.893847932643132026e+01
-1.209796132643131550e+01
-4.525389532643131929e+01
-2.624837326431322282e+00
-4.209618732643131978e+01
-2.788650132643132196e+01
-3.262306332643132123e+01
-1.683452332643131655e+01
-2.630764732643132220e+01
-3.420191732643132099e+01
-1.841337732643132341e+01
-2.314993932643131558e+01
-3.420191732643132099e+01
-2.314993932643132268e+01
-2.314993932643131558e+01
-1.525566932643132390e+01
-2.630764732643132220e+01
-2.472879332643132244e+01
-4.209618732643131978e+01
-2.157108532643132293e+01
-1.841337732643131986e+01
-2.630764732643132220e+01
-1.999223132643132317e+01
-1.999223132643131606e+01
-2.624837326431320506e+00
-2.472879332643132244e+01
-2.624837326431322282e+00
-1.209796132643132083e+01
-1.051910732643131929e+01
-1.525566932643131679e+01
-1.051910732643131929e+01
-1.683452332643132365e+01
-2.314993932643132268e+01
-2.157108532643131582e+01
-3.104420932643132147e+01
5.328706735686843388e-01
-3.735962532643131340e+01
-1.841337732643131631e+01
-2.157108532643132293e+01
-1.683452332643132010e+01
-1.525566932643132212e+01
-3.578077132643131364e+01
-1.367681532643131703e+01
-1.525566932643132034e+01
-8.940253326431321312e+00
-2.630764732643132220e+01
-1.841337732643131631e+01
-1.999223132643132317e+01
-2.630764732643131509e+01
-1.367681532643132059e+01
-3.578077132643131364e+01
-1.051910732643131574e+01
-1.367681532643131526e+01
-2.624837326431322282e+00
-1.525566932643131501e+01
-2.472879332643132244e+01
-2.157108532643132293e+01
-2.788650132643132196e+01
-1.045983326431318972e+00
-1.841337732643132341e+01
-3.893847932643132026e+01
-1.525566932643131679e+01
-1.525566932643132212e+01
-4.367504132643132664e+01
-3.578077132643132074e+01
-2.630764732643132220e+01
-2.624837326431315176e+00
-2.472879332643131534e+01
-1.525566932643131679e+01
-2.472879332643131534e+01
-1.683452332643131655e+01
-8.940253326431321312e+00
-1.683452332643131655e+01
-1.367681532643131526e+01
-2.630764732643132220e+01
-2.157108532643131582e+01
-3.262306332643132123e+01
-2.314993932643131558e+01
-2.788650132643132196e+01
-7.361399326431318002e+00
-3.104420932643131792e+01
-3.104420932643131437e+01
-3.420191732643132099e+01
-1.683452332643131655e+01
-1.999223132643131606e+01
-1.841337732643131631e+01
-2.314993932643131558e+01
-2.157108532643132293e+01
-2.157108532643132293e+01
-1.999223132643132317e+01
5.328706735686843388e-01
-1.051910732643132107e+01
-3.420191732643132099e+01
-2.624837326431320506e+00
-2.946535532643132171e+01
-2.314993932643131558e+01
-5.782545326431321797e+00
-5.782545326431320021e+00
-2.157108532643132293e+01
-2.157108532643131582e+01
-1.209796132643132438e+01
-2.157108532643131582e+01
-5.782545326431318244e+00
-2.472879332643132244e+01
-1.367681532643132236e+01
-3.893847932643132026e+01
-1.051910732643131752e+01
-2.472879332643131534e+01
-4.683274932643132615e+01
-2.314993932643131913e+01
-2.157108532643131582e+01
-2.314993932643131558e+01
-2.788650132643132196e+01
-8.940253326431317760e+00
-1.209796132643132083e+01
-1.999223132643132317e+01
-3.262306332643132123e+01
-1.525566932643131501e+01
-1.051910732643131929e+01
-1.841337732643131631e+01
3.690578673568680301e+00
-2.472879332643132244e+01
-2.788650132643131485e+01
-2.946535532643132171e+01
-1.999223132643131606e+01
-2.314993932643131558e+01
-3.893847932643132026e+01
-2.472879332643131534e+01
-2.472879332643131534e+01
-2.157108532643131582e+01
-2.472879332643132244e+01
-2.314993932643131558e+01
-3.735962532643131340e+01
-4.051733332643131291e+01
-1.209796132643132083e+01
-3.578077132643132074e+01
2.111724673568680544e+00
-3.262306332643132123e+01
-2.314993932643132268e+01
-4.203691326431322040e+00
-2.314993932643132268e+01
-1.051910732643131574e+01
-1.683452332643131655e+01
-1.525566932643131679e+01
-1.841337732643131631e+01
-4.999045732643131146e+01
-1.841337732643132341e+01
-8.940253326431321312e+00
-1.683452332643131655e+01
-2.946535532643132171e+01
-2.624837326431322282e+00
-2.472879332643132244e+01
-1.209796132643131550e+01
-1.683452332643132365e+01
-2.946535532643131461e+01
-2.472879332643132244e+01
-3.420191732643132099e+01
-1.367681532643131703e+01
-2.788650132643131840e+01
-1.367681532643132236e+01
-3.104420932643132147e+01
-1.045983326431318972e+00
-8.940253326431321312e+00
-2.472879332643132244e+01
-8.940253326431321312e+00
-2.472879332643131534e+01
-1.367681532643132414e+01
-2.946535532643132171e+01
-5.782545326431321797e+00
-2.788650132643131485e+01
-1.683452332643131655e+01
-1.367681532643132059e+01
-1.209796132643131550e+01
6.848286673568676264e+00
-1.841337732643131631e+01
-4.203691326431322040e+00
-3.104420932643132147e+01
-2.157108532643131582e+01
-1.999223132643132317e+01
-1.209796132643132438e+01
-1.209796132643132083e+01
-3.420191732643132099e+01
-2.157108532643131582e+01
-2.788650132643131485e+01
-2.788650132643131485e+01
-3.262306332643132123e+01
-2.157108532643132293e+01
-1.683452332643131655e+01
-2.630764732643131509e+01
-1.051910732643131574e+01
-2.157108532643131582e+01
-2.472879332643132244e+01
-8.940253326431321312e+00
-2.472879332643132244e+01
-1.045983326431320748e+00
-3.262306332643132123e+01
-1.683452332643132010e+01
-1.525566932643132212e+01
-2.788650132643132196e+01
-1.525566932643132212e+01
-2.788650132643132196e+01
-5.782545326431316468e+00
-2.472879332643131534e+01
-1.051910732643132107e+01
-3.104420932643132147e+01
-1.051910732643131574e+01
-1.525566932643132034e+01
-3.104420932643132147e+01
-8.940253326431321312e+00
-2.788650132643132196e+01
5.269432673568683612e+00
-1.683452332643131655e+01
1.000599467356867933e+01
-2.157108532643131582e+01
-1.209796132643131550e+01
-7.361399326431321555e+00
-1.051910732643131752e+01
-2.624837326431320506e+00
-3.578077132643131364e+01
-1.683452332643131655e+01
-3.262306332643132123e+01
-2.946535532643131461e+01
5.269432673568676506e+00
-2.788650132643132196e+01
-4.203691326431314934e+00
-3.893847932643132026e+01
-2.946535532643131461e+01
-1.367681532643132414e+01
-1.045983326431320748e+00
-2.157108532643132293e+01
-1.841337732643132341e+01
-7.361399326431318002e+00
-2.630764732643132220e+01
-8.940253326431315983e+00
-2.472879332643131889e+01
-2.788650132643132196e+01
-1.525566932643132212e+01
-1.525566932643132212e+01
-1.209796132643132083e+01
-2.788650132643131485e+01
-1.999223132643131606e+01
-1.209796132643132438e+01
-5.782545326431320021e+00
-2.314993932643131913e+01
-2.157108532643132293e+01
-4.367504132643131953e+01
-2.157108532643132293e+01
-1.367681532643131703e+01
-3.104420932643132502e+01
-1.367681532643131526e+01
-3.262306332643131412e+01
-3.893847932643132026e+01
-2.314993932643132268e+01
-2.630764732643131509e+01
-2.946535532643131461e+01
-3.578077132643132074e+01
-2.788650132643131485e+01
-3.578077132643132074e+01
-2.472879332643132244e+01
-3.735962532643131340e+01
-2.472879332643132244e+01
-2.630764732643131509e+01
-1.683452332643132365e+01
-2.946535532643132171e+01
-3.578077132643132074e+01
-1.841337732643132341e+01
-3.420191732643132099e+01
-3.893847932643132026e+01
-2.788650132643131840e+01
-2.630764732643132220e+01
-3.735962532643132050e+01
-3.420191732643132809e+01
-1.525566932643131501e+01
-2.157108532643132293e+01
-2.630764732643131509e+01
-2.314993932643132268e+01
-3.735962532643131340e+01
-1.841337732643132341e+01
-2.630764732643132220e+01
-1.367681532643132059e+01
-3.104420932643132147e+01
-1.045983326431320748e+00
-2.788650132643131485e+01
-2.630764732643132220e+01
-1.999223132643131606e+01
-2.630764732643132220e+01
-2.157108532643131582e+01
-1.525566932643131679e+01
-1.051910732643132462e+01
-1.525566932643132034e+01
-1.683452332643131655e+01
-2.788650132643132196e+01
-3.893847932643132026e+01
-2.314993932643131558e+01
-1.841337732643132341e+01
-3.420191732643132099e+01
-1.525566932643132212e+01
-2.630764732643131509e+01
-2.788650132643131840e+01
-4.841160332643131881e+01
-2.630764732643131509e+01
-2.788650132643131485e+01
-2.630764732643132220e+01
-3.578077132643132074e+01
-8.940253326431315983e+00
-3.104420932643132147e+01
-2.314993932643132268e+01
8.427140673568679574e+00
-1.367681532643131526e+01
-1.683452332643132365e+01
-2.630764732643131509e+01
-3.104420932643132147e+01
-2.630764732643132220e+01
-2.946535532643131461e+01
-1.841337732643131631e+01
-1.367681532643131703e+01
-1.841337732643131631e+01
-2.157108532643132293e+01
-1.841337732643132341e+01
-2.157108532643131582e+01
-4.203691326431322040e+00
6.848286673568676264e+00
-1.683452332643131655e+01
-3.578077132643131364e+01
-2.157108532643132293e+01
-1.051910732643132462e+01
-2.788650132643132196e+01
-2.472879332643132244e+01
-2.157108532643132293e+01
-1.841337732643131986e+01
-1.051910732643132107e+01
-3.893847932643132026e+01
-2.472879332643132244e+01
-4.683274932643132615e+01
-2.630764732643132220e+01
-2.630764732643132220e+01
-2.630764732643132220e+01
-3.262306332643132123e+01
-1.999223132643132317e+01
-2.472879332643131534e+01
-2.472879332643131534e+01
-2.946535532643131461e+01
-1.841337732643132341e+01
-1.999223132643132317e+01
-3.735962532643131340e+01
-2.788650132643132196e+01
-1.209796132643132083e+01
-2.314993932643131558e+01
-2.946535532643132171e+01
-2.946535532643132171e+01
-1.683452332643132365e+01
-1.683452332643131655e+01
-2.630764732643131865e+01
-1.841337732643132341e+01
-3.262306332643132123e+01
-7.361399326431318002e+00
-3.262306332643132123e+01
-1.999223132643132317e+01
-2.472879332643131534e+01
-1.525566932643131501e+01
-2.157108532643132293e+01
-1.209796132643131550e+01
-2.946535532643132171e+01
-3.104420932643132147e+01
-2.157108532643131582e+01
-1.841337732643131631e+01
-1.683452332643132365e+01
-2.157108532643131582e+01
-1.683452332643132365e+01
-7.361399326431320667e+00
-2.157108532643132648e+01
-2.472879332643132244e+01
-2.630764732643132220e+01
-1.999223132643132317e+01
-2.314993932643131558e+01
-3.104420932643132147e+01
-1.367681532643132414e+01
-2.946535532643131461e+01
-3.735962532643131340e+01
-2.946535532643131461e+01
-1.051910732643132462e+01
-4.525389532643131929e+01
-3.578077132643132074e+01
-3.420191732643132099e+01
-4.051733332643132712e+01
-2.472879332643132244e+01
-3.735962532643132761e+01
-7.361399326431314449e+00
-1.841337732643132341e+01
-2.788650132643131485e+01
-2.472879332643132244e+01
-1.525566932643132034e+01
-3.735962532643132050e+01
-2.946535532643132171e+01
-1.051910732643132107e+01
-3.893847932643132026e+01
5.328706735686843388e-01
-4.683274932643131194e+01
-2.630764732643132220e+01
-2.946535532643132171e+01
-3.893847932643132026e+01
-2.314993932643131558e+01
-2.788650132643132196e+01
-2.630764732643132220e+01
-1.683452332643131655e+01
-1.045983326431320748e+00
-3.262306332643131412e+01
-1.841337732643132341e+01
-1.209796132643131550e+01
-4.525389532643131929e+01
-2.472879332643131889e+01
-3.893847932643132026e+01
-3.420191732643132809e+01
-1.999223132643131606e+01
-4.051733332643132002e+01
-2.630764732643132220e+01
-2.314993932643132268e+01
-1.841337732643132341e+01
-1.999223132643131606e+01
-3.104420932643131437e+01
-2.630764732643131509e+01
-1.683452332643132365e+01
-1.841337732643132341e+01
-3.104420932643132502e+01
-3.104420932643132502e+01
-4.999045732643131856e+01
-1.367681532643131526e+01
-2.946535532643132171e+01
-2.472879332643131534e+01
-2.314993932643132268e+01
-3.735962532643132050e+01
-1.525566932643131501e+01
-4.525389532643131218e+01
-3.578077132643132074e+01
-3.893847932643132026e+01
-2.472879332643132244e+01
-2.946535532643132171e+01
-3.262306332643132123e+01
-3.578077132643132074e+01
-3.420191732643132809e+01
-2.314993932643132268e+01
-2.314993932643132268e+01
-2.630764732643132220e+01
-2.157108532643132293e+01
-1.367681532643131526e+01
-1.683452332643131655e+01
-8.940253326431321312e+00
-4.051733332643132002e+01
-3.262306332643132123e+01
-1.841337732643132341e+01
-4.367504132643131243e+01
-1.683452332643132365e+01
-3.893847932643132026e+01
-1.367681532643132236e+01
-1.683452332643132365e+01
-4.841160332643131881e+01
-2.472879332643132244e+01
-3.104420932643132147e+01
-1.841337732643132341e+01
-2.630764732643132220e+01
-2.630764732643131509e+01
-3.420191732643132099e+01
-3.262306332643132123e+01
-2.788650132643132196e+01
-4.367504132643131243e+01
-2.472879332643132244e+01
-2.472879332643131534e+01
-2.314993932643132268e+01
-2.630764732643132220e+01
-5.156931132643131832e+01
-1.999223132643131962e+01
-3.893847932643132026e+01
-2.946535532643131461e+01
-3.893847932643132026e+01
-3.578077132643132074e+01
-3.578077132643132074e+01
-1.367681532643131526e+01
-3.735962532643132761e+01
-3.893847932643131315e+01
-2.624837326431315176e+00
-4.051733332643131291e+01
-2.630764732643131509e+01
-4.367504132643131243e+01
-1.525566932643131501e+01
-1.683452332643131655e+01
-2.946535532643132171e+01
-3.578077132643132074e+01
-2.630764732643132220e+01
-3.262306332643132123e+01
-2.472879332643132244e+01
-2.630764732643132220e+01
-1.367681532643132414e+01
-1.683452332643131655e+01
-2.314993932643131558e+01
-3.578077132643132074e+01
-3.420191732643132099e+01
-2.946535532643132171e+01
-1.683452332643132365e+01
-3.262306332643132123e+01
-1.999223132643132317e+01
-2.472879332643132244e+01
-2.472879332643132244e+01
-3.104420932643131792e+01
-3.420191732643132099e+01
-1.683452332643131655e+01
-3.893847932643132026e+01
-3.893847932643131315e+01
-2.314993932643132268e+01
-3.420191732643131388e+01
-2.157108532643132293e+01
-4.051733332643132712e+01
-7.361399326431318002e+00
-3.262306332643132123e+01
-3.104420932643132147e+01
-8.940253326431315983e+00
-2.630764732643132575e+01
-5.782545326431318244e+00
-2.630764732643132220e+01
-3.420191732643132099e+01
-4.051733332643131291e+01
-2.472879332643132244e+01
-2.314993932643131558e+01
-2.630764732643132220e+01
-1.683452332643131655e+01
-3.735962532643131340e+01
-2.472879332643132244e+01
-3.893847932643132026e+01
-3.578077132643132074e+01
-5.472701932643131784e+01
-2.946535532643131461e+01
-2.314993932643131913e+01
-1.841337732643131631e+01
-3.104420932643131792e+01
-2.157108532643132293e+01
-3.420191732643132099e+01
-4.525389532643131929e+01
-2.788650132643132196e+01
-2.472879332643131889e+01
-2.788650132643132196e+01
-2.946535532643132171e+01
-2.157108532643132293e+01
-2.472879332643131534e+01
-2.157108532643132293e+01
-2.157108532643132293e+01
-3.578077132643132074e+01
-2.157108532643132293e+01
-2.472879332643132244e+01
-3.104420932643132502e+01
-2.314993932643132268e+01
-4.209618732643131978e+01
-7.361399326431314449e+00
-2.314993932643132268e+01
-1.999223132643131606e+01
-2.788650132643131840e+01
-2.946535532643131461e+01
-2.314993932643132268e+01
-1.683452332643132365e+01
-1.209796132643132083e+01
-2.472879332643132244e+01
-4.841160332643131881e+01
-2.157108532643131582e+01
-2.314993932643132268e+01
-2.157108532643131582e+01
-2.157108532643131582e+01
-3.420191732643132099e+01
-2.788650132643131485e+01
-1.683452332643132365e+01
-1.999223132643132672e+01
-1.525566932643131679e+01
-3.578077132643132074e+01
-3.578077132643132074e+01
-3.735962532643132761e+01
-3.262306332643131412e+01
-1.841337732643132341e+01
-2.788650132643132196e+01
-2.788650132643132196e+01
-3.420191732643131388e+01
-2.946535532643132527e+01
-3.262306332643132123e+01
-3.104420932643132502e+01
-1.999223132643132317e+01
-4.367504132643131953e+01
-2.314993932643132268e+01
-1.841337732643131631e+01
-2.946535532643132171e+01
-2.630764732643132220e+01
-3.578077132643132074e+01
-2.157108532643131582e+01
-4.209618732643131978e+01
-1.367681532643132414e+01
-2.157108532643131582e+01
-3.262306332643132123e+01
-2.472879332643131534e+01
-4.209618732643131978e+01
-3.104420932643131437e+01
-3.578077132643131364e+01
-1.367681532643132059e+01
-3.262306332643132123e+01
-2.472879332643131534e+01
-3.578077132643132074e+01
-4.525389532643131929e+01
-1.051910732643131752e+01
-1.525566932643131501e+01
-1.051910732643132107e+01
-1.841337732643132341e+01
-2.314993932643131558e+01
-2.157108532643132293e+01
-2.788650132643132196e+01
-1.683452332643131655e+01
-3.104420932643132147e+01
-5.156931132643131832e+01
-1.525566932643132212e+01
-3.578077132643132074e+01
-1.367681532643131703e+01
-2.472879332643131889e+01
-3.893847932643132026e+01
-2.788650132643132196e+01
-3.262306332643131412e+01
-4.683274932643132615e+01
-2.788650132643132196e+01
-2.472879332643132244e+01
-2.314993932643131558e+01
-2.788650132643132196e+01
-3.262306332643132123e+01
-3.262306332643132123e+01
-2.788650132643132196e+01
-1.999223132643132317e+01
-3.104420932643131437e+01
-1.841337732643131986e+01
-1.999223132643132317e+01
-2.472879332643131534e+01
-2.788650132643132196e+01
-8.940253326431315983e+00
-1.999223132643132317e+01
-4.203691326431318487e+00
-1.999223132643132317e+01
-2.157108532643132648e+01
-3.735962532643131340e+01
-2.946535532643132171e+01
-1.841337732643132341e+01
-1.045983326431318972e+00
-2.946535532643132171e+01
-2.946535532643132171e+01
-1.999223132643132317e+01
-1.841337732643132341e+01
-2.788650132643132196e+01
-1.999223132643132317e+01
-3.893847932643132026e+01
-3.420191732643132099e+01
-2.788650132643132196e+01
-2.472879332643131534e+01
-2.314993932643132268e+01
-3.262306332643132123e+01
-3.420191732643131388e+01
-3.735962532643131340e+01
-2.157108532643131582e+01
-2.314993932643132268e+01
-2.946535532643132171e+01
-3.893847932643132026e+01
-2.472879332643132244e+01
-2.630764732643132220e+01
-1.051910732643131929e+01
-2.472879332643132244e+01
-3.893847932643132026e+01
-4.051733332643132002e+01
-2.157108532643132293e+01
-2.788650132643131485e+01
-3.104420932643131792e+01
-2.157108532643132293e+01
-1.999223132643132317e+01
-2.630764732643131509e+01
-2.157108532643132293e+01
-3.104420932643132147e+01
-2.946535532643132171e+01
-3.578077132643132074e+01
-1.683452332643131655e+01
-3.578077132643132074e+01
-1.841337732643132341e+01
-2.472879332643132244e+01
-3.420191732643131388e+01
-2.946535532643132171e+01
-3.578077132643132074e+01
-2.946535532643131461e+01
-1.367681532643132059e+01
-2.946535532643132171e+01
-2.157108532643131582e+01
-4.209618732643131978e+01
-3.420191732643131388e+01
-5.156931132643131832e+01
-2.946535532643131816e+01
-1.367681532643132236e+01
-1.999223132643131962e+01
-3.262306332643131412e+01
-1.841337732643131986e+01
-4.525389532643131929e+01
-3.420191732643132099e+01
-3.578077132643131364e+01
-2.314993932643132268e+01
-1.841337732643131986e+01
-3.262306332643132123e+01
-4.525389532643131929e+01
-4.683274932643131194e+01
-2.788650132643131485e+01
-1.367681532643131526e+01
-4.683274932643131194e+01
-3.735962532643132050e+01
-3.735962532643131340e+01
-2.788650132643132196e+01
-3.262306332643131412e+01
-4.999045732643131146e+01
-3.735962532643132050e+01
-3.262306332643131412e+01
-2.472879332643132244e+01
-4.525389532643131929e+01
-2.788650132643131485e+01
-2.630764732643132220e+01
-1.051910732643132107e+01
-2.946535532643131816e+01
-1.999223132643132317e+01
-2.788650132643131485e+01
-4.209618732643131978e+01
-2.946535532643132171e+01
-3.104420932643131437e+01
-4.051733332643132712e+01
-3.578077132643131364e+01
-3.578077132643132074e+01
-3.578077132643132074e+01
-2.946535532643131816e+01
-4.051733332643132002e+01
-1.841337732643132341e+01
-3.262306332643132123e+01
-2.314993932643132268e+01
-3.893847932643132026e+01
-4.209618732643131978e+01
-3.104420932643132147e+01
-3.104420932643132147e+01
-3.893847932643131315e+01
-3.578077132643132074e+01
-4.525389532643131218e+01
-2.157108532643131582e+01
-2.946535532643131816e+01
-2.472879332643132599e+01
-3.735962532643131340e+01
-3.104420932643132147e+01
-2.472879332643131534e+01
-2.472879332643132599e+01
-2.630764732643132220e+01
-5.314816532643131097e+01
-2.788650132643132196e+01
-3.893847932643131315e+01
-3.104420932643132502e+01
-3.420191732643132099e+01
-4.841160332643131881e+01
-2.472879332643131534e+01
-4.051733332643131291e+01
-2.314993932643132268e+01
-1.525566932643132390e+01
-2.314993932643131913e+01
-1.999223132643132317e+01
-2.788650132643131485e+01
-3.262306332643131412e+01
-2.314993932643132268e+01
-1.209796132643131550e+01
-2.472879332643132244e+01
-2.624837326431315176e+00
-3.735962532643132050e+01
-3.893847932643132026e+01
-2.630764732643131509e+01
-2.314993932643132268e+01
-3.893847932643132026e+01
-3.893847932643131315e+01
-3.420191732643132099e+01
-2.630764732643131509e+01
-2.630764732643132220e+01
-2.788650132643132196e+01
-1.525566932643131679e+01
-2.314993932643131558e+01
-2.314993932643132268e+01
-2.788650132643131840e+01
-2.630764732643132220e+01
-3.262306332643131412e+01
-3.420191732643132809e+01
-4.525389532643131929e+01
-1.999223132643132317e+01
-3.104420932643131792e+01
-3.735962532643131340e+01
-4.051733332643132002e+01
-4.841160332643131881e+01
-4.209618732643131978e+01
-3.735962532643132050e+01
-3.735962532643132761e+01
-1.367681532643132059e+01
-1.209796132643131550e+01
-4.203691326431314934e+00
-2.788650132643132196e+01
-2.946535532643132527e+01
-3.262306332643131412e+01
-2.314993932643132268e+01
-2.630764732643132220e+01
-2.157108532643132293e+01
-1.525566932643132034e+01
-3.735962532643132761e+01
-2.946535532643132171e+01
-3.578077132643132074e+01
-3.735962532643131340e+01
-1.999223132643132317e+01
-4.367504132643131243e+01
-2.314993932643131913e+01
-3.735962532643132050e+01
-2.630764732643131509e+01
-3.735962532643131340e+01
-3.735962532643131340e+01
-2.157108532643132293e+01
-1.051910732643132107e+01
-2.946535532643131461e+01
-3.104420932643132147e+01
-3.262306332643132123e+01
-2.946535532643132171e+01
-1.683452332643131655e+01
-2.630764732643131865e+01
-2.314993932643131558e+01
-2.314993932643131558e+01
-2.788650132643132196e+01
-7.361399326431321555e+00
-3.262306332643131412e+01
-1.683452332643131655e+01
-3.104420932643131792e+01
-1.999223132643131606e+01
-3.735962532643132050e+01
-4.051733332643132002e+01
-4.203691326431314934e+00
-1.051910732643131574e+01
-1.683452332643132365e+01
-2.472879332643132244e+01
-3.578077132643132074e+01
-2.788650132643132196e+01
-2.314993932643132268e+01
-1.841337732643131631e+01
-3.420191732643131388e+01
-2.472879332643132599e+01
-3.578077132643131364e+01
-3.104420932643132147e+01
-3.262306332643132123e+01
-2.472879332643131534e+01
-3.893847932643132026e+01
-2.157108532643132293e+01
-1.367681532643132059e+01
-2.788650132643131485e+01
-3.735962532643132050e+01
-1.045983326431315419e+00
5.328706735686843388e-01
-4.841160332643131881e+01
-3.420191732643132099e+01
-4.525389532643131929e+01
-3.735962532643131340e+01
-2.472879332643132244e+01
-3.262306332643131412e+01
-2.630764732643132220e+01
-1.525566932643131501e+01
-3.578077132643132074e+01
-1.683452332643132365e+01
-3.578077132643132074e+01
-2.788650132643132196e+01
-3.735962532643132761e+01
-4.525389532643131218e+01
-4.051733332643132712e+01
-3.262306332643131412e+01
-2.946535532643132171e+01
-2.314993932643132268e+01
-1.683452332643132365e+01
-2.314993932643132268e+01
-4.525389532643131929e+01
-3.262306332643132123e+01
-1.209796132643131727e+01
-3.735962532643132050e+01
-1.525566932643132212e+01
-4.051733332643132712e+01
-2.314993932643132268e+01
-3.104420932643132147e+01
-3.420191732643132099e+01
-1.525566932643132212e+01
-4.525389532643131929e+01
-3.420191732643132099e+01
-2.630764732643131509e+01
-3.893847932643132026e+01
-3.578077132643131364e+01
-3.578077132643132074e+01
-2.157108532643132293e+01
-3.578077132643132074e+01
-3.578077132643132074e+01
-3.893847932643132026e+01
-3.262306332643132123e+01
-4.683274932643131905e+01
-3.420191732643132099e+01
-2.314993932643131558e+01
-4.051733332643131291e+01
-4.051733332643132712e+01
-4.051733332643132002e+01
-4.209618732643131978e+01
-2.157108532643131582e+01
-2.157108532643132293e+01
-3.578077132643132074e+01
-3.420191732643132099e+01
-3.420191732643131388e+01
-4.841160332643131881e+01
-3.104420932643131792e+01
-2.157108532643132648e+01
-3.578077132643132074e+01
-2.472879332643131534e+01
-3.104420932643132147e+01
-4.525389532643131929e+01
-3.578077132643131364e+01
-4.209618732643131978e+01
-1.683452332643132365e+01
-3.893847932643132026e+01
-4.683274932643131905e+01
-3.262306332643132123e+01
-3.735962532643132761e+01
-3.420191732643131388e+01
-2.788650132643132196e+01
-5.156931132643131832e+01
-4.209618732643131978e+01
-3.420191732643132809e+01
-4.367504132643131953e+01
-3.420191732643131388e+01
-1.999223132643132317e+01
-3.420191732643132099e+01
-3.893847932643132026e+01
-2.157108532643131582e+01
-3.104420932643132502e+01
-4.999045732643132567e+01
-3.262306332643132123e+01
-4.525389532643131929e+01
-3.893847932643132026e+01
-3.104420932643131792e+01
-4.367504132643132664e+01
-3.104420932643131792e+01
-4.525389532643131929e+01
-2.157108532643132293e+01
-3.735962532643131340e+01
-2.314993932643132268e+01
-4.051733332643132002e+01
-3.420191732643132099e+01
-4.051733332643132002e+01
-2.157108532643132293e+01
-3.104420932643132147e+01
-4.525389532643131929e+01
-2.472879332643132599e+01
-3.893847932643132026e+01
-2.946535532643131461e+01
-3.578077132643131364e+01
-3.104420932643131792e+01
-2.946535532643132171e+01
-2.314993932643132268e+01
-2.314993932643131558e+01
-3.262306332643131412e+01
-1.683452332643132365e+01
-2.630764732643131509e+01
-2.788650132643131485e+01
-4.051733332643132712e+01
-1.683452332643132365e+01
-1.525566932643131679e+01
-1.841337732643132341e+01
-1.999223132643132317e+01
-2.630764732643132220e+01
-3.262306332643132123e+01
-3.420191732643131388e+01
-4.209618732643131978e+01
-1.045983326431315419e+00
-4.209618732643131978e+01
-1.525566932643132390e+01
-1.525566932643132212e+01
-3.262306332643132123e+01
-2.946535532643132171e+01
-2.314993932643131558e+01
-2.946535532643131461e+01
-5.314816532643132518e+01
-3.262306332643131412e+01
-4.051733332643132002e+01
-1.525566932643132390e+01
-3.420191732643132099e+01
-1.841337732643132341e+01
-1.999223132643131606e+01
-2.946535532643132171e+01
-4.051733332643131291e+01
-2.946535532643132171e+01
-1.683452332643132365e+01
-3.578077132643132074e+01
-1.841337732643131631e+01
-4.209618732643131267e+01
-4.525389532643131929e+01
-2.314993932643132268e+01
-3.420191732643132099e+01
-2.314993932643132268e+01
-3.420191732643131388e+01
-2.472879332643132244e+01
-3.262306332643132123e+01
-3.578077132643132074e+01
-3.578077132643132074e+01
-2.472879332643131889e+01
-1.051910732643131574e+01
-4.051733332643132002e+01
-1.683452332643131655e+01
-2.630764732643132220e+01
-2.472879332643131534e+01
-2.157108532643131582e+01
-2.946535532643132171e+01
-2.472879332643131534e+01
-3.104420932643132147e+01
-1.209796132643131727e+01
-3.735962532643131340e+01
-2.788650132643131840e+01
-3.893847932643132026e+01
-3.262306332643131412e+01
-2.314993932643131558e+01
-3.420191732643132099e+01
-3.104420932643131437e+01
-4.999045732643132567e+01
-2.472879332643132599e+01
-3.735962532643131340e+01
-2.788650132643131485e+01
-1.525566932643132390e+01
-5.472701932643131784e+01
-2.157108532643131937e+01
-4.683274932643131194e+01
-3.104420932643131437e+01
-2.472879332643132244e+01
-4.841160332643131881e+01
-4.367504132643131243e+01
-4.051733332643132002e+01
-4.209618732643131267e+01
-2.946535532643132527e+01
-6.735785132643131590e+01
-2.157108532643132293e+01
-4.367504132643131243e+01
-3.420191732643132099e+01
-3.104420932643131437e+01
-2.157108532643131937e+01
-2.472879332643131534e+01
-4.367504132643132664e+01
-3.893847932643131315e+01
-4.841160332643131881e+01
-4.525389532643131218e+01
-3.104420932643132502e+01
-3.104420932643131792e+01
-4.367504132643132664e+01
-2.472879332643132599e+01
-4.525389532643131929e+01
-3.104420932643131792e+01
-3.104420932643132147e+01
-3.735962532643131340e+01
-4.525389532643131929e+01
-3.420191732643131388e+01
-2.630764732643131865e+01
-4.525389532643131929e+01
-1.683452332643131655e+01
-3.893847932643132026e+01
-2.788650132643132196e+01
-3.420191732643132809e+01
-1.999223132643132317e+01
-3.104420932643131792e+01
-4.999045732643131146e+01
-4.209618732643131978e+01
-2.788650132643132196e+01
-2.472879332643132244e+01
-2.472879332643132244e+01
-2.472879332643132244e+01
-2.788650132643132196e+01
-4.051733332643132712e+01
-3.104420932643131792e+01
-5.630587332643131049e+01
-3.578077132643131364e+01
-3.104420932643132147e+01
-2.946535532643132171e+01
-2.157108532643131582e+01
-2.630764732643132220e+01
-2.946535532643131816e+01
-3.893847932643132026e+01
-2.630764732643131509e+01
-3.262306332643132123e+01
-1.525566932643132034e+01
-2.314993932643131558e+01
-2.630764732643132220e+01
-2.788650132643132196e+01
-4.367504132643131243e+01
-3.104420932643131792e+01
-2.788650132643132196e+01
-1.999223132643131962e+01
-2.630764732643132220e+01
-4.841160332643131881e+01
-5.782545326431314692e+00
-3.735962532643131340e+01
-2.630764732643132220e+01
-2.472879332643132244e+01
-2.788650132643132196e+01
-2.157108532643132293e+01
-1.525566932643132390e+01
-2.157108532643131582e+01
-2.157108532643131582e+01
-1.683452332643132365e+01
-2.314993932643132268e+01
-2.946535532643132171e+01
-3.262306332643132123e+01
-2.946535532643131461e+01
-4.051733332643132002e+01
-2.314993932643132268e+01
-2.630764732643132220e+01
-4.367504132643131243e+01
-1.051910732643132107e+01
-3.420191732643132099e+01
-1.683452332643132365e+01
-2.314993932643132268e+01
-3.104420932643132147e+01
-2.630764732643132220e+01
-3.578077132643131364e+01
-1.209796132643131550e+01
-2.314993932643131558e+01
-1.367681532643132414e+01
-2.630764732643131509e+01
-2.788650132643132196e+01
-2.946535532643132527e+01
-3.893847932643132026e+01
-4.203691326431322040e+00
-2.788650132643132196e+01
-1.841337732643132341e+01
-3.262306332643132123e+01
-2.630764732643131865e+01
-5.156931132643131832e+01
-1.841337732643132341e+01
-2.630764732643132220e+01
-2.472879332643131534e+01
-2.788650132643131840e+01
-3.893847932643131315e+01
-2.946535532643131461e+01
-2.157108532643132293e+01
-3.893847932643131315e+01
-1.999223132643132317e+01
-2.314993932643132268e+01
-8.940253326431315983e+00
-3.262306332643132123e+01
-1.525566932643132034e+01
-2.157108532643132293e+01
-2.630764732643132220e+01
-1.999223132643132317e+01
-4.051733332643131291e+01
-8.940253326431317760e+00
-1.841337732643132341e+01
-2.946535532643132171e+01
-1.525566932643132390e+01
-1.841337732643131986e+01
-1.683452332643132365e+01
-1.841337732643132341e+01
-1.999223132643131606e+01
-4.051733332643132002e+01
-3.104420932643132147e+01
-4.841160332643131881e+01
-1.525566932643132390e+01
-3.735962532643132050e+01
-4.209618732643131978e+01
-3.420191732643131388e+01
-3.104420932643132147e+01
-1.367681532643131526e+01
-2.314993932643132268e+01
-2.472879332643131534e+01
-1.683452332643132365e+01
-2.314993932643132268e+01
-3.893847932643132026e+01
-2.472879332643131534e+01
-1.999223132643131606e+01
-1.209796132643132083e+01
-2.472879332643132244e+01
-3.735962532643132761e+01
-7.361399326431318002e+00
-2.314993932643132268e+01
-1.683452332643131655e+01
-1.683452332643131655e+01
-3.262306332643132123e+01
2.111724673568680544e+00
-4.999045732643132567e+01
-3.262306332643131412e+01
-2.472879332643132244e+01
-1.367681532643132236e+01
-3.104420932643132147e+01
-3.420191732643131388e+01
-3.104420932643132147e+01
-4.209618732643131978e+01
-2.472879332643132244e+01
-2.314993932643132624e+01
-2.630764732643131509e+01
-1.209796132643132083e+01
-3.735962532643131340e+01
-2.314993932643132268e+01
-4.051733332643132712e+01
-2.946535532643132171e+01
-2.472879332643132244e+01
-2.472879332643132244e+01
-2.314993932643132624e+01
-3.735962532643132050e+01
-3.578077132643131364e+01
-3.104420932643131792e+01
-2.157108532643131582e+01
-5.788472732643131735e+01
-1.525566932643132390e+01
-4.841160332643131881e+01
-2.157108532643132293e+01
-4.209618732643131978e+01
-3.420191732643131388e+01
-2.788650132643131485e+01
-4.209618732643131978e+01
-1.683452332643131655e+01
-5.782545326431321797e+00
-4.051733332643132712e+01
-3.578077132643132074e+01
-1.999223132643132317e+01
-2.472879332643132244e+01
-2.314993932643132268e+01
-2.946535532643132171e+01
-2.946535532643132527e+01
-5.314816532643131097e+01
-2.946535532643132171e+01
-2.157108532643132293e+01
-3.420191732643131388e+01
-4.051733332643132712e+01
-4.203691326431322040e+00
-4.999045732643132567e+01
-1.841337732643132341e+01
-1.841337732643131631e+01
-3.420191732643131388e+01
-2.788650132643132196e+01
-2.630764732643132220e+01
-1.525566932643132390e+01
-3.578077132643132074e+01
-2.314993932643131913e+01
-4.367504132643132664e+01
-4.209618732643131978e+01
-2.946535532643132171e+01
-1.683452332643132365e+01
-3.104420932643132147e+01
-5.630587332643132470e+01
-1.841337732643131631e+01
-2.630764732643132220e+01
-4.051733332643132002e+01
-1.683452332643131655e+01
-3.420191732643132099e+01
-1.999223132643132317e+01
-2.314993932643132268e+01
-4.051733332643132712e+01
-1.525566932643131679e+01
-1.999223132643131606e+01
-1.841337732643131986e+01
-3.735962532643131340e+01
-1.999223132643132317e+01
-1.525566932643131501e+01
-1.999223132643131606e+01
-1.841337732643132341e+01
-4.209618732643131978e+01
-2.157108532643132293e+01
-2.788650132643132196e+01
-2.157108532643132293e+01
-3.578077132643132074e+01
-1.683452332643132365e+01
-3.104420932643132147e+01
-1.999223132643132317e+01
-3.578077132643132074e+01
-4.525389532643131929e+01
-3.578077132643132074e+01
-1.367681532643132414e+01
-2.157108532643131582e+01
-2.630764732643132220e+01
-2.630764732643132220e+01
-3.893847932643132026e+01
-1.367681532643131703e+01
-3.735962532643132761e+01
-1.209796132643131550e+01
-1.683452332643132365e+01
-5.314816532643132518e+01
-1.683452332643132365e+01
-2.157108532643131937e+01
-2.788650132643131840e+01
-1.683452332643132365e+01
-2.946535532643132171e+01
-2.946535532643132527e+01
-3.104420932643131792e+01
-1.209796132643131550e+01
-3.578077132643132074e+01
-2.788650132643131485e+01
-4.209618732643131267e+01
-4.203691326431314934e+00
-3.104420932643132147e+01
-1.841337732643132341e+01
-1.051910732643131574e+01
-2.472879332643132244e+01
-2.472879332643131534e+01
-2.472879332643132244e+01
-1.841337732643131631e+01
-1.525566932643132212e+01
-2.788650132643132196e+01
-3.893847932643132026e+01
-1.045983326431320748e+00
-1.525566932643131501e+01
-4.051733332643132712e+01
-5.782545326431318244e+00
-2.624837326431322282e+00
-2.630764732643132220e+01
-1.999223132643132317e+01
-1.367681532643132059e+01
-1.841337732643132341e+01
-3.735962532643131340e+01
-1.841337732643132341e+01
-4.367504132643131243e+01
-3.420191732643131388e+01
-2.788650132643132196e+01
-3.893847932643132026e+01
-1.045983326431315419e+00
-1.525566932643132390e+01
-2.157108532643132293e+01
-4.051733332643132712e+01
-2.472879332643132244e+01
-4.051733332643132002e+01
-2.630764732643132220e+01
-3.735962532643132761e+01
-1.841337732643132341e+01
-1.051910732643132107e+01
-3.104420932643131437e+01
-2.314993932643131558e+01
-1.841337732643132341e+01
-4.209618732643131978e+01
-1.841337732643131631e+01
-2.472879332643131534e+01
-2.157108532643131937e+01
-2.157108532643131582e+01
-1.367681532643132059e+01
-3.262306332643132123e+01
-2.472879332643132599e+01
-4.367504132643131953e+01
-2.788650132643132196e+01
-4.203691326431322040e+00
-3.735962532643131340e+01
-2.314993932643131558e+01
-2.157108532643132293e+01
-2.630764732643132220e+01
-1.999223132643131606e+01
-1.999223132643131606e+01
-2.472879332643132244e+01
-2.630764732643132220e+01
-1.051910732643131574e+01
-3.262306332643132123e+01
-1.841337732643131631e+01
-2.472879332643132244e+01
-4.051733332643132002e+01
-3.893847932643131315e+01
-3.104420932643132147e+01
-2.157108532643132293e+01
-3.578077132643132074e+01
-3.420191732643132099e+01
-2.788650132643132196e+01
-2.788650132643132196e+01
-1.841337732643131986e+01
-4.051733332643131291e+01
-3.893847932643132026e+01
-2.314993932643132268e+01
-1.209796132643132438e+01
-1.999223132643132317e+01
6.848286673568679817e+00
-1.999223132643131606e+01
-1.841337732643131631e+01
-2.472879332643132244e+01
-3.262306332643131412e+01
-3.578077132643132074e+01
-3.420191732643132099e+01
-7.361399326431318002e+00
-3.104420932643132147e+01
-3.262306332643132123e+01
-1.841337732643131631e+01
-2.946535532643132171e+01
-4.203691326431316710e+00
-2.314993932643132268e+01
-2.788650132643131485e+01
-2.314993932643132268e+01
-1.367681532643132414e+01
-3.578077132643132074e+01
-2.314993932643132268e+01
-1.683452332643132365e+01
-2.630764732643132220e+01
-1.999223132643132317e+01
-1.051910732643131574e+01
-2.472879332643132599e+01
-3.420191732643132099e+01
-1.209796132643131550e+01
-4.209618732643131978e+01
-3.420191732643132099e+01
-8.940253326431319536e+00
-2.630764732643131509e+01
-1.841337732643132341e+01
-1.051910732643132107e+01
-3.104420932643132147e+01
-1.051910732643132107e+01
-1.051910732643131574e+01
-1.209796132643131550e+01
-2.314993932643132268e+01
-4.367504132643132664e+01
-1.683452332643132365e+01
-1.525566932643132212e+01
-2.314993932643132268e+01
-4.367504132643132664e+01
-1.209796132643131550e+01
-7.361399326431321555e+00
-1.683452332643132365e+01
-2.314993932643131558e+01
-7.361399326431321555e+00
-4.525389532643131929e+01
-2.788650132643132196e+01
-2.624837326431315176e+00
-2.946535532643132171e+01
-2.472879332643132244e+01
-4.051733332643131291e+01
-2.472879332643132244e+01
-4.051733332643131291e+01
-1.999223132643131606e+01
-5.314816532643131097e+01
-2.946535532643132171e+01
-2.157108532643132293e+01
-3.104420932643132147e+01
-1.209796132643131550e+01
-4.367504132643131243e+01
-4.209618732643131978e+01
-2.157108532643132293e+01
-2.788650132643131485e+01
-1.999223132643132317e+01
-4.209618732643131978e+01
-2.157108532643132293e+01
-1.999223132643131962e+01
-1.841337732643131631e+01
-2.788650132643131840e+01
-2.314993932643132268e+01
-1.841337732643131631e+01
-2.946535532643131816e+01
-1.683452332643132365e+01
-4.841160332643131881e+01
-7.361399326431319778e+00
-3.104420932643131437e+01
-1.051910732643131752e+01
-3.735962532643132761e+01
-7.361399326431319778e+00
-5.156931132643131832e+01
-2.630764732643131509e+01
-2.157108532643132293e+01
-3.420191732643132099e+01
-8.940253326431321312e+00
-1.367681532643132059e+01
-3.735962532643132050e+01
-4.367504132643131953e+01
-3.578077132643132074e+01
-3.104420932643131792e+01
-2.788650132643132196e+01
-2.788650132643131840e+01
-2.946535532643131461e+01
-2.314993932643132624e+01
-3.420191732643131388e+01
-4.367504132643131953e+01
-8.940253326431321312e+00
-3.578077132643132074e+01
-2.314993932643131558e+01
-5.314816532643132518e+01
-1.999223132643132672e+01
-5.782545326431321797e+00
-3.262306332643132123e+01
-1.525566932643132034e+01
-1.841337732643131631e+01
-8.940253326431321312e+00
-3.262306332643132123e+01
-1.683452332643131655e+01
-1.999223132643131962e+01
-3.262306332643132123e+01
-1.367681532643131526e+01
-2.157108532643132293e+01
-1.051910732643131574e+01
-2.630764732643131509e+01
-2.946535532643132171e+01
-3.735962532643132050e+01
-2.788650132643131485e+01
-2.314993932643132268e+01
-3.104420932643132147e+01
-3.735962532643131340e+01
-3.262306332643131412e+01
-1.367681532643132059e+01
-2.630764732643132220e+01
-2.157108532643132293e+01
-4.051733332643131291e+01
-3.420191732643132809e+01
-2.472879332643132244e+01
-3.578077132643132074e+01
-1.051910732643131574e+01
-2.788650132643131840e+01
-2.630764732643132220e+01
-3.104420932643132147e+01
-3.893847932643132026e+01
-2.472879332643132244e+01
-2.946535532643132171e+01
-3.104420932643132147e+01
-3.578077132643132074e+01
-3.104420932643131437e+01
-2.630764732643132220e+01
-2.946535532643131816e+01
-3.578077132643131364e+01
-2.472879332643132244e+01
-1.683452332643132365e+01
-1.525566932643132390e+01
-1.841337732643131986e+01
-2.788650132643132196e+01
-2.788650132643131485e+01
-2.157108532643132293e+01
-3.262306332643132123e+01
-1.841337732643132341e+01
-4.683274932643131194e+01
-2.624837326431322282e+00
-5.782545326431325350e+00
-2.946535532643132527e+01
-3.578077132643132074e+01
-2.314993932643132268e+01
-3.262306332643132123e+01
-2.946535532643132527e+01
-8.940253326431317760e+00
-3.262306332643132123e+01
-2.630764732643132220e+01
-3.735962532643131340e+01
-2.630764732643132220e+01
-1.051910732643131574e+01
-1.999223132643132317e+01
-1.683452332643132365e+01
-3.420191732643131388e+01
-1.525566932643131501e+01
-2.472879332643132244e+01
-2.472879332643132244e+01
-2.946535532643131816e+01
-3.735962532643132761e+01
-1.841337732643132341e+01
-4.209618732643131978e+01
-7.361399326431314449e+00
-2.788650132643132196e+01
-1.999223132643132317e+01
-4.999045732643131146e+01
-8.940253326431321312e+00
-1.683452332643131655e+01
-5.156931132643131832e+01
-8.940253326431317760e+00
-3.893847932643132026e+01
-1.525566932643131679e+01
-1.525566932643131501e+01
-1.841337732643132341e+01
-1.367681532643131703e+01
-2.157108532643132293e+01
-2.946535532643132171e+01
-3.420191732643132099e+01
-2.472879332643132244e+01
-3.735962532643131340e+01
-2.314993932643132268e+01
-2.314993932643131558e+01
-2.788650132643132196e+01
-1.051910732643132107e+01
-4.683274932643131194e+01
-3.104420932643132147e+01
-4.203691326431322040e+00
-3.104420932643132147e+01
-3.893847932643132026e+01
-4.525389532643131929e+01
-1.209796132643132083e+01
-3.104420932643132147e+01
-2.946535532643132171e+01
-2.788650132643132196e+01
-2.472879332643132599e+01
-3.578077132643132074e+01
-2.314993932643132268e+01
-3.893847932643132026e+01
-2.788650132643132196e+01
-2.788650132643132196e+01
-4.051733332643132712e+01
-2.788650132643131485e+01
-1.209796132643131550e+01
-4.051733332643132002e+01
-2.314993932643132268e+01
-1.525566932643131679e+01
-3.104420932643132147e+01
-1.841337732643131631e+01
-2.946535532643132527e+01
-1.999223132643132317e+01
-2.472879332643132244e+01
-1.525566932643131679e+01
-4.683274932643131194e+01
-2.946535532643132171e+01
-3.420191732643131388e+01
-1.841337732643131986e+01
-2.314993932643131558e+01
-2.624837326431315176e+00
-2.157108532643132293e+01
-3.893847932643132026e+01
-2.157108532643131582e+01
-4.683274932643131194e+01
-2.946535532643132171e+01
-2.788650132643132196e+01
-1.683452332643131655e+01
-1.051910732643131752e+01
-2.314993932643132268e+01
-2.630764732643132220e+01
-3.262306332643132123e+01
-1.051910732643131574e+01
-2.946535532643132171e+01
-1.525566932643132034e+01
-3.578077132643132074e+01
-3.578077132643132074e+01
-2.788650132643132196e+01
-3.104420932643132147e+01
-1.841337732643132341e+01
-4.841160332643131881e+01
-2.314993932643132268e+01
-2.946535532643132527e+01
-1.525566932643132390e+01
-4.209618732643131978e+01
-2.314993932643131558e+01
-1.525566932643131679e+01
-1.841337732643132341e+01
-1.525566932643132212e+01
-5.472701932643131784e+01
-4.841160332643131881e+01
-5.472701932643131784e+01
-4.209618732643131978e+01
-1.841337732643132341e+01
-3.420191732643132099e+01
-1.367681532643131526e+01
-4.999045732643132567e+01
-3.262306332643132123e+01
-3.893847932643132026e+01
-3.104420932643131792e+01
-3.104420932643132147e+01
-2.630764732643132220e+01
-1.209796132643132083e+01
-5.946358132643131000e+01
-4.051733332643132712e+01
-3.735962532643131340e+01
-1.999223132643131606e+01
-1.367681532643131526e+01
-4.525389532643131929e+01
-4.209618732643131978e+01
-2.472879332643132244e+01
-2.472879332643132244e+01
-3.420191732643132809e+01
-1.209796132643132083e+01
-1.525566932643131679e+01
-1.367681532643131703e+01
-2.314993932643132268e+01
-2.157108532643131582e+01
-3.262306332643132123e+01
-3.104420932643131437e+01
-4.367504132643131953e+01
-2.472879332643132244e+01
-1.525566932643131679e+01
-1.525566932643131501e+01
-3.735962532643132050e+01
-1.045983326431322524e+00
-2.630764732643131509e+01
-2.314993932643131558e+01
-1.051910732643132107e+01
-2.472879332643132244e+01
-1.209796132643131550e+01
-3.104420932643132147e+01
-3.735962532643132050e+01
-3.420191732643131388e+01
-2.314993932643132268e+01
-2.788650132643131840e+01
-3.735962532643132761e+01
-1.841337732643131986e+01
-3.104420932643132502e+01
-1.525566932643131679e+01
-2.314993932643132268e+01
-3.735962532643131340e+01
-3.893847932643132026e+01
-1.999223132643131962e+01
-2.788650132643131840e+01
-4.209618732643131978e+01
2.111724673568676991e+00
-2.946535532643132527e+01
-1.051910732643132107e+01
-5.630587332643131049e+01
-2.630764732643132220e+01
-3.262306332643132123e+01
-1.841337732643132341e+01
-3.104420932643131792e+01
-1.841337732643131631e+01
-2.630764732643131865e+01
-2.946535532643132171e+01
-1.367681532643131526e+01
-4.367504132643131243e+01
-4.051733332643132712e+01
-5.314816532643132518e+01
-3.578077132643132074e+01
-2.157108532643132293e+01
-2.788650132643132196e+01
-1.209796132643132438e+01
-2.788650132643131485e+01
-2.472879332643131534e+01
-2.314993932643132268e+01
-3.104420932643131792e+01
-1.841337732643132341e+01
1.000599467356867933e+01
-3.104420932643132147e+01
-4.683274932643131194e+01
-1.683452332643132365e+01
-1.367681532643131526e+01
-2.314993932643132268e+01
-1.525566932643131501e+01
-1.367681532643132059e+01
-2.314993932643131558e+01
-1.999223132643132317e+01
-1.051910732643132107e+01
-3.578077132643132074e+01
-1.683452332643132010e+01
-1.841337732643131631e+01
-1.683452332643131655e+01
-1.367681532643131526e+01
-2.630764732643132220e+01
-2.624837326431322282e+00
-3.578077132643132074e+01
-2.314993932643132268e+01
-2.472879332643131534e+01
-4.525389532643131929e+01
-4.203691326431322040e+00
-3.420191732643131388e+01
-8.940253326431315983e+00
-3.735962532643131340e+01
-2.472879332643132244e+01
-4.683274932643131194e+01
-3.104420932643132147e+01
-2.946535532643132171e+01
-2.630764732643132220e+01
-2.157108532643131582e+01
-3.735962532643131340e+01
-1.683452332643131655e+01
-3.104420932643132502e+01
-3.262306332643132123e+01
-1.683452332643132365e+01
-2.946535532643132171e+01
-8.940253326431317760e+00
-2.472879332643131534e+01
-3.104420932643132502e+01
-5.314816532643131097e+01
-2.157108532643132293e+01
-3.262306332643132123e+01
-2.472879332643132244e+01
-2.788650132643132196e+01
-3.104420932643131437e+01
-1.999223132643132672e+01
-4.367504132643132664e+01
-1.367681532643132414e+01
-4.367504132643132664e+01
-1.683452332643131655e+01
-2.472879332643131534e+01
-3.420191732643132099e+01
-1.683452332643132365e+01
-4.525389532643131929e+01
-1.683452332643132365e+01
-2.157108532643132293e+01
-4.209618732643131978e+01
-3.420191732643132099e+01
-1.051910732643131929e+01
-2.472879332643132244e+01
-4.051733332643132712e+01
-3.104420932643132147e+01
-2.946535532643131816e+01
-2.472879332643131534e+01
-2.630764732643131509e+01
-3.262306332643132123e+01
-1.209796132643131550e+01
-2.314993932643131558e+01
-2.788650132643132196e+01
-3.578077132643131364e+01
-3.578077132643132074e+01
-3.735962532643131340e+01
-2.472879332643132244e+01
-1.367681532643132059e+01
-3.104420932643132147e+01
-3.262306332643132123e+01
-2.472879332643131534e+01
-1.841337732643131986e+01
-3.104420932643131792e+01
-1.525566932643131679e+01
-2.157108532643131582e+01
-2.630764732643132220e+01
-2.472879332643132244e+01
-4.841160332643131881e+01
-1.525566932643132390e+01
-3.893847932643132026e+01
-4.203691326431320263e+00
-2.946535532643131461e+01
-4.683274932643131194e+01
-2.157108532643132293e+01
-2.472879332643132244e+01
-1.367681532643131526e+01
-1.683452332643131655e+01
-2.630764732643131509e+01
-1.999223132643131606e+01
-5.314816532643132518e+01
-3.578077132643132074e+01
-3.262306332643132123e+01
-2.946535532643132171e+01
-3.578077132643132074e+01
-2.624837326431315176e+00
-4.051733332643131291e+01
-7.361399326431316226e+00
-7.361399326431319778e+00
-1.841337732643131986e+01
-2.157108532643132293e+01
-1.525566932643132212e+01
-1.045983326431315419e+00
-3.104420932643132147e+01
-1.525566932643132212e+01
-1.841337732643132341e+01
-3.578077132643132074e+01
-3.262306332643131412e+01
-1.999223132643132317e+01
-2.157108532643132293e+01
-2.946535532643132171e+01
-3.578077132643132074e+01
-3.262306332643132123e+01
-2.472879332643132244e+01
-2.630764732643131509e+01
-3.893847932643132026e+01
-1.683452332643131655e+01
-4.841160332643131881e+01
-1.841337732643132341e+01
-3.578077132643132074e+01
-4.525389532643131929e+01
-7.361399326431316226e+00
-3.735962532643131340e+01
-3.578077132643131364e+01
-3.104420932643132147e+01
-4.683274932643132615e+01
-4.367504132643131243e+01
-1.051910732643131929e+01
-4.209618732643131978e+01
-4.051733332643132712e+01
-1.999223132643132672e+01
-4.683274932643131194e+01
-1.209796132643131550e+01
-4.367504132643132664e+01
-3.262306332643132123e+01
-3.420191732643131388e+01
-4.209618732643131978e+01
-5.782545326431318244e+00
-2.630764732643132220e+01
-1.525566932643131501e+01
-4.525389532643131929e+01
-4.051733332643132712e+01
-1.209796132643132083e+01
-3.420191732643132809e+01
-2.630764732643132220e+01
-2.630764732643132220e+01
-4.209618732643131978e+01
-2.630764732643132220e+01
-2.314993932643132268e+01
-2.630764732643132220e+01
-1.683452332643132365e+01
-3.578077132643131364e+01
-2.314993932643132268e+01
-1.051910732643132107e+01
-1.999223132643131606e+01
-1.683452332643131655e+01
-2.788650132643132196e+01
-8.940253326431317760e+00
-2.314993932643132268e+01
-4.209618732643131978e+01
-3.104420932643132502e+01
-1.841337732643132341e+01
-1.367681532643132414e+01
-4.841160332643131881e+01
-2.788650132643131485e+01
-4.051733332643132712e+01
-1.525566932643131679e+01
-4.209618732643131978e+01
-2.946535532643132171e+01
-3.578077132643132074e+01
-4.209618732643131978e+01
-2.630764732643132220e+01
-4.683274932643132615e+01
-2.630764732643132220e+01
-1.683452332643132365e+01
-3.104420932643132147e+01
-2.472879332643132244e+01
-4.209618732643131978e+01
-1.525566932643131501e+01
-2.157108532643131582e+01
-1.683452332643132365e+01
-5.156931132643131832e+01
-2.788650132643132196e+01
-3.578077132643131364e+01
-1.051910732643131929e+01
-2.472879332643132244e+01
-2.472879332643132244e+01
-1.841337732643131631e+01
-1.841337732643132341e+01
-3.420191732643132099e+01
-1.999223132643131606e+01
-4.051733332643132712e+01
-2.472879332643132244e+01
-2.788650132643132196e+01
-2.788650132643132196e+01
-3.735962532643131340e+01
-4.683274932643131905e+01
-8.940253326431315983e+00
-1.209796132643132083e+01
-1.525566932643132212e+01
-1.999223132643132317e+01
-2.157108532643132293e+01
-2.157108532643132293e+01
5.269432673568680059e+00
-4.051733332643131291e+01
-5.782545326431314692e+00
-2.630764732643132220e+01
-3.104420932643131437e+01
-7.361399326431325107e+00
-4.367504132643131243e+01
-3.262306332643132123e+01
-3.420191732643132099e+01
-7.361399326431318002e+00
-2.314993932643131913e+01
-1.999223132643132317e+01
-2.472879332643132244e+01
-4.525389532643131929e+01
-1.051910732643131574e+01
-3.420191732643131388e+01
-5.782545326431321797e+00
-3.420191732643131388e+01
-3.578077132643131364e+01
-2.946535532643132171e+01
-3.893847932643132026e+01
-3.104420932643132147e+01
-3.578077132643131364e+01
-3.104420932643132147e+01
-5.156931132643131832e+01
-2.788650132643131485e+01
-2.472879332643132244e+01
-2.946535532643132171e+01
-1.999223132643131962e+01
-5.630587332643132470e+01
-3.104420932643132502e+01
-1.999223132643132317e+01
-3.735962532643132050e+01
-4.841160332643131881e+01
-2.946535532643132171e+01
-2.472879332643132244e+01
-3.262306332643132123e+01
-2.472879332643132244e+01
-1.367681532643132059e+01
-2.946535532643131816e+01
-3.420191732643132099e+01
-3.104420932643132147e+01
-2.472879332643132244e+01
-3.893847932643131315e+01
-2.630764732643132220e+01
-2.630764732643132220e+01
-1.841337732643132341e+01
-4.525389532643131929e+01
-2.630764732643132220e+01
-2.472879332643131534e+01
-1.525566932643131679e+01
-3.578077132643132074e+01
-3.578077132643132074e+01
-2.472879332643132244e+01
-2.157108532643132293e+01
-1.841337732643131986e+01
-1.683452332643131655e+01
-3.578077132643131364e+01
-2.630764732643132220e+01
-4.209618732643131978e+01
-1.999223132643132317e+01
-4.525389532643131929e+01
-1.525566932643131501e+01
-2.630764732643132220e+01
-1.371478151915851385e+01
-2.994873555191585410e+02
-6.265925551915852054e+01
-4.055529951915849551e+01
-8.476321151915851715e+01
-1.147614375191585054e+02
-1.368653935191585163e+02
-1.510750795191585212e+02
-1.337076855191585025e+02
-1.526539335191584996e+02
-1.447596635191584937e+02
-1.479173715191585075e+02
-1.273922695191585035e+02
-1.573904955191584918e+02
-1.289711235191585104e+02
-1.416019555191584800e+02
-1.447596635191584937e+02
-1.305499775191585172e+02
-1.510750795191585212e+02
-1.337076855191585025e+02
-1.542327875191585065e+02
-1.463385175191585290e+02
-1.494962255191585143e+02
-1.289711235191585104e+02
-1.479173715191585075e+02
-1.542327875191585349e+02
-1.289711235191585104e+02
-1.258134155191584966e+02
-1.179191455191585050e+02
-1.131825835191585128e+02
-1.463385175191585006e+02
-1.194979995191585260e+02
-1.463385175191585290e+02
-1.273922695191585035e+02
-1.431808095191585153e+02
-1.242345615191585040e+02
-1.573904955191584918e+02
-1.384442475191585231e+02
-1.368653935191585163e+02
-1.305499775191585172e+02
-1.100248755191585133e+02
-1.337076855191585310e+02
-1.005517515191585147e+02
-1.179191455191585050e+02
-1.131825835191584986e+02
-1.416019555191585084e+02
-1.289711235191585104e+02
-1.242345615191585040e+02
-1.305499775191585172e+02
-1.321288315191585241e+02
-1.368653935191585163e+02
-1.147614375191585054e+02
-1.384442475191585231e+02
-1.273922695191585319e+02
-1.273922695191585035e+02
-1.400231015191585016e+02
-1.179191455191585050e+02
-1.289711235191585104e+02
-1.100248755191585133e+02
-1.479173715191585075e+02
-1.526539335191584996e+02
-1.447596635191584937e+02
-1.337076855191585025e+02
-1.305499775191585172e+02
-1.384442475191585231e+02
-1.289711235191585104e+02
-1.447596635191584937e+02
-1.305499775191585172e+02
-1.273922695191585177e+02
-1.542327875191585065e+02
-1.226557075191585255e+02
-1.337076855191585025e+02
-1.289711235191585104e+02
-1.447596635191585221e+02
-1.321288315191584957e+02
-1.400231015191585016e+02
-1.384442475191585231e+02
-1.305499775191585172e+02
-1.431808095191585153e+02
-1.305499775191585172e+02
-1.431808095191585153e+02
-1.337076855191585025e+02
-1.400231015191585016e+02
-1.384442475191584947e+02
-1.305499775191585172e+02
-1.305499775191585172e+02
-1.384442475191585231e+02
-1.463385175191585006e+02
-1.337076855191585310e+02
-1.573904955191585202e+02
-1.384442475191585231e+02
-1.305499775191585172e+02
-1.305499775191585172e+02
-1.368653935191585163e+02
-1.384442475191585231e+02
-1.337076855191585310e+02
-1.494962255191585143e+02
-1.431808095191584869e+02
-1.352865395191585094e+02
-1.431808095191585153e+02
-1.384442475191585231e+02
-1.431808095191585153e+02
-1.289711235191585104e+02
-1.463385175191585290e+02
-1.210768535191585045e+02
-1.558116415191585133e+02
-1.321288315191585241e+02
-1.305499775191585172e+02
-1.273922695191585319e+02
-1.352865395191585094e+02
-1.400231015191585300e+02
-1.305499775191585172e+02
-1.305499775191585172e+02
-1.352865395191585094e+02
-1.321288315191584957e+02
-1.321288315191585241e+02
-1.147614375191585196e+02
-1.447596635191585221e+02
-1.321288315191585241e+02
-1.558116415191585133e+02
-1.305499775191585172e+02
-1.542327875191585065e+02
-1.337076855191585310e+02
-1.289711235191585104e+02
-1.147614375191585339e+02
-1.273922695191585319e+02
-1.352865395191585094e+02
-1.100248755191585133e+02
-1.384442475191585231e+02
-1.131825835191585128e+02
-1.400231015191585016e+02
-1.416019555191585368e+02
-1.384442475191584947e+02
-1.526539335191585280e+02
-1.131825835191585270e+02
-1.416019555191585084e+02
-1.384442475191584947e+02
-1.400231015191585016e+02
-1.321288315191584957e+02
-1.321288315191585241e+02
-1.384442475191585231e+02
-1.352865395191585094e+02
-1.510750795191585212e+02
-1.384442475191585231e+02
-1.226557075191585255e+02
-1.242345615191585182e+02
-1.368653935191585163e+02
-1.368653935191584878e+02
-1.273922695191585035e+02
-1.510750795191584928e+02
-1.258134155191584966e+02
-1.226557075191585113e+02
-1.131825835191585128e+02
-1.289711235191585388e+02
-1.305499775191585172e+02
-1.337076855191585310e+02
-1.431808095191585153e+02
-1.242345615191585182e+02
-1.463385175191585006e+02
-1.321288315191585241e+02
-1.510750795191585212e+02
-1.321288315191585241e+02
-1.337076855191585025e+02
-1.368653935191584878e+02
-1.273922695191585177e+02
-1.494962255191585143e+02
-1.210768535191585329e+02
-1.305499775191585172e+02
-1.179191455191585050e+02
-1.463385175191585290e+02
-1.337076855191585310e+02
-1.289711235191585388e+02
-1.463385175191585006e+02
-1.431808095191585153e+02
-1.368653935191584878e+02
-1.179191455191585192e+02
-1.368653935191585163e+02
-1.273922695191585319e+02
-1.400231015191585016e+02
-1.384442475191584947e+02
-1.494962255191585143e+02
-1.447596635191585221e+02
-1.273922695191585035e+02
-1.242345615191585182e+02
-1.305499775191585172e+02
-1.352865395191585094e+02
-1.400231015191585016e+02
-1.305499775191585172e+02
-1.526539335191584996e+02
-1.242345615191585040e+02
-1.384442475191584947e+02
-1.479173715191585075e+02
-1.337076855191585310e+02
-1.431808095191585153e+02
-1.210768535191585045e+02
-1.731790355191585036e+02
-1.084460215191585206e+02
-1.463385175191585006e+02
-1.163402915191585123e+02
-1.352865395191585094e+02
-1.289711235191585104e+02
-1.447596635191584937e+02
-1.463385175191585006e+02
-1.305499775191585172e+02
-1.510750795191585212e+02
-1.258134155191585251e+02
-1.384442475191585231e+02
-1.416019555191585368e+02
-1.100248755191585133e+02
-1.352865395191585378e+02
-1.384442475191584947e+02
-1.321288315191584957e+02
-1.163402915191585123e+02
-1.447596635191585221e+02
-1.226557075191585255e+02
-1.305499775191585172e+02
-1.337076855191585310e+02
-1.226557075191585113e+02
-1.305499775191585172e+02
-1.242345615191585040e+02
-1.463385175191585006e+02
-1.321288315191584957e+02
-1.463385175191585006e+02
-1.321288315191585241e+02
-1.226557075191585255e+02
-1.273922695191585035e+02
-1.242345615191585182e+02
-1.368653935191584878e+02
-1.321288315191585241e+02
-1.273922695191585035e+02
-1.321288315191585241e+02
-1.573904955191585202e+02
-1.384442475191584947e+02
-1.463385175191585290e+02
-1.431808095191585153e+02
-1.068671675191585138e+02
-1.542327875191585065e+02
-1.258134155191585251e+02
-1.368653935191585163e+02
-1.384442475191585231e+02
-1.163402915191585123e+02
-1.226557075191585113e+02
-1.273922695191585177e+02
-1.637059115191585192e+02
-1.226557075191585255e+02
-1.542327875191585065e+02
-1.337076855191585310e+02
-1.431808095191585153e+02
-1.242345615191585182e+02
-1.194979995191585118e+02
-1.558116415191585133e+02
-1.242345615191585040e+02
-1.384442475191585231e+02
-1.352865395191585378e+02
-1.242345615191585182e+02
-1.352865395191585094e+02
-1.368653935191585447e+02
-1.573904955191585202e+02
-1.258134155191585251e+02
-1.431808095191585153e+02
-1.179191455191585334e+02
-1.526539335191584996e+02
-1.305499775191585172e+02
-1.431808095191585153e+02
-1.494962255191585143e+02
-1.321288315191584957e+02
-1.400231015191585300e+02
-1.242345615191585040e+02
-1.194979995191585260e+02
-1.084460215191585064e+02
-1.289711235191585388e+02
-1.431808095191585153e+02
-1.147614375191585054e+02
-1.337076855191585025e+02
-1.258134155191585251e+02
-1.321288315191584957e+02
-1.352865395191585378e+02
-1.479173715191585359e+02
-1.384442475191585231e+02
-1.321288315191584957e+02
-1.368653935191585163e+02
-1.289711235191585104e+02
-1.273922695191585319e+02
-1.416019555191584800e+02
-1.510750795191585212e+02
-1.368653935191585163e+02
-1.273922695191585177e+02
-1.400231015191585016e+02
-1.337076855191585310e+02
-1.463385175191585290e+02
-1.289711235191585388e+02
-1.289711235191585104e+02
-1.431808095191585153e+02
-1.447596635191585221e+02
-1.416019555191585084e+02
-1.289711235191585104e+02
-1.384442475191585231e+02
-1.147614375191585196e+02
-1.479173715191585075e+02
-1.305499775191585172e+02
-1.242345615191585182e+02
-1.289711235191585104e+02
-1.242345615191585182e+02
-1.447596635191584937e+02
-1.273922695191585035e+02
-1.542327875191585065e+02
-1.431808095191585153e+02
-1.400231015191585016e+02
-1.479173715191585075e+02
-1.163402915191585265e+02
-1.337076855191585025e+02
-1.431808095191585153e+02
-1.431808095191585153e+02
-1.258134155191585251e+02
-1.210768535191585045e+02
-1.384442475191585231e+02
-1.179191455191585192e+02
-1.116037295191585201e+02
-1.321288315191585241e+02
-1.384442475191585231e+02
-1.337076855191585310e+02
-1.400231015191585300e+02
-1.352865395191585094e+02
-1.416019555191585084e+02
-1.337076855191585310e+02
-1.510750795191584928e+02
-1.447596635191584937e+02
-1.210768535191585187e+02
-1.368653935191585163e+02
-1.479173715191585075e+02
-1.384442475191585231e+02
-1.494962255191585143e+02
-1.384442475191585231e+02
-1.226557075191585255e+02
-1.352865395191585094e+02
-1.384442475191585231e+02
-1.431808095191585153e+02
-1.258134155191585251e+02
-1.337076855191585025e+02
-1.273922695191585035e+02
-1.242345615191585182e+02
-1.463385175191585006e+02
-1.494962255191585143e+02
-1.384442475191585231e+02
-1.573904955191584918e+02
-1.368653935191585163e+02
-1.400231015191585016e+02
-1.305499775191585172e+02
-1.368653935191585163e+02
-1.494962255191585143e+02
-1.305499775191585172e+02
-1.416019555191585084e+02
-1.131825835191585270e+02
-1.384442475191585231e+02
-1.273922695191585035e+02
-1.321288315191584957e+02
-1.542327875191585065e+02
-1.321288315191584957e+02
-1.163402915191585265e+02
-1.384442475191585231e+02
-1.400231015191585300e+02
-1.147614375191585196e+02
-1.337076855191585025e+02
-1.242345615191585324e+02
-1.258134155191585108e+02
-1.510750795191584928e+02
-1.368653935191585163e+02
-1.368653935191585163e+02
-1.337076855191585310e+02
-1.447596635191585221e+02
-1.179191455191585192e+02
-1.447596635191585221e+02
-1.558116415191585133e+02
-1.210768535191585329e+02
-1.463385175191585290e+02
-1.226557075191585255e+02
-1.463385175191585006e+02
-1.400231015191585016e+02
-1.258134155191584966e+02
-1.305499775191585172e+02
-1.416019555191585084e+02
-1.368653935191584878e+02
-1.258134155191585251e+02
-1.321288315191584957e+02
-1.384442475191585231e+02
-1.494962255191585143e+02
-1.558116415191585133e+02
-1.400231015191585300e+02
-1.558116415191585133e+02
-1.210768535191585187e+02
-1.210768535191585045e+02
-1.337076855191585310e+02
-1.242345615191585182e+02
-1.431808095191585153e+02
-1.226557075191585113e+02
-1.416019555191585084e+02
-1.289711235191585104e+02
-1.479173715191585075e+02
-1.305499775191585172e+02
-1.305499775191585172e+02
-1.368653935191585163e+02
-1.305499775191585172e+02
-1.289711235191585388e+02
-1.384442475191585231e+02
-1.637059115191584908e+02
-1.116037295191585201e+02
-1.194979995191585118e+02
-1.163402915191585123e+02
-1.305499775191585172e+02
-1.116037295191585059e+02
-1.337076855191585310e+02
-1.400231015191585300e+02
-1.210768535191585045e+02
-1.368653935191585163e+02
-1.289711235191585104e+02
-1.179191455191585192e+02
-1.526539335191585280e+02
-1.273922695191585319e+02
-1.305499775191585172e+02
-1.352865395191585378e+02
-1.479173715191585075e+02
-1.194979995191585260e+02
-1.258134155191585251e+02
-1.321288315191584957e+02
-1.258134155191585108e+02
-1.131825835191585270e+02
-1.258134155191585251e+02
-1.352865395191585378e+02
-1.273922695191585035e+02
-1.147614375191585054e+02
-1.258134155191585251e+02
-1.352865395191585094e+02
-1.400231015191585016e+02
-1.210768535191585045e+02
-1.510750795191585212e+02
-9.739404351915852942e+01
-1.037094595191585142e+02
-1.242345615191585040e+02
-1.321288315191585241e+02
-1.258134155191585108e+02
-1.321288315191584957e+02
-1.558116415191585133e+02
-1.194979995191584976e+02
-1.194979995191585260e+02
-1.305499775191585172e+02
-1.242345615191585324e+02
-1.305499775191585172e+02
-1.226557075191585113e+02
-1.242345615191585182e+02
-1.147614375191585054e+02
-1.463385175191585006e+02
-1.226557075191585113e+02
-1.352865395191585094e+02
-1.431808095191585153e+02
-1.273922695191585035e+02
-1.163402915191585123e+02
-1.179191455191585192e+02
-1.526539335191584996e+02
-1.052883135191585069e+02
-1.510750795191585212e+02
-1.163402915191585265e+02
-1.226557075191585113e+02
-1.321288315191585241e+02
-1.400231015191585300e+02
-1.573904955191584918e+02
-1.163402915191585123e+02
-1.273922695191585177e+02
-1.210768535191585045e+02
-1.368653935191584878e+02
-1.400231015191585300e+02
-1.337076855191585310e+02
-1.463385175191585290e+02
-1.289711235191585104e+02
-1.368653935191585163e+02
-1.305499775191585172e+02
-1.400231015191585300e+02
-1.416019555191585084e+02
-1.352865395191585094e+02
-1.384442475191585231e+02
-1.368653935191585163e+02
-1.305499775191585172e+02
-1.242345615191585182e+02
-1.384442475191584947e+02
-1.368653935191585447e+02
-1.384442475191585231e+02
-1.289711235191585388e+02
-1.242345615191585182e+02
-1.400231015191585016e+02
-1.116037295191585059e+02
-1.494962255191585143e+02
-1.368653935191585447e+02
-1.463385175191585006e+02
-1.352865395191585094e+02
-1.384442475191585231e+02
-1.494962255191585143e+02
-1.542327875191585065e+02
-1.384442475191585231e+02
-1.242345615191585182e+02
-1.305499775191585172e+02
-1.289711235191585104e+02
-1.526539335191584996e+02
-1.447596635191584937e+02
-1.258134155191585251e+02
-1.194979995191585260e+02
-1.100248755191585133e+02
-1.368653935191585163e+02
-1.321288315191584957e+02
-1.447596635191584937e+02
-1.416019555191585368e+02
-1.289711235191585104e+02
-1.447596635191584937e+02
-1.163402915191585265e+02
-1.416019555191585084e+02
-1.163402915191585123e+02
-1.163402915191585123e+02
-1.431808095191585153e+02
-1.210768535191585187e+02
-1.289711235191585104e+02
-1.194979995191585118e+02
-1.337076855191585310e+02
-1.116037295191585201e+02
-1.289711235191585104e+02
-1.273922695191585319e+02
-1.400231015191585016e+02
-1.400231015191585016e+02
-1.337076855191585310e+02
-1.416019555191585084e+02
-1.100248755191585133e+02
-1.289711235191584819e+02
-1.194979995191585260e+02
-1.321288315191584957e+02
-1.194979995191585260e+02
-1.179191455191585192e+02
-1.352865395191585094e+02
-1.352865395191585094e+02
-1.337076855191585310e+02
-1.242345615191585182e+02
-1.226557075191585113e+02
-1.226557075191585113e+02
-1.131825835191585270e+02
-1.305499775191585172e+02
-1.210768535191585045e+02
-1.384442475191585231e+02
-1.368653935191585163e+02
-1.400231015191585016e+02
-1.100248755191585133e+02
-1.194979995191585260e+02
-1.368653935191585163e+02
-1.194979995191585260e+02
-1.431808095191585153e+02
-1.084460215191585064e+02
-1.194979995191585118e+02
-1.400231015191585016e+02
-1.242345615191585182e+02
-1.052883135191585211e+02
-1.052883135191585211e+02
-1.305499775191585172e+02
-1.273922695191585319e+02
-1.400231015191585300e+02
-1.242345615191585182e+02
-1.210768535191585045e+02
-1.447596635191585221e+02
-1.384442475191584947e+02
-1.400231015191585300e+02
-1.258134155191585251e+02
-1.337076855191585025e+02
-1.131825835191585270e+02
-1.416019555191585084e+02
-1.321288315191585241e+02
-1.352865395191585094e+02
-1.337076855191585025e+02
-1.289711235191585104e+02
-1.210768535191585045e+02
-1.194979995191585260e+02
-1.384442475191585231e+02
-1.210768535191585329e+02
-1.147614375191585196e+02
-1.416019555191585084e+02
-1.100248755191585133e+02
-1.416019555191585084e+02
-1.226557075191585113e+02
-1.431808095191585153e+02
-1.210768535191585045e+02
-1.337076855191585025e+02
-1.321288315191585241e+02
-1.352865395191585094e+02
-1.321288315191585241e+02
-1.321288315191585241e+02
-1.384442475191585231e+02
-1.179191455191585192e+02
-1.494962255191585143e+02
-1.400231015191585016e+02
-1.273922695191585177e+02
-1.210768535191585045e+02
-1.273922695191585035e+02
-1.463385175191585290e+02
-1.352865395191585094e+02
-1.305499775191585172e+02
-1.384442475191585231e+02
-1.558116415191585133e+02
-1.194979995191585260e+02
-1.305499775191585172e+02
-1.431808095191585153e+02
-1.068671675191585280e+02
-1.447596635191585221e+02
-1.368653935191585163e+02
-1.321288315191584957e+02
-1.352865395191585094e+02
-1.305499775191585172e+02
-1.337076855191585025e+02
-1.163402915191585265e+02
-1.179191455191585192e+02
-1.305499775191585172e+02
-1.368653935191585163e+02
-1.542327875191585065e+02
-1.321288315191585241e+02
-1.368653935191585163e+02
-1.273922695191585319e+02
-1.352865395191585378e+02
-1.147614375191585054e+02
-1.605482035191585055e+02
-1.273922695191585319e+02
-1.210768535191585187e+02
-1.321288315191584957e+02
-1.273922695191585035e+02
-1.431808095191585153e+02
-1.242345615191585182e+02
-1.352865395191585094e+02
-1.321288315191584957e+02
-1.384442475191584947e+02
-1.194979995191584976e+02
-1.305499775191585172e+02
-1.384442475191585231e+02
-1.210768535191585329e+02
-1.494962255191585143e+02
-1.273922695191585319e+02
-1.447596635191585221e+02
-1.368653935191585163e+02
-1.384442475191585231e+02
-1.684424735191584830e+02
-1.305499775191584888e+02
-1.368653935191584878e+02
-1.242345615191585182e+02
-1.463385175191585006e+02
-1.542327875191585065e+02
-1.542327875191585065e+02
-1.510750795191584928e+02
-1.400231015191585300e+02
-1.384442475191585231e+02
-1.258134155191585251e+02
-1.494962255191584859e+02
-1.321288315191585241e+02
-1.289711235191585388e+02
-1.526539335191584996e+02
-1.368653935191585447e+02
-1.273922695191585177e+02
-1.273922695191585319e+02
-1.573904955191584918e+02
-1.321288315191584957e+02
-1.400231015191585016e+02
-1.226557075191585398e+02
-1.084460215191585064e+02
-1.194979995191585118e+02
-1.210768535191585045e+02
-1.463385175191585290e+02
-1.194979995191585118e+02
-1.352865395191585094e+02
-1.352865395191585094e+02
-1.352865395191585378e+02
-1.447596635191585221e+02
-1.337076855191585025e+02
-1.416019555191585368e+02
-1.258134155191585251e+02
-1.273922695191585035e+02
-1.352865395191585378e+02
-1.226557075191585113e+02
-1.384442475191585231e+02
-1.289711235191585104e+02
-1.416019555191585084e+02
-1.416019555191585084e+02
-1.447596635191585221e+02
-1.147614375191585054e+02
-1.337076855191585025e+02
-1.494962255191585143e+02
-1.384442475191585231e+02
-1.368653935191585163e+02
-1.321288315191584957e+02
-1.463385175191585290e+02
-1.384442475191584947e+02
-1.384442475191585231e+02
-1.416019555191585084e+02
-1.510750795191584928e+02
-1.384442475191585231e+02
-1.242345615191585182e+02
-1.194979995191585118e+02
-1.242345615191585182e+02
-1.352865395191585094e+02
-1.084460215191585064e+02
-1.431808095191585153e+02
-1.147614375191585196e+02
-1.352865395191585094e+02
-1.494962255191585143e+02
-1.400231015191585016e+02
-1.542327875191585065e+02
-1.131825835191585270e+02
-1.431808095191585153e+02
-1.400231015191585016e+02
-1.242345615191585182e+02
-1.494962255191584859e+02
-1.352865395191585378e+02
-1.479173715191585075e+02
-1.273922695191585177e+02
-1.289711235191585104e+02
-1.226557075191585255e+02
-1.384442475191585231e+02
-1.558116415191585133e+02
-1.258134155191585251e+02
-1.368653935191585163e+02
-1.463385175191585006e+02
-1.258134155191584966e+02
-1.416019555191585084e+02
-1.321288315191584957e+02
-1.337076855191585310e+02
-1.321288315191585241e+02
-1.400231015191585300e+02
-1.242345615191585182e+02
-1.384442475191585231e+02
-1.289711235191585388e+02
-1.542327875191585065e+02
-1.273922695191585177e+02
-1.526539335191585280e+02
-1.463385175191585290e+02
-1.352865395191585378e+02
-1.352865395191585094e+02
-1.305499775191585172e+02
-1.510750795191585212e+02
-1.447596635191585221e+02
-1.210768535191585045e+02
-1.416019555191585084e+02
-1.352865395191585094e+02
-1.526539335191584996e+02
-1.100248755191585133e+02
-1.305499775191585172e+02
-1.368653935191585163e+02
-1.352865395191585094e+02
-1.384442475191585231e+02
-1.352865395191585378e+02
-1.384442475191585231e+02
-1.273922695191585177e+02
-1.510750795191584928e+02
-1.194979995191584976e+02
-1.321288315191584957e+02
-1.368653935191585163e+02
-1.368653935191585163e+02
-1.273922695191585319e+02
-1.337076855191585025e+02
-1.510750795191585212e+02
-1.526539335191585280e+02
-1.431808095191585153e+02
-1.416019555191585084e+02
-1.431808095191585153e+02
-1.479173715191585075e+02
-1.289711235191585104e+02
-1.416019555191585084e+02
-1.210768535191585045e+02
-1.289711235191585104e+02
-1.226557075191585255e+02
-1.337076855191585310e+02
-1.210768535191585045e+02
-1.352865395191585094e+02
-1.337076855191585310e+02
-1.337076855191585310e+02
-1.305499775191585172e+02
-1.242345615191585182e+02
-1.337076855191585025e+02
-1.321288315191585241e+02
-1.305499775191585172e+02
-1.368653935191585163e+02
-1.400231015191585016e+02
-1.558116415191585133e+02
-1.273922695191585177e+02
-1.479173715191585075e+02
-1.305499775191585172e+02
-1.542327875191585349e+02
-1.400231015191585016e+02
-1.400231015191585300e+02
-1.305499775191585172e+02
-1.337076855191585025e+02
-1.605482035191585055e+02
-1.258134155191585251e+02
-1.258134155191585108e+02
-1.463385175191585290e+02
-1.431808095191585153e+02
-1.368653935191584878e+02
-1.573904955191585202e+02
-1.400231015191585016e+02
-1.542327875191584781e+02
-1.637059115191584908e+02
-1.542327875191585065e+02
-1.510750795191584928e+02
-1.321288315191585241e+02
-1.368653935191585163e+02
-1.352865395191585094e+02
-1.194979995191584976e+02
-1.494962255191585143e+02
-1.416019555191585084e+02
-1.447596635191585221e+02
-1.258134155191585251e+02
-1.352865395191585378e+02
-1.368653935191585163e+02
-1.100248755191585133e+02
-1.273922695191585177e+02
-1.368653935191585163e+02
-1.163402915191585265e+02
-1.337076855191585310e+02
-1.368653935191585447e+02
-1.368653935191585163e+02
-1.416019555191585368e+02
-1.479173715191585075e+02
-1.242345615191585182e+02
-1.526539335191584996e+02
-1.226557075191585113e+02
-1.258134155191585251e+02
-1.352865395191585094e+02
-1.589693495191584987e+02
-1.337076855191585310e+02
-1.400231015191585300e+02
-1.384442475191585231e+02
-1.400231015191585016e+02
-1.416019555191585368e+02
-1.400231015191585016e+02
-1.384442475191585231e+02
-1.352865395191585094e+02
-1.273922695191585177e+02
-1.273922695191585177e+02
-1.273922695191585319e+02
-1.337076855191585310e+02
-1.400231015191585300e+02
-1.479173715191585359e+02
-1.463385175191585290e+02
-1.337076855191585025e+02
-1.463385175191585006e+02
-1.416019555191584800e+02
-1.463385175191585006e+02
-1.084460215191585064e+02
-1.384442475191584947e+02
-1.289711235191585104e+02
-1.321288315191584957e+02
-1.526539335191585280e+02
-1.194979995191585118e+02
-1.589693495191585271e+02
-1.416019555191585084e+02
-1.289711235191585104e+02
-1.479173715191585075e+02
-1.368653935191585163e+02
-1.321288315191585241e+02
-1.242345615191585182e+02
-1.447596635191584937e+02
-1.400231015191585016e+02
-1.400231015191585300e+02
-1.226557075191585113e+02
-1.116037295191585201e+02
-1.431808095191585153e+02
-1.305499775191585172e+02
-1.542327875191585065e+02
-1.210768535191585045e+02
-1.431808095191585153e+02
-1.305499775191585172e+02
-1.447596635191584937e+02
-1.321288315191585241e+02
-1.431808095191585153e+02
-1.510750795191585212e+02
-1.258134155191585108e+02
-1.463385175191585290e+02
-1.321288315191584957e+02
-1.494962255191585143e+02
-1.447596635191584937e+02
-1.447596635191585221e+02
-1.242345615191585182e+02
-1.194979995191584976e+02
-1.431808095191585153e+02
-1.573904955191585202e+02
-1.416019555191585368e+02
-1.337076855191585025e+02
-1.400231015191585016e+02
-1.479173715191585075e+02
-1.289711235191585388e+02
-1.384442475191585231e+02
-1.289711235191585104e+02
-1.668636195191585045e+02
-1.368653935191585163e+02
-1.416019555191585084e+02
-1.431808095191585153e+02
-1.400231015191585016e+02
-1.384442475191585231e+02
-1.289711235191585104e+02
-1.510750795191585212e+02
-1.637059115191584908e+02
-1.700213275191585183e+02
-1.116037295191585201e+02
-1.558116415191585133e+02
-1.400231015191585300e+02
-1.494962255191585143e+02
-1.447596635191585221e+02
-1.526539335191584996e+02
-1.463385175191585290e+02
-1.289711235191585104e+02
-1.305499775191585172e+02
-1.384442475191585231e+02
-1.384442475191585231e+02
-1.494962255191585143e+02
-1.368653935191585163e+02
-1.479173715191585359e+02
-1.337076855191585310e+02
-1.494962255191585143e+02
-1.384442475191585231e+02
-1.337076855191585310e+02
-1.589693495191584987e+02
-1.305499775191585172e+02
-1.431808095191585153e+02
-1.447596635191584937e+02
-1.226557075191585113e+02
-1.337076855191585025e+02
-1.337076855191585310e+02
-1.494962255191585143e+02
-1.352865395191585094e+02
-1.431808095191585153e+02
-1.368653935191585163e+02
-1.416019555191585368e+02
-1.479173715191585075e+02
-1.526539335191585280e+02
-1.321288315191585241e+02
-1.384442475191585231e+02
-1.368653935191585163e+02
-1.384442475191585231e+02
-1.400231015191585016e+02
-1.479173715191585075e+02
-1.384442475191585231e+02
-1.605482035191585055e+02
-1.494962255191585143e+02
-1.416019555191585368e+02
-1.384442475191584947e+02
-1.621270575191584840e+02
-1.368653935191585163e+02
-1.416019555191585084e+02
-1.368653935191585163e+02
-1.510750795191584928e+02
-1.510750795191585212e+02
-1.431808095191585153e+02
-1.494962255191585143e+02
-1.510750795191584928e+02
-1.400231015191585016e+02
-1.273922695191585319e+02
-1.589693495191584987e+02
-1.337076855191585025e+02
-1.589693495191585271e+02
-1.463385175191585290e+02
-1.605482035191585055e+02
-1.589693495191584987e+02
-1.305499775191585172e+02
-1.447596635191584937e+02
-1.621270575191585124e+02
-1.368653935191585163e+02
-1.542327875191585065e+02
-1.352865395191585094e+02
-1.526539335191584996e+02
-1.210768535191585329e+02
-1.431808095191585153e+02
-1.431808095191585153e+02
-1.337076855191585310e+02
-1.558116415191585133e+02
-1.289711235191585104e+02
-1.494962255191585143e+02
-1.463385175191585290e+02
-1.400231015191585016e+02
-1.494962255191585143e+02
-1.526539335191585280e+02
-1.273922695191585035e+02
-1.400231015191585300e+02
-1.526539335191584996e+02
-1.431808095191585153e+02
-1.337076855191585310e+02
-1.384442475191585231e+02
-1.416019555191585368e+02
-1.573904955191585202e+02
-1.273922695191585177e+02
-1.447596635191585221e+02
-1.494962255191585143e+02
-1.542327875191585065e+02
-1.368653935191585163e+02
-1.573904955191585202e+02
-1.242345615191585182e+02
-1.558116415191585133e+02
-1.194979995191585118e+02
-1.194979995191585118e+02
-1.337076855191585025e+02
-1.368653935191585163e+02
-1.589693495191584987e+02
-1.400231015191585016e+02
-1.431808095191585153e+02
-1.526539335191584996e+02
-1.352865395191585094e+02
-1.337076855191585310e+02
-1.400231015191585016e+02
-1.494962255191585143e+02
-1.463385175191585006e+02
-1.400231015191585016e+02
-1.242345615191585182e+02
-1.479173715191585075e+02
-1.289711235191585104e+02
-1.463385175191585290e+02
-1.510750795191585212e+02
-1.321288315191585241e+02
-1.463385175191585006e+02
-1.416019555191585084e+02
-1.431808095191585153e+02
-1.447596635191585221e+02
-1.210768535191585045e+02
-1.431808095191584869e+02
-1.368653935191585163e+02
-1.668636195191585045e+02
-1.463385175191585006e+02
-1.463385175191585290e+02
-1.384442475191585231e+02
-1.242345615191585324e+02
-1.510750795191585212e+02
-1.289711235191585104e+02
-1.605482035191585055e+02
-1.321288315191585241e+02
-1.573904955191584918e+02
-1.400231015191585016e+02
-1.431808095191585153e+02
-1.337076855191585310e+02
-1.337076855191585310e+02
-1.447596635191584937e+02
-1.400231015191585300e+02
-1.589693495191584987e+02
-1.431808095191585153e+02
-1.558116415191585133e+02
-1.494962255191585143e+02
-1.337076855191585025e+02
-1.558116415191585133e+02
-1.226557075191585113e+02
-1.242345615191585182e+02
-1.494962255191585143e+02
-1.258134155191585108e+02
-1.384442475191584947e+02
-1.368653935191585163e+02
-1.542327875191585065e+02
-1.384442475191585231e+02
-1.289711235191585104e+02
-1.194979995191585260e+02
-1.416019555191585084e+02
-1.352865395191585378e+02
-1.447596635191584937e+02
-1.242345615191585182e+02
-1.400231015191585016e+02
-1.368653935191585163e+02
-1.463385175191585006e+02
-1.337076855191585310e+02
-1.305499775191585172e+02
-1.289711235191585104e+02
-1.337076855191585025e+02
-1.400231015191585016e+02
-1.352865395191585094e+02
-1.289711235191585104e+02
-1.305499775191585172e+02
-1.194979995191585118e+02
-1.305499775191585172e+02
-1.494962255191585143e+02
-1.116037295191585201e+02
-1.368653935191585163e+02
-1.289711235191585104e+02
-1.384442475191584947e+02
-1.273922695191585035e+02
-1.337076855191585025e+02
-1.416019555191585368e+02
-1.321288315191585241e+02
-1.273922695191585035e+02
-1.147614375191585196e+02
-1.558116415191585133e+02
-1.242345615191585040e+02
-1.226557075191585255e+02
-1.542327875191585349e+02
-1.321288315191585241e+02
-1.321288315191585241e+02
-1.400231015191585016e+02
-1.416019555191585084e+02
-1.337076855191585310e+02
-1.416019555191585084e+02
-1.147614375191585054e+02
-1.352865395191585094e+02
-1.510750795191584928e+02
-1.447596635191585221e+02
-1.416019555191585084e+02
-1.100248755191585133e+02
-1.337076855191585310e+02
-1.463385175191585006e+02
-1.352865395191585094e+02
-1.289711235191585104e+02
-1.226557075191585255e+02
-1.305499775191585172e+02
-1.273922695191585177e+02
-1.368653935191585163e+02
-1.242345615191585182e+02
-1.337076855191585310e+02
-1.352865395191585094e+02
-1.431808095191585153e+02
-1.352865395191585094e+02
-1.242345615191585182e+02
-1.542327875191585065e+02
-1.194979995191585260e+02
-1.289711235191585104e+02
-1.558116415191585133e+02
-1.084460215191585064e+02
-1.210768535191585187e+02
-1.352865395191585094e+02
-1.352865395191585094e+02
-1.258134155191584966e+02
-1.526539335191584996e+02
-1.337076855191585025e+02
-1.510750795191585212e+02
-1.305499775191585172e+02
-1.226557075191585113e+02
-1.258134155191585251e+02
-1.242345615191585182e+02
-1.337076855191585310e+02
-1.337076855191585310e+02
-1.368653935191585163e+02
-1.305499775191585172e+02
-1.621270575191585124e+02
-1.494962255191585143e+02
-1.431808095191585153e+02
-1.447596635191584937e+02
-1.210768535191585045e+02
-1.163402915191585265e+02
-1.289711235191585104e+02
-1.400231015191585016e+02
-1.400231015191585016e+02
-1.258134155191585251e+02
-1.573904955191585202e+02
-1.510750795191584928e+02
-1.526539335191584996e+02
-1.589693495191584987e+02
-1.526539335191584996e+02
-1.431808095191585153e+02
-1.416019555191585084e+02
-1.542327875191585065e+02
-1.258134155191585108e+02
-1.321288315191584957e+02
-1.479173715191585075e+02
-1.368653935191584878e+02
-1.305499775191585172e+02
-1.226557075191585113e+02
-1.321288315191584957e+02
-1.242345615191585182e+02
-1.463385175191585006e+02
-1.258134155191585108e+02
-1.542327875191585065e+02
-1.400231015191585016e+02
-1.479173715191585075e+02
-1.479173715191585075e+02
-1.352865395191585094e+02
-1.242345615191585040e+02
-1.479173715191585075e+02
-1.510750795191585212e+02
-1.384442475191585231e+02
-1.463385175191585006e+02
-1.416019555191585084e+02
-1.589693495191584987e+02
-1.605482035191585055e+02
-1.494962255191585143e+02
-1.637059115191584908e+02
-1.321288315191584957e+02
-1.289711235191585104e+02
-1.510750795191584928e+02
-1.337076855191585310e+02
-1.400231015191585016e+02
-1.416019555191585084e+02
-1.305499775191585172e+02
-1.558116415191585133e+02
-1.542327875191585349e+02
-1.463385175191585006e+02
-1.637059115191585192e+02
-1.463385175191585290e+02
-1.431808095191585153e+02
-1.526539335191584996e+02
-1.416019555191585368e+02
-1.384442475191585231e+02
-1.431808095191585153e+02
-1.352865395191585094e+02
-1.289711235191585104e+02
-1.463385175191585290e+02
-1.400231015191585300e+02
-1.384442475191585231e+02
-1.431808095191585153e+02
-1.447596635191585221e+02
-1.463385175191585006e+02
-1.447596635191584937e+02
-1.352865395191585094e+02
-1.431808095191585153e+02
-1.384442475191584947e+02
-1.431808095191585153e+02
-1.210768535191585045e+02
-1.416019555191585084e+02
-1.494962255191585143e+02
-1.447596635191585221e+02
-1.337076855191585025e+02
-1.289711235191585104e+02
-1.084460215191585064e+02
-1.258134155191585251e+02
-1.368653935191585163e+02
-1.242345615191585182e+02
-1.479173715191585075e+02
-1.321288315191584957e+02
-1.400231015191585016e+02
-1.321288315191585241e+02
-1.289711235191585104e+02
-1.447596635191584937e+02
-1.289711235191585104e+02
-1.416019555191585084e+02
-1.384442475191585231e+02
-1.416019555191585084e+02
-1.384442475191584947e+02
-1.226557075191585255e+02
-1.526539335191585280e+02
-1.447596635191585221e+02
-1.416019555191585084e+02
-1.337076855191585025e+02
-1.147614375191585196e+02
-1.668636195191585045e+02
-1.384442475191584947e+02
-1.305499775191585172e+02
-1.368653935191584878e+02
-1.589693495191584987e+02
-1.558116415191585133e+02
-1.447596635191585221e+02
-1.542327875191585349e+02
-1.447596635191584937e+02
-1.558116415191585133e+02
-1.289711235191585104e+02
-1.463385175191585006e+02
-1.542327875191585065e+02
-1.289711235191585104e+02
-1.589693495191584987e+02
-1.542327875191585065e+02
-1.352865395191585094e+02
-1.384442475191584947e+02
-1.494962255191584859e+02
-1.384442475191584947e+02
-1.368653935191585163e+02
-1.431808095191585153e+02
-1.289711235191585388e+02
-1.463385175191585290e+02
-1.416019555191585368e+02
-1.210768535191585329e+02
-1.258134155191585251e+02
-1.494962255191585143e+02
-1.242345615191585182e+02
-1.400231015191585016e+02
-1.605482035191585055e+02
-1.479173715191585075e+02
-1.368653935191585447e+02
-1.416019555191585084e+02
-1.573904955191585202e+02
-1.337076855191585310e+02
-1.337076855191585310e+02
-1.337076855191585025e+02
-1.526539335191584996e+02
-1.479173715191585075e+02
-1.305499775191585172e+02
-1.463385175191585006e+02
-1.447596635191585221e+02
-1.384442475191584947e+02
-1.368653935191585163e+02
-1.400231015191585016e+02
-1.305499775191585172e+02
-1.479173715191585075e+02
-1.321288315191585241e+02
-1.542327875191585349e+02
-1.289711235191585104e+02
-1.416019555191585084e+02
-1.258134155191584966e+02
-1.589693495191584987e+02
-1.431808095191585153e+02
-1.526539335191584996e+02
-1.542327875191585065e+02
-1.526539335191584996e+02
-1.447596635191585221e+02
-1.558116415191585133e+02
-1.589693495191585271e+02
-1.352865395191585094e+02
-1.479173715191585075e+02
-1.384442475191584947e+02
-1.447596635191584937e+02
-1.368653935191584878e+02
-1.431808095191585153e+02
-1.510750795191585212e+02
-1.479173715191585075e+02
-1.337076855191585310e+02
-1.368653935191585163e+02
-1.447596635191584937e+02
-1.337076855191585025e+02
-1.400231015191585016e+02
-1.447596635191584937e+02
-1.510750795191584928e+02
-1.416019555191585368e+02
-1.384442475191585231e+02
-1.479173715191585075e+02
-1.337076855191585310e+02
-1.479173715191585075e+02
-1.147614375191585054e+02
-1.558116415191585133e+02
-1.479173715191585075e+02
-1.479173715191585075e+02
-1.447596635191584937e+02
-1.258134155191584966e+02
-1.479173715191585075e+02
-1.352865395191585094e+02
-1.510750795191585212e+02
-1.368653935191585447e+02
-1.305499775191585172e+02
-1.573904955191584918e+02
-1.621270575191584840e+02
-1.447596635191585221e+02
-1.668636195191585045e+02
-1.337076855191585025e+02
-1.416019555191585084e+02
-1.352865395191585094e+02
-1.494962255191585143e+02
-1.289711235191585104e+02
-1.526539335191584996e+02
-1.289711235191585104e+02
-1.431808095191585153e+02
-1.479173715191585075e+02
-1.589693495191584987e+02
-1.321288315191584957e+02
-1.431808095191585153e+02
-1.463385175191585290e+02
-1.494962255191585143e+02
-1.352865395191585094e+02
-1.305499775191585172e+02
-1.479173715191585075e+02
-1.494962255191584859e+02
-1.384442475191584947e+02
-1.479173715191585075e+02
-1.479173715191585075e+02
-1.431808095191585153e+02
-1.479173715191585075e+02
-1.400231015191585016e+02
-1.100248755191585275e+02
-1.258134155191585251e+02
-1.337076855191585025e+02
-1.384442475191585231e+02
-1.210768535191585045e+02
-1.258134155191585108e+02
-1.400231015191585016e+02
-1.147614375191585054e+02
-1.589693495191584987e+02
-1.463385175191585290e+02
-1.431808095191585153e+02
-1.431808095191585153e+02
-1.194979995191584976e+02
-1.337076855191585025e+02
-1.368653935191585163e+02
-1.368653935191585163e+02
-1.542327875191585065e+02
-1.542327875191585065e+02
-1.321288315191585241e+02
-1.131825835191584986e+02
-1.526539335191584996e+02
-1.431808095191585153e+02
-1.447596635191585221e+02
-1.400231015191585016e+02
-1.510750795191585212e+02
-1.447596635191585221e+02
-1.400231015191585016e+02
-1.321288315191584957e+02
-1.305499775191585172e+02
-1.337076855191585025e+02
-1.273922695191585177e+02
-1.558116415191585133e+02
-1.463385175191585290e+02
-1.384442475191585231e+02
-1.337076855191585025e+02
-1.526539335191585280e+02
-1.494962255191585143e+02
-1.431808095191585153e+02
-1.716001815191584967e+02
-1.321288315191585241e+02
-1.368653935191585163e+02
-1.384442475191585231e+02
-1.210768535191585045e+02
-1.321288315191584957e+02
-1.416019555191585084e+02
-1.400231015191585300e+02
-1.384442475191585231e+02
-1.431808095191585153e+02
-1.416019555191585084e+02
-1.321288315191584957e+02
-1.431808095191585153e+02
-1.384442475191585231e+02
-1.289711235191584819e+02
-1.384442475191585231e+02
-1.194979995191584976e+02
-1.479173715191585075e+02
-1.431808095191585153e+02
-1.463385175191585006e+02
-1.526539335191584996e+02
-1.242345615191585182e+02
-1.289711235191585104e+02
-1.589693495191584987e+02
-1.526539335191584996e+02
-1.431808095191585153e+02
-1.289711235191585388e+02
-1.273922695191585035e+02
-1.352865395191585094e+02
-1.352865395191585094e+02
-1.352865395191585378e+02
-1.273922695191585035e+02
-1.494962255191584859e+02
-1.258134155191585108e+02
-1.305499775191585172e+02
-1.400231015191585016e+02
-1.226557075191585113e+02
-1.542327875191585065e+02
-1.479173715191585359e+02
-1.352865395191585094e+02
-1.368653935191584878e+02
-1.416019555191585084e+02
-1.494962255191585143e+02
-1.463385175191585290e+02
-1.337076855191585025e+02
-1.368653935191585163e+02
-1.368653935191584878e+02
-1.400231015191585300e+02
-1.258134155191585251e+02
-1.447596635191584937e+02
-1.494962255191584859e+02
-1.494962255191585143e+02
-1.416019555191585368e+02
-1.494962255191585143e+02
-1.431808095191585153e+02
-1.305499775191585172e+02
-1.558116415191585133e+02
-1.242345615191585040e+02
-1.384442475191585231e+02
-1.337076855191585025e+02
-1.447596635191585221e+02
-1.416019555191585084e+02
-1.558116415191585133e+02
-1.368653935191585447e+02
-1.494962255191585143e+02
-1.463385175191585006e+02
-1.368653935191585447e+02
-1.289711235191585104e+02
-1.258134155191585251e+02
-1.337076855191585310e+02
-1.668636195191585045e+02
-1.479173715191585075e+02
-1.147614375191585054e+02
-1.542327875191585065e+02
-1.510750795191585212e+02
-1.463385175191585006e+02
-1.558116415191585133e+02
-1.226557075191585113e+02
-1.621270575191585124e+02
-1.526539335191584996e+02
-1.400231015191585016e+02
-1.463385175191585290e+02
-1.400231015191585016e+02
-1.542327875191585065e+02
-1.384442475191584947e+02
-1.384442475191584947e+02
-1.321288315191584957e+02
-1.447596635191585221e+02
-1.621270575191585124e+02
-1.352865395191585094e+02
-1.510750795191584928e+02
-1.368653935191585163e+02
-1.463385175191585006e+02
-1.526539335191584996e+02
-1.400231015191585016e+02
-1.384442475191584947e+02
-1.400231015191585016e+02
-1.573904955191585202e+02
-1.621270575191585124e+02
-1.368653935191585163e+02
-1.479173715191585075e+02
-1.368653935191585163e+02
-1.400231015191585016e+02
-1.368653935191585163e+02
-1.447596635191585221e+02
-1.652847655191584977e+02
-1.416019555191585084e+02
-1.368653935191585163e+02
-1.573904955191585202e+02
-1.510750795191585212e+02
-1.305499775191585172e+02
-1.668636195191585045e+02
-1.210768535191585329e+02
-1.463385175191585290e+02
-1.463385175191585290e+02
-1.463385175191585290e+02
-1.510750795191585212e+02
-1.542327875191585065e+02
-1.621270575191585124e+02
-1.494962255191585143e+02
-1.494962255191585143e+02
-1.321288315191584957e+02
-1.558116415191585133e+02
-1.463385175191585006e+02
-1.542327875191585065e+02
-1.400231015191585016e+02
-1.526539335191584996e+02
-1.589693495191585271e+02
-1.384442475191585231e+02
-1.463385175191585290e+02
-1.384442475191584947e+02
-1.352865395191585094e+02
-1.510750795191585212e+02
-1.431808095191585153e+02
-1.526539335191584996e+02
-1.258134155191585251e+02
-1.321288315191584957e+02
-1.289711235191585104e+02
-1.510750795191584928e+02
-1.384442475191585231e+02
-1.289711235191585388e+02
-1.368653935191585447e+02
-1.510750795191585212e+02
-1.668636195191585045e+02
-1.321288315191584957e+02
-1.542327875191584781e+02
-1.431808095191584869e+02
-1.510750795191585212e+02
-1.652847655191584977e+02
-1.558116415191585133e+02
-1.337076855191585310e+02
-1.494962255191585143e+02
-1.589693495191585271e+02
-1.384442475191585231e+02
-1.558116415191585133e+02
-1.305499775191585172e+02
-1.384442475191585231e+02
-1.273922695191585177e+02
-1.447596635191584937e+02
-1.321288315191585241e+02
-1.368653935191585163e+02
-1.431808095191584869e+02
-1.384442475191584947e+02
-1.494962255191584859e+02
-1.431808095191584869e+02
-1.368653935191585163e+02
-1.542327875191585065e+02
-1.589693495191584987e+02
-1.668636195191585045e+02
-1.526539335191584996e+02
-1.510750795191584928e+02
-1.305499775191585172e+02
-1.337076855191585310e+02
-1.558116415191585133e+02
-1.258134155191585251e+02
-1.526539335191584996e+02
-1.416019555191585084e+02
-1.321288315191584957e+02
-1.352865395191585094e+02
-1.542327875191585065e+02
-1.494962255191585143e+02
-1.400231015191585016e+02
-1.431808095191584869e+02
-1.431808095191585153e+02
-1.337076855191585025e+02
-1.337076855191585025e+02
-1.526539335191584996e+02
-1.558116415191585133e+02
-1.400231015191585016e+02
-1.605482035191585055e+02
-1.573904955191585202e+02
-1.431808095191585153e+02
-1.558116415191585133e+02
-1.542327875191585349e+02
-1.384442475191585231e+02
-1.621270575191585124e+02
-1.463385175191585006e+02
-1.400231015191585016e+02
-1.384442475191585231e+02
-1.731790355191585036e+02
-1.510750795191584928e+02
-1.526539335191584996e+02
-1.400231015191585016e+02
-1.447596635191584937e+02
-1.526539335191584996e+02
-1.337076855191585310e+02
-1.352865395191585094e+02
-1.321288315191585241e+02
-1.542327875191585065e+02
-1.573904955191585202e+02
-1.526539335191584996e+02
-1.447596635191584937e+02
-1.510750795191585212e+02
-1.510750795191584928e+02
-1.494962255191584859e+02
-1.400231015191585300e+02
-1.447596635191584937e+02
-1.400231015191585016e+02
-1.368653935191585163e+02
-1.384442475191584947e+02
-1.368653935191584878e+02
-1.337076855191585025e+02
-1.526539335191584996e+02
-1.384442475191584947e+02
-1.463385175191585006e+02
-1.605482035191585055e+02
-1.305499775191585172e+02
-1.447596635191584937e+02
-1.494962255191585143e+02
-1.289711235191585104e+02
-1.573904955191585202e+02
-1.368653935191584878e+02
-1.273922695191585177e+02
-1.416019555191585084e+02
-1.416019555191585084e+02
-1.400231015191585016e+02
-1.384442475191585231e+02
-1.463385175191585006e+02
-1.384442475191584947e+02
-1.431808095191585153e+02
-1.494962255191585143e+02
-1.652847655191584977e+02
-1.384442475191585231e+02
-1.368653935191584878e+02
-1.652847655191585261e+02
-1.384442475191585231e+02
-1.273922695191585035e+02
-1.258134155191584966e+02
-1.463385175191585006e+02
-1.431808095191585153e+02
-1.526539335191584996e+02
-1.463385175191585290e+02
-1.558116415191585133e+02
-1.431808095191584869e+02
-1.352865395191585094e+02
-1.368653935191585163e+02
-1.368653935191585163e+02
-1.368653935191585163e+02
-1.431808095191585153e+02
-1.463385175191585290e+02
-1.273922695191585319e+02
-1.368653935191585163e+02
-1.526539335191584996e+02
-1.763367435191584889e+02
-1.494962255191585143e+02
-1.463385175191585006e+02
-1.384442475191584947e+02
-1.242345615191585182e+02
-1.447596635191585221e+02
-1.400231015191585016e+02
-1.494962255191584859e+02
-1.589693495191585271e+02
-1.368653935191584878e+02
-1.431808095191585153e+02
-1.526539335191584996e+02
-1.400231015191585016e+02
-1.479173715191585075e+02
-1.400231015191585016e+02
-1.463385175191585290e+02
-1.510750795191585212e+02
-1.494962255191584859e+02
-1.179191455191585192e+02
-1.526539335191584996e+02
-1.589693495191584987e+02
-1.384442475191585231e+02
-1.368653935191585163e+02
-1.289711235191585104e+02
-1.542327875191585349e+02
-1.416019555191585084e+02
-1.321288315191584957e+02
-1.431808095191585153e+02
-1.400231015191585016e+02
-1.447596635191585221e+02
-1.526539335191584996e+02
-1.542327875191585065e+02
-1.447596635191584937e+02
-1.368653935191585447e+02
-1.384442475191585231e+02
-1.416019555191585084e+02
-1.510750795191585212e+02
-1.384442475191584947e+02
-1.526539335191584996e+02
-1.384442475191585231e+02
-1.637059115191584908e+02
-1.321288315191585241e+02
-1.479173715191585075e+02
-1.416019555191585368e+02
-1.289711235191585388e+02
-1.447596635191584937e+02
-1.368653935191585163e+02
-1.494962255191584859e+02
-1.510750795191585212e+02
-1.542327875191585065e+02
-1.510750795191584928e+02
-1.447596635191584937e+02
-1.400231015191585016e+02
-1.510750795191585212e+02
-1.558116415191585133e+02
-1.416019555191585084e+02
-1.621270575191585124e+02
-1.526539335191584996e+02
-1.510750795191585212e+02
-1.779155975191585242e+02
-1.510750795191585212e+02
-1.605482035191585055e+02
-1.463385175191585290e+02
-1.510750795191585212e+02
-1.242345615191585040e+02
-1.479173715191585075e+02
-1.463385175191585006e+02
-1.447596635191585221e+02
-1.321288315191584957e+02
-1.510750795191585212e+02
-1.384442475191585231e+02
-1.526539335191585280e+02
-1.384442475191585231e+02
-1.352865395191585094e+02
-1.384442475191585231e+02
-1.416019555191585084e+02
-1.558116415191585133e+02
-1.463385175191585006e+02
-1.400231015191585016e+02
-1.479173715191585075e+02
-1.589693495191585271e+02
-1.463385175191585290e+02
-1.273922695191585035e+02
-1.305499775191585172e+02
-1.273922695191585319e+02
-1.289711235191584819e+02
-1.368653935191585447e+02
-1.368653935191585163e+02
-1.384442475191585231e+02
-1.542327875191585065e+02
-1.510750795191584928e+02
-1.226557075191585113e+02
-1.400231015191585300e+02
-1.431808095191585153e+02
-1.542327875191585065e+02
-1.352865395191585378e+02
-1.573904955191584918e+02
-1.479173715191585359e+02
-1.542327875191585065e+02
-1.526539335191585280e+02
-1.463385175191585006e+02
-1.447596635191585221e+02
-1.416019555191585084e+02
-1.494962255191585143e+02
-1.542327875191585065e+02
-1.494962255191585143e+02
-1.400231015191585016e+02
-1.400231015191585016e+02
-1.479173715191585075e+02
-1.510750795191585212e+02
-1.305499775191585172e+02
-1.479173715191585075e+02
-1.337076855191585025e+02
-1.273922695191585035e+02
-1.431808095191585153e+02
-1.384442475191585231e+02
-1.400231015191585016e+02
-1.416019555191585084e+02
-1.368653935191585163e+02
-1.510750795191585212e+02
-1.368653935191584878e+02
-1.352865395191585094e+02
-1.337076855191585025e+02
-1.526539335191585280e+02
-1.384442475191584947e+02
-1.447596635191584937e+02
-1.305499775191585172e+02
-1.558116415191585133e+02
-1.573904955191584918e+02
-1.526539335191584996e+02
-1.273922695191585035e+02
-1.273922695191585177e+02
-1.447596635191584937e+02
-1.558116415191585133e+02
-1.305499775191585172e+02
-1.289711235191585104e+02
-1.447596635191585221e+02
-1.479173715191585075e+02
-1.147614375191585054e+02
-1.384442475191584947e+02
-1.321288315191584957e+02
-1.226557075191585113e+02
-1.494962255191585143e+02
-1.416019555191585084e+02
-1.368653935191585163e+02
-1.194979995191585260e+02
-1.384442475191584947e+02
-1.273922695191585319e+02
-1.447596635191585221e+02
-1.194979995191584976e+02
-1.337076855191585025e+02
-1.384442475191585231e+02
-1.305499775191585172e+02
-1.431808095191585153e+02
-1.368653935191584878e+02
-1.384442475191585231e+02
-1.242345615191585182e+02
-1.542327875191585065e+02
-1.558116415191585133e+02
-1.431808095191585153e+02
-1.542327875191585065e+02
-1.289711235191585388e+02
-1.526539335191585280e+02
-1.510750795191585212e+02
-1.352865395191585094e+02
-1.194979995191585118e+02
-1.289711235191585104e+02
-1.479173715191585075e+02
-1.416019555191585084e+02
-1.258134155191585108e+02
-1.384442475191585231e+02
-1.305499775191585172e+02
-1.447596635191585221e+02
-1.526539335191585280e+02
-1.431808095191584869e+02
-1.289711235191585104e+02
-1.447596635191585221e+02
-1.352865395191585094e+02
-1.305499775191585172e+02
-1.526539335191584996e+02
-1.368653935191585163e+02
-1.463385175191585006e+02
-1.242345615191585040e+02
-1.447596635191585221e+02
-1.463385175191585290e+02
-1.431808095191585153e+02
-1.258134155191585251e+02
-1.494962255191585143e+02
-1.573904955191585202e+02
-1.431808095191584869e+02
-1.084460215191585064e+02
-1.637059115191584908e+02
-1.652847655191585261e+02
-1.447596635191584937e+02
-1.416019555191584800e+02
-1.352865395191585094e+02
-1.273922695191585319e+02
-1.605482035191585055e+02
-1.289711235191585104e+02
-1.431808095191585153e+02
-1.447596635191585221e+02
-1.447596635191584937e+02
-1.447596635191584937e+02
-1.368653935191585163e+02
-1.384442475191585231e+02
-1.447596635191584937e+02
-1.526539335191584996e+02
-1.416019555191585084e+02
-1.431808095191585153e+02
-1.321288315191584957e+02
-1.210768535191585329e+02
-1.116037295191585201e+02
-1.321288315191585241e+02
-1.431808095191585153e+02
-1.463385175191585290e+02
-1.194979995191585260e+02
-1.510750795191584928e+02
-1.542327875191585065e+02
-1.400231015191585300e+02
-1.510750795191585212e+02
-1.431808095191585153e+02
-1.226557075191585113e+02
-1.431808095191585153e+02
-1.479173715191585075e+02
-1.321288315191585241e+02
-1.589693495191584987e+02
-1.368653935191585163e+02
-1.400231015191585016e+02
-1.368653935191585163e+02
-1.337076855191585025e+02
-1.416019555191585368e+02
-1.258134155191585251e+02
-1.321288315191584957e+02
-1.463385175191585290e+02
-1.431808095191585153e+02
-1.463385175191585006e+02
-1.305499775191585172e+02
-1.637059115191584908e+02
-1.479173715191585359e+02
-1.226557075191585255e+02
-1.558116415191585133e+02
-1.305499775191585172e+02
-1.368653935191585163e+02
-1.384442475191585231e+02
-1.352865395191585094e+02
-1.368653935191585163e+02
-1.352865395191585378e+02
-1.321288315191585241e+02
-1.273922695191585035e+02
-1.305499775191585172e+02
-1.352865395191585378e+02
-1.352865395191585094e+02
-1.305499775191585172e+02
-1.400231015191585016e+02
-1.321288315191585241e+02
-1.179191455191585050e+02
-1.416019555191585084e+02
-1.321288315191584957e+02
-1.479173715191585075e+02
-1.289711235191585104e+02
-1.368653935191585163e+02
-1.416019555191584800e+02
-1.210768535191585045e+02
-1.305499775191585172e+02
-1.447596635191585221e+02
-1.321288315191585241e+02
-1.416019555191585368e+02
-1.400231015191585016e+02
-1.242345615191585182e+02
-1.273922695191585319e+02
-1.368653935191585163e+02
-1.210768535191585045e+02
-1.400231015191585016e+02
-1.210768535191585045e+02
-1.573904955191585202e+02
-1.463385175191585290e+02
-1.321288315191584957e+02
-1.321288315191585241e+02
-1.542327875191585065e+02
-1.131825835191585128e+02
-1.116037295191585201e+02
-1.258134155191585251e+02
-1.273922695191585177e+02
-1.305499775191585172e+02
-1.463385175191585290e+02
-1.305499775191585172e+02
-1.289711235191585104e+02
-1.494962255191585143e+02
-1.226557075191585255e+02
-1.494962255191585143e+02
-1.352865395191585094e+02
-1.400231015191585016e+02
-1.431808095191584869e+02
-1.352865395191585094e+02
-1.368653935191585447e+02
-1.384442475191585231e+02
-1.384442475191585231e+02
-1.510750795191584928e+02
-1.352865395191585094e+02
-1.226557075191585113e+02
-1.416019555191585084e+02
-1.273922695191585035e+02
-1.226557075191585113e+02
-1.226557075191585113e+02
-1.384442475191585231e+02
-1.179191455191585192e+02
-1.305499775191585172e+02
-1.494962255191585143e+02
-1.226557075191585255e+02
-1.368653935191585163e+02
-1.479173715191585075e+02
-1.384442475191585231e+02
-1.384442475191585231e+02
-1.337076855191585310e+02
-1.368653935191585163e+02
-1.494962255191585143e+02
-1.368653935191585163e+02
-1.431808095191585153e+02
-1.273922695191585035e+02
-1.226557075191585255e+02
-1.479173715191585075e+02
-1.289711235191585104e+02
-1.384442475191585231e+02
-1.242345615191585182e+02
-1.242345615191585182e+02
-1.163402915191585123e+02
-1.526539335191584996e+02
-1.526539335191585280e+02
-1.147614375191585054e+02
-1.321288315191585241e+02
-1.289711235191585104e+02
-1.242345615191585182e+02
-1.131825835191585270e+02
-1.447596635191585221e+02
-1.352865395191585378e+02
-1.289711235191585104e+02
-1.258134155191584966e+02
-1.210768535191585045e+02
-1.163402915191585265e+02
-1.368653935191585163e+02
-1.210768535191585045e+02
-1.321288315191585241e+02
-1.194979995191585260e+02
-1.510750795191584928e+02
-1.384442475191585231e+02
-1.337076855191585310e+02
-1.210768535191585045e+02
-1.352865395191585094e+02
-1.337076855191585025e+02
-1.479173715191585075e+02
-1.352865395191585094e+02
-1.400231015191585016e+02
-1.289711235191585104e+02
-1.321288315191585241e+02
-1.416019555191585084e+02
-1.352865395191585094e+02
-1.400231015191585016e+02
-1.289711235191585388e+02
-1.210768535191585329e+02
-1.258134155191584966e+02
-1.494962255191585143e+02
-1.321288315191584957e+02
-1.337076855191585025e+02
-1.321288315191585241e+02
-1.400231015191585016e+02
-1.494962255191585143e+02
-1.558116415191585133e+02
-1.494962255191585143e+02
-1.416019555191585368e+02
-1.510750795191585212e+02
-1.368653935191585163e+02
-1.510750795191585212e+02
-1.384442475191585231e+02
-1.447596635191585221e+02
-1.163402915191585123e+02
-1.463385175191585006e+02
-1.352865395191585094e+02
-1.305499775191585172e+02
-1.289711235191585104e+02
-1.684424735191585114e+02
-1.305499775191585172e+02
-1.226557075191585113e+02
-1.558116415191584849e+02
-1.494962255191585143e+02
-1.431808095191585153e+02
-1.273922695191585319e+02
-1.337076855191585310e+02
-1.431808095191585153e+02
-1.416019555191585368e+02
-1.368653935191585163e+02
-1.321288315191585241e+02
-1.605482035191585055e+02
-1.416019555191585084e+02
-1.321288315191585241e+02
-1.368653935191585163e+02
-1.400231015191585016e+02
-1.384442475191585231e+02
-1.479173715191585075e+02
-1.368653935191585163e+02
-1.258134155191585251e+02
-1.400231015191585016e+02
-1.400231015191585016e+02
-1.384442475191585231e+02
-1.337076855191585310e+02
-1.305499775191585172e+02
-1.447596635191584937e+02
-1.289711235191585388e+02
-1.352865395191585094e+02
-1.352865395191585094e+02
-1.431808095191585153e+02
-1.384442475191585231e+02
-1.494962255191585143e+02
-1.368653935191585163e+02
-1.321288315191585241e+02
-1.447596635191584937e+02
-1.337076855191585310e+02
-1.463385175191585006e+02
-1.368653935191584878e+02
-1.416019555191585084e+02
-1.447596635191585221e+02
-1.431808095191585153e+02
-1.352865395191585094e+02
-1.368653935191585447e+02
-1.337076855191585310e+02
-1.289711235191585104e+02
-1.447596635191585221e+02
-1.368653935191585163e+02
-1.400231015191585016e+02
-1.447596635191585221e+02
-1.242345615191585182e+02
-1.163402915191585265e+02
-1.321288315191585241e+02
-1.463385175191585290e+02
-1.431808095191584869e+02
-1.463385175191585290e+02
-1.542327875191585349e+02
-1.352865395191585094e+02
-1.384442475191585231e+02
-1.368653935191585163e+02
-1.605482035191585055e+02
-1.463385175191585290e+02
-1.384442475191585231e+02
-1.605482035191585055e+02
-1.431808095191585153e+02
-1.400231015191585016e+02
-1.400231015191585016e+02
-1.479173715191585075e+02
-1.321288315191584957e+02
-1.337076855191585310e+02
-1.305499775191585172e+02
-1.384442475191585231e+02
-1.400231015191585300e+02
-1.352865395191585094e+02
-1.526539335191585280e+02
-1.463385175191585290e+02
-1.273922695191585319e+02
-1.210768535191585329e+02
-1.194979995191585260e+02
-1.352865395191585094e+02
-1.273922695191585319e+02
-1.400231015191585016e+02
-1.463385175191585006e+02
-1.589693495191585271e+02
-1.226557075191585113e+02
-1.321288315191584957e+02
-1.384442475191585231e+02
-1.463385175191585006e+02
-1.479173715191585075e+02
-1.352865395191585094e+02
-1.163402915191585123e+02
-1.273922695191585319e+02
-1.400231015191585300e+02
-1.289711235191585388e+02
-1.258134155191585251e+02
-1.337076855191585310e+02
-1.305499775191585172e+02
-1.542327875191585349e+02
-1.210768535191585329e+02
-1.526539335191584996e+02
-1.273922695191585035e+02
-1.400231015191585016e+02
-1.321288315191585241e+02
-1.258134155191585251e+02
-1.510750795191584928e+02
-1.510750795191584928e+02
-1.431808095191585153e+02
-1.384442475191585231e+02
-1.542327875191585065e+02
-1.305499775191585172e+02
-1.305499775191585172e+02
-1.337076855191585310e+02
-1.416019555191585084e+02
-1.416019555191585368e+02
-1.400231015191585016e+02
-1.400231015191585016e+02
-1.384442475191584947e+02
-1.321288315191585241e+02
-1.352865395191585094e+02
-1.431808095191585153e+02
-1.605482035191585055e+02
-1.321288315191585241e+02
-1.542327875191585065e+02
-1.416019555191585084e+02
-1.352865395191585094e+02
-1.273922695191585177e+02
-1.384442475191585231e+02
-1.368653935191585163e+02
-1.668636195191585045e+02
-1.447596635191585221e+02
-1.368653935191585163e+02
-1.305499775191585172e+02
-1.510750795191585212e+02
-1.258134155191585251e+02
-1.384442475191585231e+02
-1.321288315191585241e+02
-1.447596635191584937e+02
-1.368653935191585447e+02
-1.494962255191585143e+02
-1.352865395191585094e+02
-1.305499775191585172e+02
-1.558116415191585133e+02
-1.384442475191585231e+02
-1.384442475191585231e+02
-1.226557075191585113e+02
-1.194979995191585260e+02
-1.273922695191585319e+02
-1.558116415191585133e+02
-1.479173715191585075e+02
-1.447596635191585221e+02
-1.558116415191585133e+02
-1.337076855191585025e+02
-1.479173715191585075e+02
-1.400231015191585016e+02
-1.273922695191585177e+02
-1.621270575191585124e+02
-1.558116415191585133e+02
-1.558116415191585133e+02
-1.510750795191585212e+02
-1.416019555191585368e+02
-1.447596635191585221e+02
-1.526539335191584996e+02
-1.194979995191585260e+02
-1.384442475191584947e+02
-1.384442475191585231e+02
-1.289711235191585388e+02
-1.526539335191584996e+02
-1.479173715191585075e+02
-1.447596635191584937e+02
-1.258134155191585251e+02
-1.494962255191585143e+02
-1.447596635191584937e+02
-1.416019555191585084e+02
-1.242345615191585182e+02
-1.337076855191585025e+02
-1.526539335191584996e+02
-1.542327875191585065e+02
-1.416019555191585368e+02
-1.352865395191585094e+02
-1.352865395191585378e+02
-1.494962255191585143e+02
-1.337076855191585310e+02
-1.463385175191585006e+02
-1.431808095191585153e+02
-1.416019555191585084e+02
-1.352865395191585094e+02
-1.384442475191585231e+02
-1.605482035191585055e+02
-1.416019555191585368e+02
-1.526539335191584996e+02
-1.526539335191585280e+02
-1.494962255191585143e+02
-1.384442475191585231e+02
-1.463385175191585290e+02
-1.305499775191585172e+02
-1.463385175191585006e+02
-1.400231015191585016e+02
-1.273922695191585319e+02
-1.321288315191585241e+02
-1.352865395191585094e+02
-1.479173715191585075e+02
-1.431808095191585153e+02
-1.510750795191585212e+02
-1.447596635191584937e+02
-1.589693495191584987e+02
-1.368653935191585163e+02
-1.384442475191585231e+02
-1.368653935191585163e+02
-1.447596635191585221e+02
-1.479173715191585075e+02
-1.463385175191585290e+02
-1.589693495191585271e+02
-1.416019555191584800e+02
-1.210768535191585187e+02
-1.431808095191585153e+02
-1.321288315191584957e+02
-1.384442475191584947e+02
-1.494962255191585143e+02
-1.463385175191585290e+02
-1.431808095191585153e+02
-1.479173715191585359e+02
-1.384442475191584947e+02
-1.321288315191585241e+02
-1.289711235191585104e+02
-1.368653935191584878e+02
-1.258134155191585251e+02
-1.605482035191585055e+02
-1.273922695191585035e+02
-1.526539335191584996e+02
-1.463385175191585006e+02
-1.573904955191584918e+02
-1.431808095191585153e+02
-1.337076855191585310e+02
-1.494962255191585143e+02
-1.447596635191584937e+02
-1.352865395191585094e+02
-1.242345615191585182e+02
-1.479173715191585075e+02
-1.494962255191585143e+02
-1.337076855191585310e+02
-1.368653935191584878e+02
-1.321288315191584957e+02
-1.494962255191585143e+02
-1.447596635191585221e+02
-1.479173715191585075e+02
-1.352865395191585094e+02
-1.526539335191585280e+02
-1.416019555191585084e+02
-1.305499775191585172e+02
-1.194979995191585260e+02
-1.416019555191585084e+02
-1.494962255191585143e+02
-1.368653935191585447e+02
-1.194979995191585118e+02
-1.416019555191585084e+02
-1.337076855191585310e+02
-1.210768535191585045e+02
-1.479173715191585075e+02
-1.431808095191585153e+02
-1.431808095191585153e+02
-1.494962255191584859e+02
-1.494962255191585143e+02
-1.210768535191585329e+02
-1.494962255191585143e+02
-1.321288315191585241e+02
-1.400231015191585016e+02
-1.384442475191584947e+02
-1.542327875191585065e+02
-1.258134155191585251e+02
-1.479173715191585075e+02
-1.242345615191585182e+02
-1.337076855191585310e+02
-1.273922695191585177e+02
-1.384442475191584947e+02
-1.147614375191585054e+02
-1.510750795191585212e+02
-1.194979995191585118e+02
-1.447596635191585221e+02
-1.273922695191585035e+02
-1.479173715191585075e+02
-1.305499775191585172e+02
-1.510750795191584928e+02
-1.479173715191585075e+02
-1.321288315191585241e+02
-1.431808095191585153e+02
-1.494962255191585143e+02
-1.526539335191584996e+02
-1.431808095191585153e+02
-1.573904955191585202e+02
-1.289711235191585388e+02
-1.494962255191585143e+02
-1.447596635191585221e+02
-1.258134155191584966e+02
-1.337076855191585310e+02
-1.447596635191585221e+02
-1.384442475191585231e+02
-1.273922695191585319e+02
-1.337076855191585025e+02
-1.289711235191585104e+02
-1.258134155191584966e+02
-1.258134155191585251e+02
-1.573904955191584918e+02
-1.494962255191585143e+02
-1.479173715191585075e+02
-1.494962255191585143e+02
-1.337076855191585310e+02
-1.368653935191584878e+02
-1.258134155191585251e+02
-1.400231015191585016e+02
-1.210768535191585045e+02
-1.337076855191585310e+02
-1.573904955191584918e+02
-1.305499775191585172e+02
-1.447596635191585221e+02
-1.258134155191585251e+02
-1.337076855191585025e+02
-1.479173715191585075e+02
-1.273922695191585035e+02
-1.542327875191585065e+02
-1.400231015191585016e+02
-1.479173715191585075e+02
-1.510750795191585212e+02
-1.573904955191584918e+02
-1.416019555191584800e+02
-1.526539335191584996e+02
-1.447596635191585221e+02
-1.416019555191585084e+02
-1.416019555191585084e+02
-1.463385175191585290e+02
-1.400231015191585016e+02
-1.400231015191585300e+02
-1.305499775191585172e+02
-1.226557075191585113e+02
-1.463385175191585290e+02
-1.589693495191584987e+02
-1.321288315191585241e+02
-1.510750795191584928e+02
-1.352865395191585378e+02
-1.147614375191585054e+02
-1.400231015191585300e+02
-1.494962255191584859e+02
-1.226557075191585113e+02
-1.305499775191585172e+02
-1.400231015191585016e+02
-1.400231015191585016e+02
-1.494962255191585143e+02
-1.289711235191585388e+02
-1.337076855191585310e+02
-1.447596635191584937e+02
-1.526539335191584996e+02
-1.384442475191585231e+02
-1.384442475191585231e+02
-1.305499775191585172e+02
-1.463385175191585290e+02
-1.479173715191585075e+02
-1.273922695191585035e+02
-1.321288315191585241e+02
-1.384442475191585231e+02
-1.479173715191585075e+02
-1.479173715191585075e+02
-1.463385175191585006e+02
-1.337076855191585310e+02
-1.368653935191584878e+02
-1.637059115191585192e+02
-1.289711235191585104e+02
-1.273922695191585035e+02
-1.494962255191585143e+02
-1.179191455191585192e+02
-1.463385175191585006e+02
-1.431808095191584869e+02
-1.321288315191584957e+02
-1.289711235191585104e+02
-1.352865395191585378e+02
-1.447596635191585221e+02
-1.416019555191585084e+02
-1.621270575191584840e+02
-1.368653935191585163e+02
-1.384442475191584947e+02
-1.368653935191585163e+02
-1.368653935191585163e+02
-1.542327875191585065e+02
-1.337076855191585310e+02
-1.542327875191585065e+02
-1.510750795191585212e+02
-1.226557075191585113e+02
-1.321288315191584957e+02
-1.431808095191585153e+02
-1.447596635191584937e+02
-1.337076855191585310e+02
-1.305499775191585172e+02
-1.258134155191585251e+02
-1.337076855191585025e+02
-1.400231015191585016e+02
-1.416019555191585084e+02
-1.494962255191585143e+02
-1.479173715191585075e+02
-1.589693495191584987e+02
-1.384442475191585231e+02
-1.510750795191585212e+02
-1.273922695191585035e+02
-1.368653935191585163e+02
-1.558116415191585133e+02
-1.368653935191584878e+02
-1.337076855191585025e+02
-1.352865395191585094e+02
-1.526539335191584996e+02
-1.479173715191585075e+02
-1.494962255191584859e+02
-1.289711235191585104e+02
-1.431808095191585153e+02
-1.416019555191585368e+02
-1.305499775191585172e+02
-1.605482035191585055e+02
-1.258134155191585108e+02
-1.368653935191585163e+02
-1.337076855191585310e+02
-1.337076855191585310e+02
-1.242345615191585182e+02
-1.337076855191585310e+02
-1.400231015191585016e+02
-1.194979995191585118e+02
-1.431808095191585153e+02
-1.021306055191585074e+02
-1.431808095191585153e+02
-1.479173715191585075e+02
-1.242345615191585324e+02
-1.321288315191585241e+02
-1.352865395191585094e+02
-1.463385175191585290e+02
-1.542327875191585065e+02
-1.400231015191585016e+02
-1.194979995191584976e+02
-1.510750795191585212e+02
-1.226557075191585113e+02
-1.573904955191584918e+02
-1.258134155191585251e+02
-1.400231015191585016e+02
-1.321288315191584957e+02
-1.384442475191585231e+02
-1.258134155191585108e+02
-1.494962255191585143e+02
-1.384442475191584947e+02
-1.400231015191585016e+02
-1.352865395191585094e+02
-1.558116415191585133e+02
-1.384442475191584947e+02
-1.747578895191585104e+02
-1.210768535191585329e+02
-1.526539335191584996e+02
-1.526539335191584996e+02
-1.463385175191585006e+02
-1.431808095191585153e+02
-1.352865395191585378e+02
-1.447596635191584937e+02
-1.479173715191585075e+02
-1.258134155191584966e+02
-1.258134155191585251e+02
-1.510750795191584928e+02
-1.573904955191585202e+02
-1.226557075191585113e+02
-1.463385175191585006e+02
-1.337076855191585025e+02
-1.352865395191585094e+02
-1.431808095191585153e+02
-1.242345615191585182e+02
-1.416019555191585084e+02
-1.210768535191585187e+02
-1.684424735191585114e+02
-1.400231015191585300e+02
-1.431808095191585153e+02
-1.384442475191585231e+02
-1.510750795191585212e+02
-1.447596635191585221e+02
-1.352865395191585094e+02
-1.368653935191585163e+02
-1.258134155191584966e+02
-1.621270575191585124e+02
-1.384442475191584947e+02
-1.384442475191585231e+02
-1.558116415191585133e+02
-1.431808095191585153e+02
-1.400231015191585016e+02
-1.384442475191585231e+02
-1.384442475191584947e+02
-1.321288315191584957e+02
-1.526539335191584996e+02
-1.337076855191585310e+02
-1.273922695191585177e+02
-1.289711235191585388e+02
-1.384442475191585231e+02
-1.479173715191585075e+02
-1.242345615191585182e+02
-1.431808095191585153e+02
-1.368653935191584878e+02
-1.289711235191585104e+02
-1.337076855191585310e+02
-1.463385175191585006e+02
-1.226557075191585113e+02
-1.463385175191585290e+02
-1.400231015191585300e+02
-1.368653935191585163e+02
-1.337076855191585310e+02
-1.242345615191585182e+02
-1.621270575191585124e+02
-1.526539335191584996e+02
-1.368653935191585163e+02
-1.463385175191585290e+02
-1.400231015191585016e+02
-1.400231015191585016e+02
-1.179191455191585192e+02
-1.400231015191585016e+02
-1.242345615191585182e+02
-1.305499775191585172e+02
-1.526539335191584996e+02
-1.337076855191585310e+02
-1.621270575191585124e+02
-1.384442475191585231e+02
-1.400231015191585300e+02
-1.494962255191585143e+02
-1.463385175191585006e+02
-1.479173715191585359e+02
-1.210768535191585187e+02
-1.400231015191585300e+02
-1.352865395191585094e+02
-1.337076855191585025e+02
-1.400231015191585016e+02
-1.637059115191585192e+02
-1.179191455191585192e+02
-1.573904955191584918e+02
-1.447596635191585221e+02
-1.416019555191585084e+02
-1.573904955191584918e+02
-1.447596635191585221e+02
-1.431808095191585153e+02
-1.368653935191585163e+02
-1.289711235191585388e+02
-1.368653935191585447e+02
-1.258134155191585251e+02
-1.258134155191585251e+02
-1.526539335191584996e+02
-1.416019555191585084e+02
-1.510750795191585212e+02
-1.163402915191585265e+02
-1.447596635191585221e+02
-1.337076855191585310e+02
-1.384442475191584947e+02
-1.573904955191585202e+02
-1.494962255191585143e+02
-1.510750795191585212e+02
-1.258134155191585108e+02
-1.479173715191585359e+02
-1.573904955191585202e+02
-1.416019555191585084e+02
-1.573904955191585202e+02
-1.431808095191585153e+02
-1.352865395191585094e+02
-1.542327875191585065e+02
-1.589693495191584987e+02
-1.400231015191585016e+02
-1.242345615191585182e+02
-1.258134155191585251e+02
-1.463385175191585006e+02
-1.321288315191584957e+02
-1.352865395191585094e+02
-1.305499775191585172e+02
-1.273922695191585035e+02
-1.605482035191585055e+02
-1.479173715191585075e+02
-1.589693495191585271e+02
-1.447596635191585221e+02
-1.621270575191585124e+02
-1.352865395191585094e+02
-1.163402915191585123e+02
-1.368653935191585163e+02
-1.479173715191585359e+02
-1.731790355191585036e+02
-1.273922695191585319e+02
-1.416019555191585084e+02
-1.431808095191585153e+02
-1.305499775191585172e+02
-1.510750795191585212e+02
-1.416019555191585084e+02
-1.337076855191585310e+02
-1.368653935191585163e+02
-1.510750795191585212e+02
-1.384442475191585231e+02
-1.368653935191585163e+02
-1.384442475191585231e+02
-1.258134155191584966e+02
-1.447596635191585221e+02
-1.463385175191585006e+02
-1.416019555191585084e+02
-1.258134155191584966e+02
-1.289711235191585388e+02
-1.384442475191585231e+02
-1.210768535191585045e+02
-1.447596635191584937e+02
-1.384442475191584947e+02
-1.494962255191585143e+02
-1.321288315191585241e+02
-1.400231015191585300e+02
-1.289711235191585104e+02
-1.431808095191585153e+02
-1.352865395191585094e+02
-1.337076855191585310e+02
-1.431808095191585153e+02
-1.558116415191585133e+02
-1.384442475191585231e+02
-1.431808095191585153e+02
-1.589693495191584987e+02
-1.431808095191585153e+02
-1.589693495191585271e+02
-1.352865395191585094e+02
-1.447596635191585221e+02
-1.479173715191585075e+02
-1.210768535191585045e+02
-1.431808095191585153e+02
-1.526539335191584996e+02
-1.542327875191585065e+02
-1.194979995191585260e+02
-1.289711235191585104e+02
-1.384442475191584947e+02
-1.384442475191585231e+02
-1.700213275191584898e+02
-1.258134155191585251e+02
-1.305499775191585172e+02
-1.416019555191585084e+02
-1.100248755191585275e+02
-1.352865395191585094e+02
-1.289711235191585388e+02
-1.526539335191584996e+02
-1.258134155191584966e+02
-1.384442475191585231e+02
-1.305499775191585172e+02
-1.305499775191585172e+02
-1.558116415191585133e+02
-1.447596635191584937e+02
-1.273922695191585319e+02
-1.242345615191585040e+02
-1.416019555191585084e+02
-1.431808095191585153e+02
-1.384442475191585231e+02
-1.542327875191585065e+02
-1.305499775191585172e+02
-1.416019555191585084e+02
-1.289711235191585104e+02
-1.463385175191585006e+02
-1.368653935191585163e+02
-1.494962255191585143e+02
-1.368653935191585163e+02
-1.305499775191585172e+02
-1.447596635191585221e+02
-1.321288315191584957e+02
-1.605482035191585055e+02
-1.321288315191585241e+02
-1.384442475191585231e+02
-1.479173715191585075e+02
-1.368653935191585163e+02
-1.447596635191585221e+02
-1.242345615191585040e+02
-1.589693495191585271e+02
-1.337076855191585310e+02
-1.210768535191585329e+02
-1.400231015191585300e+02
-1.337076855191585025e+02
-1.289711235191585104e+02
-1.479173715191585075e+02
-1.494962255191585143e+02
-1.305499775191585172e+02
-1.447596635191585221e+02
-1.163402915191585123e+02
-1.289711235191585104e+02
-1.352865395191585094e+02
-1.384442475191585231e+02
-1.368653935191585163e+02
-1.084460215191585064e+02
-1.526539335191584996e+02
-1.431808095191585153e+02
-1.226557075191585113e+02
-1.400231015191585300e+02
-1.510750795191585212e+02
-1.447596635191585221e+02
-1.384442475191585231e+02
-1.179191455191585192e+02
-1.321288315191584957e+02
-1.337076855191585025e+02
-1.431808095191585153e+02
-1.147614375191585339e+02
-1.242345615191585182e+02
-1.321288315191585241e+02
-1.400231015191585300e+02
-1.194979995191585260e+02
-1.305499775191585172e+02
-1.337076855191585025e+02
-1.273922695191585177e+02
-1.384442475191585231e+02
-1.352865395191585094e+02
-1.242345615191585182e+02
-1.431808095191585153e+02
-1.526539335191584996e+02
-1.210768535191585187e+02
-1.479173715191585075e+02
-1.416019555191585368e+02
-1.337076855191585025e+02
-1.337076855191585310e+02
-1.242345615191585182e+02
-1.494962255191585143e+02
-1.337076855191585310e+02
-1.384442475191585231e+02
-1.337076855191585310e+02
-1.447596635191584937e+02
-1.479173715191585075e+02
-1.321288315191584957e+02
-1.431808095191585153e+02
-1.305499775191585172e+02
-1.542327875191585349e+02
-1.337076855191585310e+02
-1.384442475191585231e+02
-1.242345615191585182e+02
-1.400231015191585016e+02
-1.226557075191585113e+02
-1.447596635191585221e+02
-1.431808095191585153e+02
-1.400231015191585016e+02
-1.384442475191584947e+02
-1.337076855191585310e+02
-1.147614375191585054e+02
-1.447596635191585221e+02
-1.494962255191585143e+02
-1.463385175191585290e+02
-1.431808095191585153e+02
-1.416019555191585084e+02
-1.242345615191585182e+02
-1.431808095191585153e+02
-1.147614375191585054e+02
-1.510750795191585212e+02
-1.242345615191585182e+02
-1.368653935191585163e+02
-1.305499775191585172e+02
-1.321288315191585241e+02
-1.289711235191585104e+02
-1.352865395191585094e+02
-1.400231015191585300e+02
-1.352865395191585094e+02
-1.242345615191585040e+02
-1.589693495191584987e+02
-1.400231015191585016e+02
-1.447596635191584937e+02
-1.510750795191585212e+02
-1.463385175191585290e+02
-1.494962255191584859e+02
-1.321288315191585241e+02
-1.447596635191584937e+02
-1.542327875191585065e+02
-1.321288315191585241e+02
-1.416019555191585084e+02
-1.321288315191585241e+02
-1.400231015191585300e+02
-1.447596635191585221e+02
-1.479173715191585075e+02
-1.494962255191585143e+02
-1.573904955191585202e+02
-1.447596635191585221e+02
-1.558116415191585133e+02
-1.305499775191585172e+02
-1.368653935191585163e+02
-1.384442475191584947e+02
-1.305499775191585172e+02
-1.463385175191585006e+02
-1.147614375191585196e+02
-1.479173715191585075e+02
-1.463385175191585006e+02
-1.416019555191585368e+02
-1.258134155191584966e+02
-1.258134155191585251e+02
-1.573904955191584918e+02
-1.305499775191585172e+02
-1.431808095191585153e+02
-1.337076855191585310e+02
-1.384442475191585231e+02
-1.637059115191585192e+02
-1.510750795191584928e+02
-1.337076855191585310e+02
-1.321288315191584957e+02
-1.431808095191585153e+02
-1.210768535191585329e+02
-1.589693495191584987e+02
-1.194979995191585260e+02
-1.368653935191585163e+02
-1.463385175191585006e+02
-1.416019555191585084e+02
-1.305499775191585172e+02
-1.447596635191584937e+02
-1.542327875191585065e+02
-1.226557075191585113e+02
-1.352865395191585378e+02
-1.431808095191585153e+02
-1.226557075191585398e+02
-1.431808095191585153e+02
-1.416019555191585084e+02
-1.542327875191585065e+02
-1.242345615191585182e+02
-1.416019555191585368e+02
-1.352865395191585094e+02
-1.542327875191585065e+02
-1.273922695191585035e+02
-1.242345615191585182e+02
-1.494962255191585143e+02
-1.116037295191585201e+02
-1.400231015191585300e+02
-1.400231015191585300e+02
-1.510750795191585212e+02
-1.526539335191584996e+02
-1.431808095191585153e+02
-1.605482035191585055e+02
-1.384442475191584947e+02
-1.416019555191585084e+02
-1.273922695191585035e+02
-1.431808095191585153e+02
-1.337076855191585310e+02
-1.352865395191585094e+02
-1.242345615191585182e+02
-1.368653935191585163e+02
-1.431808095191585153e+02
-1.289711235191585104e+02
-1.416019555191585084e+02
-1.037094595191585142e+02
-1.273922695191585177e+02
-1.210768535191585045e+02
-1.479173715191585075e+02
-1.558116415191585133e+02
-1.431808095191585153e+02
-1.510750795191585212e+02
-1.384442475191585231e+02
-1.431808095191585153e+02
-1.463385175191585006e+02
-1.416019555191585084e+02
-1.273922695191585319e+02
-1.416019555191585368e+02
-1.416019555191585084e+02
-1.384442475191584947e+02
-1.447596635191585221e+02
-1.400231015191585016e+02
-1.337076855191585310e+02
-1.494962255191585143e+02
-1.447596635191585221e+02
-1.447596635191585221e+02
-1.273922695191585319e+02
-1.289711235191585388e+02
-1.447596635191585221e+02
-1.100248755191585275e+02
-1.463385175191585006e+02
-1.416019555191585084e+02
-1.337076855191585310e+02
-1.131825835191584986e+02
-1.447596635191585221e+02
-1.258134155191584966e+02
-1.605482035191585055e+02
-1.463385175191585290e+02
-1.321288315191585241e+02
-1.479173715191585075e+02
-1.305499775191585172e+02
-1.289711235191585104e+02
-1.273922695191585035e+02
-1.447596635191585221e+02
-1.400231015191585300e+02
-1.400231015191585300e+02
-1.384442475191585231e+02
-1.384442475191585231e+02
-1.463385175191585006e+02
-1.431808095191585153e+02
-1.384442475191585231e+02
-1.431808095191585153e+02
-1.337076855191585310e+02
-1.368653935191584878e+02
-1.510750795191585212e+02
-1.447596635191584937e+02
-1.352865395191585094e+02
-1.337076855191585310e+02
-1.431808095191585153e+02
-1.321288315191585241e+02
-1.242345615191585182e+02
-1.400231015191585300e+02
-1.494962255191585143e+02
-1.447596635191585221e+02
-1.573904955191584918e+02
-1.384442475191584947e+02
-1.416019555191585368e+02
-1.479173715191585075e+02
-1.416019555191585084e+02
-1.510750795191584928e+02
-1.226557075191585113e+02
-1.526539335191584996e+02
-1.147614375191585054e+02
-1.447596635191585221e+02
-1.431808095191585153e+02
-1.416019555191585368e+02
-1.226557075191585113e+02
-1.400231015191585300e+02
-1.352865395191585094e+02
-1.416019555191585368e+02
-1.400231015191585300e+02
-1.226557075191585113e+02
-1.368653935191585163e+02
-1.258134155191585251e+02
-1.305499775191585172e+02
-1.305499775191585172e+02
-1.510750795191585212e+02
-1.384442475191585231e+02
-1.447596635191584937e+02
-1.431808095191585153e+02
-1.637059115191584908e+02
-1.210768535191585329e+02
-1.337076855191585310e+02
-1.368653935191584878e+02
-1.542327875191585349e+02
-1.463385175191585006e+02
-1.494962255191585143e+02
-1.416019555191585368e+02
-1.400231015191585016e+02
-1.273922695191585177e+02
-1.573904955191585202e+02
-1.289711235191585104e+02
-1.226557075191585113e+02
-1.542327875191585065e+02
-1.400231015191585300e+02
-1.289711235191585104e+02
-1.273922695191585035e+02
-1.258134155191585251e+02
-1.337076855191585025e+02
-1.384442475191585231e+02
-1.226557075191585255e+02
-1.368653935191585163e+02
-1.321288315191584957e+02
-1.226557075191585113e+02
-1.210768535191585045e+02
-1.321288315191585241e+02
-1.305499775191585172e+02
-1.463385175191585006e+02
-1.337076855191585310e+02
-1.479173715191585075e+02
-1.337076855191585310e+02
-1.447596635191584937e+02
-1.352865395191585094e+02
-1.226557075191585113e+02
-1.400231015191585016e+02
-1.226557075191585113e+02
-1.416019555191585084e+02
-1.447596635191585221e+02
-1.163402915191585265e+02
-1.542327875191585065e+02
-1.431808095191585153e+02
-1.494962255191585143e+02
-1.194979995191585118e+02
-1.605482035191585055e+02
-1.163402915191585123e+02
-1.226557075191585113e+02
-1.558116415191585133e+02
-1.400231015191585300e+02
-1.542327875191585065e+02
-1.210768535191585045e+02
-1.210768535191585045e+02
-1.131825835191584986e+02
-1.273922695191585177e+02
-1.384442475191585231e+02
-1.400231015191585300e+02
-1.416019555191585084e+02
-1.258134155191585108e+02
-1.494962255191585143e+02
-1.337076855191585025e+02
-1.431808095191585153e+02
-1.258134155191585251e+02
-1.463385175191585290e+02
-1.400231015191585016e+02
-1.352865395191585094e+02
-1.510750795191584928e+02
-1.273922695191585177e+02
-1.384442475191585231e+02
-1.226557075191585113e+02
-1.510750795191585212e+02
-1.258134155191585251e+02
-1.068671675191585138e+02
-1.384442475191585231e+02
-1.289711235191585388e+02
-1.589693495191585271e+02
-1.226557075191585113e+02
-1.384442475191585231e+02
-1.400231015191585016e+02
-1.526539335191584996e+02
-1.384442475191584947e+02
-1.258134155191585251e+02
-1.210768535191585329e+02
-1.542327875191585349e+02
-1.605482035191585055e+02
-1.289711235191585104e+02
-1.479173715191585075e+02
-1.431808095191585153e+02
-1.384442475191585231e+02
-1.463385175191585006e+02
-1.210768535191585187e+02
-1.447596635191584937e+02
-1.463385175191585006e+02
-1.337076855191585310e+02
-1.337076855191585025e+02
-1.258134155191584966e+02
-1.416019555191585084e+02
-1.400231015191585016e+02
-1.352865395191585094e+02
-1.305499775191585172e+02
-1.526539335191584996e+02
-1.321288315191584957e+02
-1.447596635191584937e+02
-1.273922695191585177e+02
-1.510750795191585212e+02
-1.400231015191585016e+02
-1.431808095191585153e+02
-1.368653935191585447e+02
-1.337076855191585025e+02
-1.258134155191585251e+02
-1.416019555191585368e+02
-1.447596635191584937e+02
-1.447596635191585221e+02
-1.400231015191585016e+02
-1.368653935191585163e+02
-1.289711235191585104e+02
-1.558116415191584849e+02
-1.368653935191585163e+02
-1.479173715191585075e+02
-1.431808095191585153e+02
-1.589693495191584987e+02
-1.558116415191585133e+02
-1.226557075191585113e+02
-1.463385175191585006e+02
-1.416019555191585084e+02
-1.558116415191585133e+02
-1.494962255191585143e+02
-1.479173715191585075e+02
-1.589693495191584987e+02
-1.273922695191585319e+02
-1.368653935191585447e+02
-1.463385175191585290e+02
-1.447596635191584937e+02
-1.668636195191585045e+02
-1.431808095191585153e+02
-1.368653935191584878e+02
-1.447596635191585221e+02
-1.652847655191585261e+02
-1.526539335191584996e+02
-1.510750795191585212e+02
-1.352865395191585094e+02
-1.352865395191585094e+02
-1.510750795191584928e+02
-1.431808095191585153e+02
-1.684424735191584830e+02
-1.337076855191585310e+02
-1.416019555191585084e+02
-1.163402915191585265e+02
-1.558116415191584849e+02
-1.431808095191585153e+02
-1.621270575191585124e+02
-1.431808095191585153e+02
-1.463385175191585006e+02
-1.542327875191585065e+02
-1.147614375191585054e+02
-1.447596635191585221e+02
-1.368653935191585163e+02
-1.352865395191585094e+02
-1.463385175191585290e+02
-1.463385175191585006e+02
-1.621270575191584840e+02
-1.352865395191585094e+02
-1.494962255191585143e+02
-1.558116415191585133e+02
-1.589693495191585271e+02
-1.258134155191585251e+02
-1.352865395191585094e+02
-1.652847655191585261e+02
-1.273922695191585177e+02
-1.321288315191585241e+02
-1.352865395191585094e+02
-1.416019555191585084e+02
-1.479173715191585075e+02
-1.289711235191585104e+02
-1.494962255191585143e+02
-1.337076855191585025e+02
-1.510750795191585212e+02
-1.210768535191585045e+02
-1.510750795191584928e+02
-1.605482035191585055e+02
-1.305499775191585172e+02
-1.447596635191585221e+02
-1.416019555191585084e+02
-1.494962255191585143e+02
-1.510750795191584928e+02
-1.273922695191585035e+02
-1.305499775191585172e+02
-1.479173715191585075e+02
-1.416019555191585368e+02
-1.510750795191584928e+02
-1.352865395191585378e+02
-1.526539335191585280e+02
-1.510750795191585212e+02
-1.337076855191585025e+02
-1.463385175191585006e+02
-1.416019555191585084e+02
-1.431808095191585153e+02
-1.368653935191585163e+02
-1.558116415191585133e+02
-1.463385175191585006e+02
-1.226557075191585113e+02
-1.416019555191585084e+02
-1.321288315191585241e+02
-1.289711235191585104e+02
-1.368653935191585163e+02
-1.352865395191585378e+02
-1.668636195191585045e+02
-1.242345615191585182e+02
-1.352865395191585094e+02
-1.431808095191585153e+02
-1.352865395191585094e+02
-1.400231015191585300e+02
-1.542327875191585065e+02
-1.479173715191585075e+02
-1.321288315191584957e+02
-1.479173715191585075e+02
-1.416019555191585084e+02
-1.321288315191585241e+02
-1.400231015191585016e+02
-1.463385175191585006e+02
-1.510750795191584928e+02
-1.431808095191584869e+02
-1.384442475191585231e+02
-1.384442475191584947e+02
-1.479173715191585075e+02
-1.431808095191585153e+02
-1.494962255191585143e+02
-1.447596635191585221e+02
-1.289711235191585104e+02
-1.589693495191585271e+02
-1.447596635191585221e+02
-1.337076855191585310e+02
-1.163402915191585265e+02
-1.416019555191584800e+02
-1.479173715191585075e+02
-1.352865395191585094e+02
-1.526539335191584996e+02
-1.273922695191585177e+02
-1.416019555191585084e+02
-1.305499775191585172e+02
-1.510750795191585212e+02
-1.542327875191585349e+02
-1.163402915191585123e+02
-1.321288315191585241e+02
-1.321288315191585241e+02
-1.431808095191585153e+02
-1.289711235191585388e+02
-1.637059115191585192e+02
-1.431808095191584869e+02
-1.305499775191585172e+02
-1.400231015191585016e+02
-1.321288315191585241e+02
-1.510750795191584928e+02
-1.163402915191585123e+02
-1.494962255191585143e+02
-1.321288315191585241e+02
-1.210768535191585329e+02
-1.463385175191585290e+02
-1.305499775191585172e+02
-1.400231015191585300e+02
-1.194979995191585260e+02
-1.210768535191585045e+02
-1.147614375191585339e+02
-1.289711235191585104e+02
-1.542327875191585065e+02
-1.321288315191585241e+02
-1.416019555191585084e+02
-1.368653935191585163e+02
-1.431808095191585153e+02
-1.368653935191585163e+02
-1.479173715191585075e+02
-1.210768535191585329e+02
-1.431808095191585153e+02
-1.447596635191585221e+02
-1.337076855191585310e+02
-1.368653935191585163e+02
-1.242345615191585182e+02
-1.400231015191585016e+02
-1.368653935191584878e+02
-1.321288315191585241e+02
-1.526539335191585280e+02
-1.558116415191585133e+02
-1.226557075191585113e+02
-1.368653935191585163e+02
-1.400231015191585300e+02
-1.179191455191585192e+02
-1.321288315191585241e+02
-1.321288315191585241e+02
-1.321288315191584957e+02
-1.352865395191585094e+02
-1.321288315191585241e+02
-1.368653935191585163e+02
-1.431808095191585153e+02
-1.337076855191585025e+02
-1.384442475191585231e+02
-1.289711235191585388e+02
-1.447596635191584937e+02
-1.242345615191585182e+02
-1.400231015191585300e+02
-1.289711235191585104e+02
-1.573904955191585202e+02
-1.416019555191585084e+02
-1.273922695191585319e+02
-1.352865395191585378e+02
-1.352865395191585094e+02
-1.400231015191585016e+02
-1.116037295191585201e+02
-1.368653935191585163e+02
-1.131825835191584986e+02
-1.163402915191585123e+02
-1.479173715191585075e+02
-1.510750795191585212e+02
-1.416019555191585084e+02
-1.226557075191585113e+02
-1.226557075191585113e+02
-1.321288315191584957e+02
-1.305499775191585172e+02
-1.226557075191585398e+02
-1.368653935191585447e+02
-1.526539335191585280e+02
-1.400231015191585016e+02
-1.416019555191585084e+02
-1.273922695191585177e+02
-1.384442475191585231e+02
-1.431808095191585153e+02
-1.384442475191584947e+02
-1.226557075191585113e+02
-1.431808095191585153e+02
-1.447596635191584937e+02
-1.305499775191585172e+02
-1.479173715191585075e+02
-1.242345615191585182e+02
-1.416019555191585084e+02
-1.416019555191585368e+02
-1.321288315191585241e+02
-1.416019555191585084e+02
-1.305499775191585172e+02
-1.479173715191585359e+02
-1.463385175191585006e+02
-1.526539335191584996e+02
-1.542327875191585349e+02
-1.337076855191585310e+02
-1.605482035191585055e+02
-1.463385175191585290e+02
-1.684424735191584830e+02
-1.510750795191584928e+02
-1.479173715191585075e+02
-1.305499775191585172e+02
-1.384442475191584947e+02
-1.416019555191585084e+02
-1.400231015191585016e+02
-1.494962255191585143e+02
-1.384442475191585231e+02
-1.589693495191584987e+02
-1.242345615191585182e+02
-1.479173715191585075e+02
-1.463385175191585290e+02
-1.431808095191585153e+02
-1.605482035191585055e+02
-1.384442475191585231e+02
-1.494962255191585143e+02
-1.400231015191585016e+02
-1.479173715191585075e+02
-1.258134155191585251e+02
-1.368653935191584878e+02
-1.352865395191585094e+02
-1.242345615191585182e+02
-1.573904955191585202e+02
-1.368653935191585163e+02
-1.289711235191585104e+02
-1.147614375191585054e+02
-1.542327875191585065e+02
-1.305499775191585172e+02
-1.258134155191585251e+02
-1.652847655191584977e+02
-1.289711235191585388e+02
-1.431808095191585153e+02
-1.479173715191585359e+02
-1.479173715191585075e+02
-1.400231015191585300e+02
-1.368653935191585163e+02
-1.416019555191584800e+02
-1.321288315191585241e+02
-1.273922695191585035e+02
-1.463385175191585006e+02
-1.431808095191584869e+02
-1.589693495191584987e+02
-1.494962255191585143e+02
-1.258134155191585251e+02
-1.352865395191585094e+02
-1.447596635191585221e+02
-1.431808095191585153e+02
-1.431808095191585153e+02
-1.447596635191585221e+02
-1.368653935191585163e+02
-1.210768535191585187e+02
-1.273922695191585177e+02
-1.321288315191584957e+02
-1.258134155191585251e+02
-1.337076855191585310e+02
-1.163402915191585123e+02
-1.494962255191585143e+02
-1.242345615191585182e+02
-1.337076855191585310e+02
-1.558116415191585133e+02
-1.337076855191585310e+02
-1.273922695191585035e+02
-1.494962255191585143e+02
-1.416019555191585084e+02
-1.116037295191585201e+02
-1.273922695191585319e+02
-1.242345615191585182e+02
-1.510750795191584928e+02
-1.479173715191585075e+02
-1.463385175191585006e+02
-1.226557075191585113e+02
-1.384442475191585231e+02
-1.368653935191584878e+02
-1.368653935191585163e+02
-1.479173715191585359e+02
-1.273922695191585319e+02
-1.179191455191585192e+02
-1.494962255191585143e+02
-1.305499775191585172e+02
-1.589693495191584987e+02
-1.494962255191584859e+02
-1.289711235191585104e+02
-1.321288315191584957e+02
-1.637059115191584908e+02
-1.384442475191585231e+02
-1.305499775191585172e+02
-1.463385175191585290e+02
-1.242345615191585324e+02
-1.368653935191585163e+02
-1.479173715191585075e+02
-1.400231015191585016e+02
-1.384442475191584947e+02
-1.447596635191585221e+02
-1.226557075191585113e+02
-1.368653935191585163e+02
-1.494962255191585143e+02
-1.573904955191585202e+02
-1.447596635191585221e+02
-1.510750795191585212e+02
-1.416019555191585368e+02
-1.384442475191585231e+02
-1.416019555191585084e+02
-1.242345615191585040e+02
-1.431808095191585153e+02
-1.321288315191584957e+02
-1.510750795191585212e+02
-1.416019555191585084e+02
-1.321288315191584957e+02
-1.305499775191585172e+02
-1.352865395191585094e+02
-1.463385175191585006e+02
-1.321288315191585241e+02
-1.289711235191585388e+02
-1.352865395191585094e+02
-1.479173715191585075e+02
-1.305499775191585172e+02
-1.337076855191585310e+02
-1.494962255191584859e+02
-1.431808095191585153e+02
-1.463385175191585006e+02
-1.447596635191585221e+02
-1.352865395191585094e+02
-1.368653935191585163e+02
-1.573904955191585202e+02
-1.226557075191585113e+02
-1.273922695191585319e+02
-1.384442475191585231e+02
-1.510750795191584928e+02
-1.573904955191584918e+02
-1.463385175191585290e+02
-1.526539335191584996e+02
-1.352865395191585094e+02
-1.210768535191585045e+02
-1.305499775191585172e+02
-1.416019555191585084e+02
-1.463385175191585290e+02
-1.510750795191585212e+02
-1.526539335191584996e+02
-1.337076855191585310e+02
-1.384442475191585231e+02
-1.431808095191585153e+02
-1.384442475191585231e+02
-1.321288315191585241e+02
-1.431808095191585153e+02
-1.352865395191585378e+02
-1.368653935191585163e+02
-1.416019555191585084e+02
-1.384442475191585231e+02
-1.573904955191585202e+02
-1.431808095191585153e+02
-1.494962255191585143e+02
-1.431808095191584869e+02
-1.431808095191585153e+02
-1.400231015191585300e+02
-1.226557075191585113e+02
-1.621270575191585124e+02
-1.384442475191585231e+02
-1.384442475191585231e+02
-1.510750795191584928e+02
-1.431808095191585153e+02
-1.463385175191585290e+02
-1.447596635191584937e+02
-1.305499775191585172e+02
-1.431808095191585153e+02
-1.352865395191585094e+02
-1.131825835191585270e+02
-1.494962255191585143e+02
-1.510750795191585212e+02
-1.368653935191585163e+02
-1.431808095191585153e+02
-1.384442475191584947e+02
-1.352865395191585378e+02
-1.273922695191585177e+02
-1.573904955191584918e+02
-1.321288315191585241e+02
-1.368653935191584878e+02
-1.384442475191585231e+02
-1.179191455191585050e+02
-1.416019555191585368e+02
-1.384442475191585231e+02
-1.368653935191585163e+02
-1.494962255191585143e+02
-1.558116415191585133e+02
-1.589693495191584987e+02
-1.116037295191585201e+02
-1.068671675191584995e+02
-1.463385175191585290e+02
-1.479173715191585075e+02
-1.352865395191585094e+02
-1.494962255191585143e+02
-1.384442475191585231e+02
-1.321288315191585241e+02
-1.384442475191585231e+02
-1.384442475191585231e+02
-1.431808095191585153e+02
-1.384442475191585231e+02
-1.416019555191585368e+02
-1.431808095191585153e+02
-1.400231015191585300e+02
-1.589693495191585271e+02
-1.147614375191585196e+02
-1.337076855191585310e+02
-1.384442475191585231e+02
-1.431808095191585153e+02
-1.494962255191585143e+02
-1.337076855191585025e+02
-1.494962255191585143e+02
-1.384442475191585231e+02
-1.431808095191585153e+02
-1.447596635191585221e+02
-1.321288315191584957e+02
-1.289711235191585388e+02
-1.305499775191585172e+02
-1.526539335191585280e+02
-1.416019555191585084e+02
-1.447596635191584937e+02
-1.337076855191585310e+02
-1.368653935191584878e+02
-1.384442475191585231e+02
-1.605482035191585055e+02
-1.400231015191585300e+02
-1.431808095191585153e+02
-1.337076855191585310e+02
-1.321288315191585241e+02
-1.494962255191585143e+02
-1.384442475191585231e+02
-1.431808095191585153e+02
-1.479173715191585075e+02
-1.289711235191585104e+02
-1.416019555191585368e+02
-1.447596635191585221e+02
-1.431808095191585153e+02
-1.431808095191585153e+02
-1.526539335191585280e+02
-1.258134155191585251e+02
-1.447596635191585221e+02
-1.510750795191585212e+02
-1.352865395191585094e+02
-1.731790355191585036e+02
-1.416019555191585084e+02
-1.352865395191585094e+02
-1.526539335191584996e+02
-1.273922695191585319e+02
-1.542327875191585065e+02
-1.526539335191585280e+02
-1.542327875191585065e+02
-1.400231015191585016e+02
-1.573904955191584918e+02
-1.305499775191585172e+02
-1.510750795191584928e+02
-1.384442475191585231e+02
-1.226557075191585113e+02
-1.494962255191585143e+02
-1.258134155191585251e+02
-1.416019555191585084e+02
-1.447596635191585221e+02
-1.384442475191585231e+02
-1.510750795191585212e+02
-1.273922695191585035e+02
-1.321288315191585241e+02
-1.242345615191585182e+02
-1.510750795191585212e+02
-1.416019555191585084e+02
-1.716001815191584967e+02
-1.573904955191585202e+02
-1.463385175191585290e+02
-1.542327875191585065e+02
-1.289711235191585104e+02
-1.494962255191584859e+02
-1.431808095191585153e+02
-1.479173715191585075e+02
-1.479173715191585359e+02
-1.400231015191585016e+02
-1.368653935191584878e+02
-1.431808095191585153e+02
-1.479173715191585359e+02
-1.258134155191585251e+02
-1.494962255191585143e+02
-1.384442475191585231e+02
-1.337076855191585025e+02
-1.510750795191585212e+02
-1.116037295191585201e+02
-1.337076855191585310e+02
-1.494962255191585143e+02
-1.447596635191584937e+02
-1.479173715191585075e+02
-1.621270575191584840e+02
-1.368653935191585447e+02
-1.289711235191585104e+02
-1.305499775191585172e+02
-1.621270575191584840e+02
-1.400231015191585016e+02
-1.510750795191585212e+02
-1.558116415191585133e+02
-1.305499775191585172e+02
-1.447596635191584937e+02
-1.526539335191584996e+02
-1.447596635191585221e+02
-1.589693495191584987e+02
-1.479173715191585075e+02
-1.258134155191585251e+02
-1.479173715191585075e+02
-1.258134155191585251e+02
-1.589693495191585271e+02
-1.494962255191584859e+02
-1.447596635191584937e+02
-1.368653935191585163e+02
-1.542327875191585065e+02
-1.337076855191585310e+02
-1.400231015191585016e+02
-1.494962255191585143e+02
-1.494962255191585143e+02
-1.573904955191584918e+02
-1.463385175191585290e+02
-1.321288315191585241e+02
-1.479173715191585075e+02
-1.321288315191585241e+02
-1.163402915191585265e+02
-1.463385175191585290e+02
-1.321288315191585241e+02
-1.479173715191585075e+02
-1.431808095191585153e+02
-1.447596635191584937e+02
-1.368653935191585163e+02
-1.431808095191585153e+02
-1.258134155191585251e+02
-1.337076855191585310e+02
-1.542327875191585065e+02
-1.652847655191584977e+02
-1.463385175191585006e+02
-1.447596635191585221e+02
-1.258134155191585251e+02
-1.384442475191585231e+02
-1.321288315191584957e+02
-1.416019555191585368e+02
-1.321288315191584957e+02
-1.384442475191584947e+02
-1.573904955191584918e+02
-1.605482035191585055e+02
-1.447596635191585221e+02
-1.305499775191585172e+02
-1.400231015191585300e+02
-1.526539335191584996e+02
-1.494962255191585143e+02
-1.400231015191585016e+02
-1.305499775191585172e+02
-1.352865395191585094e+02
-1.463385175191585006e+02
-1.400231015191585300e+02
-1.463385175191585290e+02
-1.210768535191585045e+02
-1.352865395191585094e+02
-1.479173715191585075e+02
-1.400231015191585016e+02
-1.305499775191585172e+02
-1.273922695191585035e+02
-1.494962255191585143e+02
-1.289711235191585104e+02
-1.289711235191585388e+02
-1.431808095191585153e+02
-1.416019555191585368e+02
-1.384442475191584947e+02
-1.352865395191585094e+02
-1.400231015191585300e+02
-1.352865395191585094e+02
-1.258134155191585108e+02
-1.368653935191585163e+02
-1.321288315191584957e+02
-1.447596635191585221e+02
-1.384442475191584947e+02
-1.463385175191585290e+02
-1.258134155191584966e+02
-1.147614375191585054e+02
-1.463385175191585290e+02
-1.494962255191584859e+02
-1.510750795191585212e+02
-1.463385175191585006e+02
-1.384442475191584947e+02
-1.352865395191585094e+02
-1.463385175191585290e+02
-1.194979995191585260e+02
-1.368653935191585163e+02
-1.400231015191585300e+02
-1.352865395191585094e+02
-1.400231015191585016e+02
-1.321288315191584957e+02
-1.321288315191585241e+02
-1.400231015191585016e+02
-1.352865395191585094e+02
-1.258134155191585251e+02
-1.416019555191585084e+02
-1.368653935191585163e+02
-1.226557075191585113e+02
-1.447596635191584937e+02
-1.305499775191585172e+02
-1.384442475191584947e+02
-1.416019555191585084e+02
-1.463385175191585006e+02
-1.447596635191585221e+02
-1.384442475191585231e+02
-1.337076855191585025e+02
-1.589693495191584987e+02
-1.447596635191585221e+02
-1.384442475191585231e+02
-1.479173715191585359e+02
-1.463385175191585290e+02
-1.337076855191585025e+02
-1.510750795191584928e+02
-1.321288315191585241e+02
-1.416019555191585084e+02
-1.258134155191584966e+02
-1.321288315191584957e+02
-1.305499775191585172e+02
-1.305499775191585172e+02
-1.431808095191585153e+02
-1.558116415191585133e+02
-1.226557075191585113e+02
-1.273922695191585319e+02
-1.400231015191585016e+02
-1.289711235191585104e+02
-1.416019555191585084e+02
-1.337076855191585025e+02
-1.258134155191585108e+02
-1.652847655191585261e+02
-1.384442475191585231e+02
-1.558116415191585133e+02
-1.431808095191585153e+02
-1.494962255191585143e+02
-1.289711235191585104e+02
-1.321288315191585241e+02
-1.668636195191585045e+02
-1.337076855191585310e+02
-1.447596635191585221e+02
-1.352865395191585378e+02
-1.352865395191585094e+02
-1.352865395191585094e+02
-1.416019555191585368e+02
-1.637059115191584908e+02
-1.416019555191585368e+02
-1.589693495191585271e+02
-1.384442475191585231e+02
-1.558116415191585133e+02
-1.510750795191584928e+02
-1.368653935191585163e+02
-1.605482035191585055e+02
-1.479173715191585075e+02
-1.321288315191585241e+02
-1.226557075191585113e+02
-1.305499775191585172e+02
-1.463385175191585290e+02
-1.352865395191585094e+02
-1.447596635191585221e+02
-1.384442475191584947e+02
-1.542327875191585065e+02
-1.479173715191585075e+02
-1.463385175191585006e+02
-1.400231015191585016e+02
-1.621270575191585124e+02
-1.400231015191585016e+02
-1.542327875191585065e+02
-1.400231015191585300e+02
-1.573904955191585202e+02
-1.510750795191585212e+02
-1.321288315191585241e+02
-1.384442475191585231e+02
-1.352865395191585094e+02
-1.605482035191585055e+02
-1.463385175191585006e+02
-1.510750795191585212e+02
-1.637059115191585192e+02
-1.258134155191585251e+02
-1.447596635191585221e+02
-1.463385175191585006e+02
-1.368653935191585163e+02
-1.589693495191585271e+02
-1.447596635191584937e+02
-1.558116415191585133e+02
-1.621270575191585124e+02
-1.447596635191585221e+02
-1.416019555191585084e+02
-1.700213275191585183e+02
-1.400231015191585016e+02
-1.542327875191585065e+02
-1.416019555191585084e+02
-1.494962255191584859e+02
-1.589693495191585271e+02
-1.589693495191584987e+02
-1.416019555191585368e+02
-1.558116415191585133e+02
-1.526539335191585280e+02
-1.510750795191584928e+02
-1.447596635191585221e+02
-1.494962255191585143e+02
-1.463385175191585290e+02
-1.447596635191585221e+02
-1.305499775191585172e+02
-1.463385175191585006e+02
-1.589693495191585271e+02
-1.447596635191585221e+02
-1.416019555191585084e+02
-1.463385175191585290e+02
-1.431808095191585153e+02
-1.368653935191585163e+02
-1.384442475191585231e+02
-1.416019555191585084e+02
-1.463385175191585006e+02
-1.273922695191585035e+02
-1.384442475191585231e+02
-1.384442475191585231e+02
-1.447596635191585221e+02
-1.321288315191585241e+02
-1.194979995191585260e+02
-1.494962255191585143e+02
-1.368653935191585163e+02
-1.258134155191585108e+02
-1.305499775191585172e+02
-1.337076855191585310e+02
-1.416019555191585084e+02
-1.542327875191585065e+02
-1.305499775191585172e+02
-1.479173715191585075e+02
-1.463385175191585006e+02
-1.416019555191584800e+02
-1.337076855191585310e+02
-1.463385175191585290e+02
-1.337076855191585310e+02
-1.463385175191585006e+02
-1.305499775191585172e+02
-1.400231015191585016e+02
-1.447596635191584937e+02
-1.384442475191584947e+02
-1.416019555191585368e+02
-1.305499775191585172e+02
-1.510750795191584928e+02
-1.305499775191585172e+02
-1.416019555191585084e+02
-1.431808095191585153e+02
-1.416019555191585084e+02
-1.494962255191585143e+02
-1.368653935191585163e+02
-1.494962255191585143e+02
-1.384442475191585231e+02
-1.116037295191585059e+02
-1.510750795191585212e+02
-1.605482035191585055e+02
-1.400231015191585016e+02
-1.289711235191585104e+02
-1.526539335191584996e+02
-1.479173715191585359e+02
-1.368653935191585163e+02
-1.384442475191585231e+02
-1.210768535191585045e+02
-1.510750795191585212e+02
-1.494962255191585143e+02
-1.400231015191585300e+02
-1.305499775191585172e+02
-1.431808095191585153e+02
-1.321288315191585241e+02
-1.400231015191585016e+02
-1.431808095191585153e+02
-1.242345615191585182e+02
-1.447596635191585221e+02
-1.431808095191585153e+02
-1.416019555191585368e+02
-1.226557075191585113e+02
-1.479173715191585359e+02
-1.289711235191585104e+02
-1.289711235191585104e+02
-1.637059115191584908e+02
-1.384442475191585231e+02
-1.558116415191585133e+02
-1.305499775191585172e+02
-1.400231015191585016e+02
-1.479173715191585075e+02
-1.321288315191585241e+02
-1.463385175191585290e+02
-1.258134155191585251e+02
-1.447596635191584937e+02
-1.289711235191585104e+02
-1.510750795191585212e+02
-1.479173715191585075e+02
-1.542327875191585065e+02
-1.400231015191585016e+02
-1.558116415191585133e+02
-1.400231015191585016e+02
-1.273922695191585177e+02
-1.479173715191585359e+02
-1.289711235191585388e+02
-1.447596635191584937e+02
-1.526539335191584996e+02
-1.494962255191584859e+02
-1.416019555191585084e+02
-1.337076855191585310e+02
-1.542327875191585349e+02
-1.352865395191585094e+02
-1.242345615191585182e+02
-1.226557075191585113e+02
-1.352865395191585378e+02
-1.210768535191585329e+02
-1.416019555191585368e+02
-1.494962255191584859e+02
-1.321288315191585241e+02
-1.321288315191585241e+02
-1.526539335191584996e+02
-1.431808095191585153e+02
-1.352865395191585094e+02
-1.131825835191585270e+02
-1.273922695191585319e+02
-1.289711235191585104e+02
-1.463385175191585006e+02
-1.321288315191585241e+02
-1.431808095191585153e+02
-1.463385175191585290e+02
-1.416019555191585368e+02
-1.700213275191585183e+02
-1.431808095191585153e+02
-1.652847655191585261e+02
-1.305499775191585172e+02
-1.321288315191585241e+02
-1.463385175191585290e+02
-1.368653935191585163e+02
-1.494962255191585143e+02
-1.637059115191585192e+02
-1.558116415191585133e+02
-1.384442475191584947e+02
-1.447596635191585221e+02
-1.258134155191585251e+02
-1.558116415191585133e+02
-1.384442475191585231e+02
-1.210768535191585187e+02
-1.400231015191585016e+02
-1.242345615191585182e+02
-1.621270575191585124e+02
-1.384442475191584947e+02
-1.763367435191584889e+02
-1.526539335191585280e+02
-1.368653935191585163e+02
-1.416019555191585368e+02
-1.194979995191585260e+02
-1.368653935191585163e+02
-1.242345615191585182e+02
-1.431808095191585153e+02
-1.352865395191585094e+02
-1.273922695191585035e+02
-1.431808095191585153e+02
-1.100248755191585275e+02
-1.431808095191585153e+02
-1.368653935191585163e+02
-1.510750795191585212e+02
-1.384442475191585231e+02
-1.400231015191585016e+02
-1.400231015191585016e+02
-1.479173715191585075e+02
-1.400231015191585016e+02
-1.210768535191585045e+02
-1.305499775191585172e+02
-1.242345615191585182e+02
-1.368653935191585163e+02
-1.479173715191585075e+02
-1.273922695191585319e+02
-1.652847655191584977e+02
-1.542327875191585065e+02
-1.384442475191585231e+02
-1.163402915191585123e+02
-1.494962255191585143e+02
-1.321288315191585241e+02
-1.273922695191585035e+02
-1.589693495191584987e+02
-1.400231015191585016e+02
-1.510750795191585212e+02
-1.163402915191585123e+02
-1.321288315191584957e+02
-1.242345615191585182e+02
-1.273922695191585319e+02
-1.416019555191585084e+02
-1.273922695191585035e+02
-1.289711235191585388e+02
-1.463385175191585006e+02
-1.384442475191585231e+02
-1.147614375191585339e+02
-1.305499775191585172e+02
-1.431808095191585153e+02
-1.321288315191584957e+02
-1.416019555191585084e+02
-1.589693495191584987e+02
-1.526539335191584996e+02
-1.226557075191585113e+02
-1.352865395191585094e+02
-1.621270575191585124e+02
-1.258134155191585251e+02
-1.210768535191585045e+02
-1.416019555191585368e+02
-1.558116415191585133e+02
-1.273922695191585035e+02
-1.210768535191585329e+02
-1.273922695191585177e+02
-1.431808095191585153e+02
-1.242345615191585182e+02
-1.258134155191585108e+02
-1.273922695191585319e+02
-1.289711235191585104e+02
-1.463385175191585290e+02
-1.368653935191585163e+02
-1.431808095191585153e+02
-1.589693495191584987e+02
-1.321288315191584957e+02
-1.447596635191585221e+02
-1.337076855191585310e+02
-1.573904955191585202e+02
-1.258134155191585108e+02
-1.463385175191585006e+02
-1.289711235191585104e+02
-1.526539335191584996e+02
-1.289711235191585104e+02
-1.542327875191585349e+02
-1.542327875191585349e+02
-1.352865395191585378e+02
-1.368653935191585163e+02
-1.479173715191585075e+02
-1.416019555191585084e+02
-1.510750795191585212e+02
-1.416019555191585084e+02
-1.384442475191585231e+02
-1.400231015191585016e+02
-1.447596635191585221e+02
-1.321288315191584957e+02
-1.463385175191585290e+02
-1.431808095191585153e+02
-1.542327875191585065e+02
-1.305499775191585172e+02
-1.605482035191585055e+02
-1.526539335191585280e+02
-1.131825835191585270e+02
-1.700213275191584898e+02
-1.337076855191585310e+02
-1.431808095191585153e+02
-1.210768535191585329e+02
-1.542327875191585349e+02
-1.400231015191585016e+02
-1.542327875191585065e+02
-1.431808095191584869e+02
-1.400231015191585016e+02
-1.242345615191585040e+02
-1.526539335191584996e+02
-1.305499775191585172e+02
-1.305499775191585172e+02
-1.321288315191584957e+02
-1.494962255191585143e+02
-1.289711235191585104e+02
-1.447596635191584937e+02
-1.400231015191585300e+02
-1.479173715191585075e+02
-1.416019555191585084e+02
-1.352865395191585094e+02
-1.558116415191585133e+02
-1.447596635191585221e+02
-1.352865395191585094e+02
-1.305499775191585172e+02
-1.400231015191585300e+02
-1.368653935191585163e+02
-1.368653935191585163e+02
-1.416019555191585084e+02
-1.416019555191585084e+02
-1.416019555191585084e+02
-1.337076855191585025e+02
-1.384442475191585231e+02
-1.305499775191585172e+02
-1.258134155191585108e+02
-1.273922695191585319e+02
-1.637059115191584908e+02
-1.605482035191585055e+02
-1.431808095191585153e+02
-1.352865395191585094e+02
-1.447596635191585221e+02
-1.337076855191585025e+02
-1.416019555191584800e+02
-1.368653935191585163e+02
-1.416019555191585084e+02
-1.321288315191585241e+02
-1.526539335191584996e+02
-1.305499775191585172e+02
-1.416019555191585084e+02
-1.447596635191584937e+02
-1.337076855191585025e+02
-1.368653935191585163e+02
-1.416019555191585084e+02
-1.463385175191585290e+02
-1.384442475191585231e+02
-1.542327875191585065e+02
-1.431808095191584869e+02
-1.368653935191585447e+02
-1.368653935191584878e+02
-1.558116415191585133e+02
-1.558116415191585133e+02
-1.194979995191585260e+02
-1.542327875191585065e+02
-1.400231015191585016e+02
-1.494962255191585143e+02
-1.431808095191585153e+02
-1.400231015191585300e+02
-1.368653935191585163e+02
-1.147614375191585054e+02
-1.400231015191585016e+02
-1.368653935191584878e+02
-1.305499775191585172e+02
-1.447596635191585221e+02
-1.337076855191585025e+02
-1.242345615191585182e+02
-1.400231015191585016e+02
-1.510750795191585212e+02
-1.400231015191585016e+02
-1.289711235191585104e+02
-1.305499775191585172e+02
-1.668636195191585045e+02
-1.526539335191584996e+02
-1.210768535191585187e+02
-1.431808095191585153e+02
-1.384442475191585231e+02
-1.479173715191585075e+02
-1.494962255191585143e+02
-1.447596635191585221e+02
-1.321288315191585241e+02
-1.447596635191585221e+02
-1.447596635191585221e+02
-1.463385175191585006e+02
-1.526539335191584996e+02
-1.368653935191585163e+02
-1.510750795191585212e+02
-1.258134155191585108e+02
-1.384442475191585231e+02
-1.305499775191585172e+02
-1.147614375191585339e+02
-1.494962255191585143e+02
-1.352865395191585094e+02
-1.447596635191585221e+02
-1.479173715191585075e+02
-1.431808095191584869e+02
-1.416019555191585084e+02
-1.273922695191585035e+02
-1.494962255191585143e+02
-1.352865395191585094e+02
-1.573904955191585202e+02
-1.242345615191585182e+02
-1.637059115191584908e+02
-1.510750795191585212e+02
-1.494962255191585143e+02
-1.384442475191585231e+02
-1.321288315191585241e+02
-1.510750795191585212e+02
-1.321288315191584957e+02
-1.494962255191585143e+02
-1.289711235191585104e+02
-1.416019555191585368e+02
-1.416019555191585368e+02
-1.289711235191585104e+02
-1.526539335191584996e+02
-1.400231015191585016e+02
-1.479173715191585075e+02
-1.463385175191585006e+02
-1.147614375191585054e+02
-1.242345615191585182e+02
-1.384442475191585231e+02
-1.289711235191585388e+02
-1.258134155191585251e+02
-1.384442475191585231e+02
-1.463385175191585006e+02
-1.258134155191585251e+02
-1.447596635191585221e+02
-1.416019555191585368e+02
-1.400231015191585016e+02
-1.226557075191585398e+02
-1.431808095191585153e+02
-1.352865395191585094e+02
-1.384442475191584947e+02
-1.558116415191585133e+02
-1.289711235191584819e+02
-1.431808095191585153e+02
-1.400231015191585016e+02
-1.431808095191585153e+02
-1.368653935191585163e+02
-1.100248755191585133e+02
-1.226557075191585113e+02
-1.273922695191585319e+02
-1.289711235191585104e+02
-1.368653935191585163e+02
-1.289711235191585104e+02
-1.321288315191585241e+02
-1.510750795191585212e+02
-1.305499775191585172e+02
-1.226557075191585255e+02
-1.526539335191585280e+02
-1.542327875191585065e+02
-1.400231015191585300e+02
-1.305499775191585172e+02
-1.479173715191585075e+02
-1.400231015191585300e+02
-1.463385175191585290e+02
-1.131825835191585270e+02
-1.416019555191585084e+02
-1.384442475191585231e+02
-1.605482035191585055e+02
-1.542327875191585065e+02
-1.352865395191585094e+02
-1.384442475191585231e+02
-1.447596635191585221e+02
-1.510750795191585212e+02
-1.494962255191585143e+02
-1.337076855191585025e+02
-1.463385175191585290e+02
-1.510750795191584928e+02
-1.431808095191585153e+02
-1.321288315191585241e+02
-1.226557075191585113e+02
-1.321288315191584957e+02
-1.431808095191585153e+02
-1.558116415191585133e+02
-1.321288315191585241e+02
-1.368653935191585163e+02
-1.463385175191585006e+02
-1.621270575191585124e+02
-1.305499775191585172e+02
-1.400231015191585300e+02
-1.431808095191585153e+02
-1.321288315191585241e+02
-1.510750795191584928e+02
-1.447596635191585221e+02
-1.416019555191585084e+02
-1.352865395191585094e+02
-1.400231015191585016e+02
-1.447596635191585221e+02
-1.463385175191585290e+02
-1.526539335191584996e+02
-1.273922695191585035e+02
-1.510750795191584928e+02
-1.226557075191585255e+02
-1.542327875191585065e+02
-1.526539335191584996e+02
-1.226557075191585113e+02
-1.321288315191585241e+02
-1.226557075191585113e+02
-1.463385175191585006e+02
-1.447596635191585221e+02
-1.416019555191585084e+02
-1.305499775191585172e+02
-1.384442475191585231e+02
-1.542327875191585065e+02
-1.210768535191585329e+02
-1.463385175191585006e+02
-1.337076855191585310e+02
-1.558116415191584849e+02
-1.479173715191585075e+02
-1.558116415191584849e+02
-1.400231015191585300e+02
-1.668636195191585045e+02
-1.305499775191585172e+02
-1.463385175191585290e+02
-1.510750795191584928e+02
-1.479173715191585359e+02
-1.510750795191585212e+02
-1.526539335191584996e+02
-1.447596635191584937e+02
-1.510750795191585212e+02
-1.368653935191584878e+02
-1.510750795191585212e+02
-1.226557075191585398e+02
-1.605482035191585055e+02
-1.194979995191584976e+02
-1.226557075191585113e+02
-1.352865395191585094e+02
-1.305499775191585172e+02
-1.368653935191585163e+02
-1.273922695191585035e+02
-1.400231015191585016e+02
-1.273922695191585035e+02
-1.242345615191585182e+02
-1.416019555191585084e+02
-1.463385175191585290e+02
-1.479173715191585075e+02
-1.242345615191585182e+02
-1.179191455191585192e+02
-1.479173715191585359e+02
-1.510750795191585212e+02
-1.289711235191585104e+02
-1.431808095191585153e+02
-1.384442475191584947e+02
-1.352865395191585094e+02
-1.431808095191585153e+02
-1.463385175191585290e+02
-1.447596635191585221e+02
-1.273922695191585177e+02
-1.400231015191585016e+02
-1.526539335191584996e+02
-1.463385175191585290e+02
-1.526539335191585280e+02
-1.337076855191585025e+02
-1.384442475191585231e+02
-1.384442475191585231e+02
-1.337076855191585025e+02
-1.273922695191585319e+02
-1.447596635191585221e+02
-1.494962255191585143e+02
-1.384442475191585231e+02
-1.273922695191585319e+02
-1.416019555191585084e+02
-1.273922695191585177e+02
-1.479173715191585075e+02
-1.384442475191585231e+02
-1.384442475191585231e+02
-1.368653935191584878e+02
-1.305499775191585172e+02
-1.384442475191585231e+02
-1.416019555191585084e+02
-1.479173715191585359e+02
-1.447596635191584937e+02
-1.384442475191585231e+02
-1.400231015191585300e+02
-1.637059115191584908e+02
-1.384442475191585231e+02
-1.447596635191585221e+02
-1.463385175191585290e+02
-1.700213275191585183e+02
-1.479173715191585075e+02
-1.526539335191585280e+02
-1.226557075191585113e+02
-1.226557075191585113e+02
-1.384442475191584947e+02
-1.368653935191585163e+02
-1.289711235191585104e+02
-1.242345615191585182e+02
-1.368653935191585163e+02
-1.368653935191585163e+02
-1.368653935191585163e+02
-1.194979995191585260e+02
-1.321288315191585241e+02
-1.352865395191585094e+02
-1.321288315191585241e+02
-1.400231015191585016e+02
-1.384442475191585231e+02
-1.400231015191585016e+02
-1.368653935191585163e+02
-1.321288315191585241e+02
-1.321288315191584957e+02
-1.384442475191585231e+02
-1.352865395191585094e+02
-1.494962255191584859e+02
-1.352865395191585094e+02
-1.416019555191585084e+02
-1.416019555191585368e+02
-1.447596635191585221e+02
-1.321288315191585241e+02
-1.337076855191585025e+02
-1.321288315191584957e+02
-1.431808095191585153e+02
-1.289711235191585388e+02
-1.447596635191585221e+02
-1.542327875191585065e+02
-1.210768535191585045e+02
-1.447596635191584937e+02
-1.400231015191585016e+02
-1.431808095191585153e+02
-1.194979995191585118e+02
-1.431808095191585153e+02
-1.494962255191585143e+02
-1.289711235191585104e+02
-1.447596635191585221e+02
-1.494962255191585143e+02
-1.384442475191584947e+02
-1.447596635191585221e+02
-1.289711235191585388e+02
-1.668636195191585045e+02
-1.179191455191585192e+02
-1.321288315191584957e+02
-1.400231015191585016e+02
-1.526539335191585280e+02
-1.416019555191585084e+02
-1.510750795191585212e+02
-1.494962255191585143e+02
-1.400231015191585300e+02
-1.163402915191585123e+02
-1.479173715191585075e+02
-1.447596635191584937e+02
-1.447596635191585221e+02
-1.210768535191585187e+02
-1.352865395191585094e+02
-1.273922695191585319e+02
-1.368653935191585163e+02
-1.368653935191585163e+02
-1.542327875191585065e+02
-1.352865395191585378e+02
-1.289711235191585104e+02
-1.337076855191585025e+02
-1.384442475191585231e+02
-1.416019555191585084e+02
-1.463385175191585290e+02
-1.431808095191585153e+02
-1.258134155191584966e+02
-1.337076855191585310e+02
-1.447596635191585221e+02
-1.479173715191585075e+02
-1.337076855191585025e+02
-1.321288315191584957e+02
-1.384442475191585231e+02
-1.273922695191585319e+02
-1.289711235191585104e+02
-1.526539335191584996e+02
-1.652847655191584977e+02
-1.431808095191585153e+02
-1.384442475191585231e+02
-1.337076855191585310e+02
-1.479173715191585075e+02
-1.273922695191585035e+02
-1.289711235191585104e+02
-1.400231015191585016e+02
-1.447596635191584937e+02
-1.479173715191585359e+02
-1.273922695191585177e+02
-1.400231015191585300e+02
-1.289711235191585104e+02
-1.368653935191585163e+02
-1.652847655191584977e+02
-1.273922695191585177e+02
-1.416019555191585368e+02
-1.652847655191584977e+02
-1.416019555191585084e+02
-1.305499775191585172e+02
-1.526539335191584996e+02
-1.337076855191585025e+02
-1.368653935191585163e+02
-1.494962255191584859e+02
-1.573904955191584918e+02
-1.384442475191584947e+02
-1.384442475191584947e+02
-1.242345615191585040e+02
-1.479173715191585075e+02
-1.242345615191585182e+02
-1.510750795191585212e+02
-1.431808095191585153e+02
-1.479173715191585075e+02
-1.416019555191584800e+02
-1.352865395191585094e+02
-1.400231015191585016e+02
-1.179191455191585050e+02
-1.510750795191584928e+02
-1.416019555191585084e+02
-1.400231015191585016e+02
-1.321288315191584957e+02
-1.368653935191585447e+02
-1.352865395191585094e+02
-1.463385175191585006e+02
-1.337076855191585310e+02
-1.368653935191585163e+02
-1.289711235191585104e+02
-1.416019555191585368e+02
-1.352865395191585094e+02
-1.147614375191585196e+02
-1.384442475191585231e+02
-1.431808095191585153e+02
-1.463385175191585290e+02
-1.463385175191585290e+02
-1.400231015191585016e+02
-1.242345615191585182e+02
-1.321288315191585241e+02
-1.384442475191585231e+02
-1.526539335191584996e+02
-1.337076855191585025e+02
-1.384442475191584947e+02
-1.400231015191585300e+02
-1.542327875191585065e+02
-1.447596635191585221e+02
-1.226557075191585113e+02
-1.289711235191585104e+02
-1.352865395191585094e+02
-1.194979995191585118e+02
-1.337076855191585310e+02
-1.589693495191584987e+02
-1.510750795191584928e+02
-1.368653935191585163e+02
-1.384442475191585231e+02
-1.384442475191585231e+02
-1.542327875191585065e+02
-1.337076855191585310e+02
-1.226557075191585255e+02
-1.416019555191585084e+02
-1.321288315191584957e+02
-1.226557075191585255e+02
-1.384442475191584947e+02
-1.589693495191585271e+02
-1.384442475191584947e+02
-1.400231015191585016e+02
-1.305499775191585172e+02
-1.431808095191585153e+02
-1.289711235191585388e+02
-1.289711235191585388e+02
-1.273922695191585035e+02
-1.273922695191585177e+02
-1.258134155191585251e+02
-1.542327875191585065e+02
-1.337076855191585025e+02
-1.447596635191585221e+02
-1.400231015191585016e+02
-1.273922695191585035e+02
-1.352865395191585094e+02
-1.084460215191585206e+02
-1.337076855191585310e+02
-1.273922695191585035e+02
-1.352865395191585094e+02
-1.431808095191585153e+02
-1.416019555191585368e+02
-1.163402915191585123e+02
-1.494962255191585143e+02
-1.305499775191585172e+02
-1.131825835191585270e+02
-1.226557075191585113e+02
-1.400231015191585300e+02
-1.368653935191585163e+02
-1.526539335191585280e+02
-1.384442475191585231e+02
-1.226557075191585113e+02
-1.337076855191585310e+02
-1.305499775191585172e+02
-1.416019555191584800e+02
-1.194979995191585260e+02
-1.194979995191585260e+02
-1.479173715191585075e+02
-1.273922695191585319e+02
-1.463385175191585290e+02
-1.447596635191585221e+02
-1.416019555191585084e+02
-1.494962255191585143e+02
-1.463385175191585006e+02
-1.463385175191585006e+02
-1.463385175191585006e+02
-1.526539335191584996e+02
-1.447596635191585221e+02
-1.321288315191585241e+02
-1.273922695191585319e+02
-1.573904955191584918e+02
-1.447596635191585221e+02
-1.337076855191585310e+02
-1.289711235191585104e+02
-1.558116415191585133e+02
-1.273922695191585177e+02
-1.337076855191585025e+02
-1.352865395191585378e+02
-1.305499775191585172e+02
-1.479173715191585075e+02
-1.305499775191585172e+02
-1.337076855191585025e+02
-1.321288315191584957e+02
-1.479173715191585075e+02
-1.431808095191584869e+02
-1.384442475191585231e+02
-1.589693495191584987e+02
-1.447596635191584937e+02
-1.400231015191585300e+02
-1.273922695191585319e+02
-1.463385175191585006e+02
-1.542327875191585065e+02
-1.226557075191585255e+02
-1.542327875191584781e+02
-1.337076855191585025e+02
-1.337076855191585310e+02
-1.194979995191585118e+02
-1.400231015191585300e+02
-1.337076855191585310e+02
-1.447596635191585221e+02
-1.463385175191585006e+02
-1.289711235191585104e+02
-1.431808095191585153e+02
-1.447596635191585221e+02
-1.400231015191585016e+02
-1.352865395191585094e+02
-1.431808095191585153e+02
-1.194979995191585118e+02
-1.479173715191585075e+02
-1.384442475191585231e+02
-1.258134155191585251e+02
-1.510750795191585212e+02
-1.463385175191585006e+02
-1.179191455191585192e+02
-1.447596635191585221e+02
-1.384442475191585231e+02
-1.258134155191584966e+02
-1.337076855191585310e+02
-1.463385175191585006e+02
-1.179191455191585192e+02
-1.573904955191584918e+02
-1.368653935191585163e+02
-1.494962255191585143e+02
-1.289711235191585104e+02
-1.384442475191585231e+02
-1.479173715191585075e+02
-1.384442475191585231e+02
-1.558116415191584849e+02
-1.368653935191584878e+02
-1.510750795191585212e+02
-1.510750795191585212e+02
-1.352865395191585094e+02
-1.826521595191585163e+02
-1.431808095191585153e+02
-1.273922695191585035e+02
-1.289711235191585104e+02
-1.573904955191585202e+02
-1.179191455191585192e+02
-1.416019555191585368e+02
-1.337076855191585310e+02
-1.337076855191585310e+02
-1.479173715191585075e+02
-1.305499775191585172e+02
-1.494962255191585143e+02
-1.273922695191585035e+02
-1.494962255191585143e+02
-1.242345615191585182e+02
-1.400231015191585300e+02
-1.116037295191585201e+02
-1.226557075191585255e+02
-1.463385175191585006e+02
-1.479173715191585359e+02
-1.463385175191585290e+02
-1.321288315191585241e+02
-1.305499775191585172e+02
-1.447596635191585221e+02
-1.384442475191585231e+02
-1.384442475191585231e+02
-1.384442475191585231e+02
-1.447596635191585221e+02
-1.147614375191585054e+02
-1.352865395191585094e+02
-1.321288315191585241e+02
-1.289711235191585104e+02
-1.242345615191585182e+02
-1.400231015191585300e+02
-1.384442475191585231e+02
-1.305499775191585172e+02
-1.179191455191585334e+02
-1.463385175191585006e+02
-1.479173715191585075e+02
-1.589693495191584987e+02
-1.337076855191585025e+02
-1.447596635191585221e+02
-1.226557075191585113e+02
-1.463385175191585290e+02
-1.258134155191585251e+02
-1.210768535191585329e+02
-1.416019555191585084e+02
-1.273922695191585035e+02
-1.416019555191585084e+02
-1.321288315191585241e+02
-1.226557075191585113e+02
-1.368653935191585163e+02
-1.226557075191585113e+02
-1.368653935191585163e+02
-1.258134155191585108e+02
-1.494962255191585143e+02
-1.242345615191585182e+02
-1.621270575191585124e+02
-1.368653935191585163e+02
-1.289711235191585388e+02
-1.384442475191585231e+02
-1.400231015191585016e+02
-1.194979995191584976e+02
-1.305499775191585172e+02
-1.321288315191584957e+02
-1.384442475191585231e+02
-1.416019555191585084e+02
-1.289711235191585104e+02
-1.321288315191585241e+02
-1.400231015191585300e+02
-1.242345615191585182e+02
-1.194979995191585118e+02
-1.431808095191585153e+02
-1.352865395191585094e+02
-1.100248755191585133e+02
-1.321288315191585241e+02
-1.258134155191585108e+02
-1.258134155191584966e+02
-1.384442475191584947e+02
-1.321288315191585241e+02
-1.384442475191585231e+02
-1.400231015191585300e+02
-1.273922695191585177e+02
-1.242345615191585040e+02
-1.352865395191585094e+02
-1.384442475191585231e+02
-1.447596635191584937e+02
-1.194979995191585118e+02
-1.352865395191585094e+02
-1.526539335191584996e+02
-1.479173715191585075e+02
-1.479173715191585075e+02
-1.494962255191585143e+02
-1.400231015191585016e+02
-1.368653935191585163e+02
-1.321288315191585241e+02
-1.463385175191585006e+02
-1.337076855191585025e+02
-1.226557075191585113e+02
-1.242345615191585182e+02
-1.542327875191585065e+02
-1.400231015191585016e+02
-1.147614375191585196e+02
-1.605482035191585055e+02
-1.352865395191585094e+02
-1.258134155191585251e+02
-1.384442475191585231e+02
-1.542327875191585065e+02
-1.510750795191585212e+02
-1.131825835191585270e+02
-1.368653935191585163e+02
-1.431808095191585153e+02
-1.494962255191585143e+02
-1.352865395191585378e+02
-1.242345615191585182e+02
-1.210768535191585187e+02
-1.510750795191585212e+02
-1.431808095191585153e+02
-1.305499775191585172e+02
-1.431808095191585153e+02
-1.305499775191585172e+02
-1.416019555191585084e+02
-1.447596635191585221e+02
-1.542327875191585065e+02
-1.463385175191585290e+02
-1.084460215191585064e+02
-1.447596635191585221e+02
-1.352865395191585378e+02
-1.463385175191585006e+02
-1.416019555191585084e+02
-1.431808095191585153e+02
-1.463385175191585006e+02
-1.416019555191585084e+02
-1.479173715191585359e+02
-1.226557075191585113e+02
-1.242345615191585182e+02
-1.368653935191585163e+02
-1.321288315191584957e+02
-1.289711235191585104e+02
-1.210768535191585045e+02
-1.258134155191584966e+02
-1.210768535191585187e+02
-1.368653935191585447e+02
-1.542327875191585349e+02
-1.242345615191585182e+02
-1.416019555191585084e+02
-1.510750795191585212e+02
-1.463385175191585006e+02
-1.305499775191585172e+02
-1.621270575191584840e+02
-1.494962255191585143e+02
-1.447596635191584937e+02
-1.337076855191585310e+02
-1.321288315191584957e+02
-1.384442475191585231e+02
-1.337076855191585310e+02
-1.652847655191585261e+02
-1.321288315191585241e+02
-1.605482035191585055e+02
-1.352865395191585094e+02
-1.352865395191585094e+02
-1.447596635191584937e+02
-1.289711235191585388e+02
-1.479173715191585075e+02
-1.463385175191585006e+02
-1.637059115191585192e+02
-1.289711235191585104e+02
-1.637059115191585192e+02
-1.305499775191585172e+02
-1.605482035191585055e+02
-1.273922695191585319e+02
-1.226557075191585255e+02
-1.447596635191584937e+02
-1.273922695191585319e+02
-1.494962255191585143e+02
-1.542327875191585065e+02
-1.384442475191585231e+02
-1.589693495191584987e+02
-1.337076855191585310e+02
-1.463385175191585290e+02
-1.226557075191585113e+02
-1.542327875191585065e+02
-1.558116415191585133e+02
-1.526539335191585280e+02
-1.494962255191585143e+02
-1.210768535191585045e+02
-1.368653935191585163e+02
-1.447596635191584937e+02
-1.337076855191585310e+02
-1.258134155191585251e+02
-1.447596635191585221e+02
-1.573904955191585202e+02
-1.368653935191584878e+02
-1.431808095191585153e+02
-1.416019555191585368e+02
-1.337076855191585310e+02
-1.416019555191585368e+02
-1.510750795191584928e+02
-1.400231015191585016e+02
-1.542327875191585065e+02
-1.400231015191585300e+02
-1.352865395191585094e+02
-1.526539335191584996e+02
-1.273922695191585035e+02
-1.479173715191585359e+02
-1.368653935191585163e+02
-1.368653935191585163e+02
-1.431808095191585153e+02
-1.463385175191585290e+02
-1.494962255191585143e+02
-1.352865395191585378e+02
-1.668636195191585045e+02
-1.463385175191585006e+02
-1.384442475191585231e+02
-1.479173715191585359e+02
-1.289711235191585104e+02
-1.542327875191585065e+02
-1.289711235191585104e+02
-1.352865395191585094e+02
-1.273922695191585177e+02
-1.479173715191585075e+02
-1.258134155191584966e+02
-1.258134155191585251e+02
-1.226557075191585113e+02
-1.305499775191585172e+02
-1.542327875191585065e+02
-1.431808095191585153e+02
-1.431808095191585153e+02
-1.273922695191585177e+02
-1.337076855191585025e+02
-1.258134155191585108e+02
-1.337076855191585310e+02
-1.194979995191585260e+02
-1.447596635191585221e+02
-1.337076855191585310e+02
-1.479173715191585075e+02
-1.494962255191585143e+02
-1.289711235191585104e+02
-1.573904955191585202e+02
-1.400231015191585016e+02
-1.400231015191585300e+02
-1.684424735191585114e+02
-1.368653935191585163e+02
-1.621270575191584840e+02
-1.368653935191585163e+02
-1.384442475191585231e+02
-1.305499775191585172e+02
-1.258134155191584966e+02
-1.510750795191585212e+02
-1.273922695191585035e+02
-1.163402915191585123e+02
-1.352865395191585094e+02
-1.510750795191585212e+02
-1.463385175191585006e+02
-1.147614375191585054e+02
-1.289711235191585104e+02
-1.147614375191585339e+02
-1.526539335191585280e+02
-1.194979995191585260e+02
-1.526539335191585280e+02
-1.589693495191584987e+02
-1.400231015191585300e+02
-1.384442475191584947e+02
-1.258134155191585108e+02
-1.400231015191585300e+02
-1.400231015191585300e+02
-1.321288315191585241e+02
-1.116037295191585059e+02
-1.416019555191585084e+02
-1.210768535191585045e+02
-1.479173715191585075e+02
-1.258134155191585251e+02
-1.116037295191585201e+02
-1.558116415191585133e+02
-1.337076855191585310e+02
-1.510750795191585212e+02
-1.479173715191585359e+02
-1.431808095191585153e+02
-1.400231015191585016e+02
-1.384442475191585231e+02
-1.321288315191585241e+02
-1.352865395191585094e+02
-1.258134155191585251e+02
-1.305499775191585172e+02
-1.431808095191585153e+02
-1.447596635191585221e+02
-1.321288315191584957e+02
-1.273922695191585319e+02
-1.416019555191585368e+02
-1.637059115191585192e+02
-1.400231015191585300e+02
-1.352865395191585094e+02
-1.447596635191585221e+02
-1.273922695191585177e+02
-1.431808095191585153e+02
-1.337076855191585310e+02
-1.573904955191585202e+02
-1.463385175191585290e+02
-1.494962255191585143e+02
-1.589693495191585271e+02
-1.526539335191584996e+02
-1.289711235191585388e+02
-1.226557075191585113e+02
-1.526539335191584996e+02
-1.337076855191585310e+02
-1.431808095191585153e+02
-1.352865395191585094e+02
-1.368653935191585163e+02
-1.447596635191584937e+02
-1.447596635191585221e+02
-1.558116415191585133e+02
-1.494962255191584859e+02
-1.558116415191585133e+02
-1.368653935191585163e+02
-1.352865395191585094e+02
-1.352865395191585094e+02
-1.368653935191585163e+02
-1.510750795191585212e+02
-1.321288315191585241e+02
-1.305499775191585172e+02
-1.416019555191585368e+02
-1.384442475191585231e+02
-1.368653935191585163e+02
-1.321288315191585241e+02
-1.337076855191585025e+02
-1.352865395191585378e+02
-1.400231015191585300e+02
-1.479173715191585075e+02
-1.526539335191584996e+02
-1.305499775191585172e+02
-1.289711235191585104e+02
-1.400231015191585300e+02
-1.226557075191585113e+02
-1.400231015191585016e+02
-1.305499775191585172e+02
-1.542327875191585065e+02
-1.242345615191585182e+02
-1.431808095191585153e+02
-1.510750795191585212e+02
-1.321288315191585241e+02
-1.573904955191585202e+02
-1.479173715191585075e+02
-1.210768535191585045e+02
-1.431808095191585153e+02
-1.542327875191585349e+02
-1.605482035191585055e+02
-1.416019555191585084e+02
-1.337076855191585310e+02
-1.558116415191585133e+02
-1.352865395191585378e+02
-1.273922695191585319e+02
-1.431808095191585153e+02
-1.416019555191585084e+02
-1.668636195191585045e+02
-1.558116415191584849e+02
-1.226557075191585113e+02
-1.400231015191585016e+02
-1.416019555191585084e+02
-1.416019555191584800e+02
-1.321288315191585241e+02
-1.526539335191584996e+02
-1.321288315191585241e+02
-1.258134155191585251e+02
-1.573904955191585202e+02
-1.400231015191585016e+02
-1.463385175191585290e+02
-1.463385175191585290e+02
-1.416019555191585084e+02
-1.305499775191585172e+02
-1.179191455191585050e+02
-1.368653935191585163e+02
-1.447596635191585221e+02
-1.558116415191585133e+02
-1.400231015191585016e+02
-1.368653935191584878e+02
-1.352865395191585094e+02
-1.589693495191584987e+02
-1.321288315191585241e+02
-1.463385175191585006e+02
-1.384442475191585231e+02
-1.321288315191585241e+02
-1.668636195191585045e+02
-1.321288315191584957e+02
-1.321288315191584957e+02
-1.416019555191585368e+02
-1.289711235191585104e+02
-1.384442475191585231e+02
-1.400231015191585016e+02
-1.510750795191585212e+02
-1.352865395191585094e+02
-1.589693495191584987e+02
-1.321288315191585241e+02
-1.273922695191585319e+02
-1.510750795191585212e+02
-1.447596635191585221e+02
-1.463385175191585006e+02
-1.526539335191584996e+02
-1.368653935191585163e+02
-1.416019555191585368e+02
-1.463385175191585006e+02
-1.416019555191585368e+02
-1.368653935191585163e+02
-1.526539335191584996e+02
-1.526539335191585280e+02
-1.416019555191585084e+02
-1.210768535191585329e+02
-1.305499775191585172e+02
-1.431808095191585153e+02
-1.431808095191585153e+02
-1.337076855191585025e+02
-1.447596635191585221e+02
-1.352865395191585094e+02
-1.321288315191584957e+02
-1.510750795191585212e+02
-1.337076855191585025e+02
-1.431808095191584869e+02
-1.337076855191585310e+02
-1.368653935191585163e+02
-1.809594069409769759e+02
6.795160230590229276e+02
-1.067532689409769091e+02
-1.999056549409769161e+02
-4.517796294097692567e+01
6.218410905902308627e+01
7.639379505902309120e+01
8.113035705902306916e+01
9.060348105902308191e+01
1.079708750590230864e+02
9.534004305902308829e+01
8.744577305902309661e+01
1.237594150590230697e+02
1.095497290590230790e+02
1.127074370590230927e+02
9.691889705902308094e+01
9.376118905902308143e+01
9.534004305902307408e+01
9.691889705902309515e+01
9.218233505902308877e+01
1.095497290590230790e+02
1.095497290590230506e+02
9.534004305902308829e+01
1.095497290590230932e+02
1.000766050590230805e+02
1.048131670590230584e+02
1.158651450590230780e+02
8.586691905902307553e+01
1.142862910590230712e+02
1.063920210590230795e+02
1.032343130590230800e+02
1.032343130590230800e+02
1.253382690590230766e+02
1.111285830590230574e+02
1.111285830590230859e+02
1.142862910590230854e+02
8.902462705902308926e+01
1.095497290590230932e+02
1.079708750590230864e+02
1.095497290590230932e+02
1.111285830590231001e+02
1.111285830590230859e+02
1.063920210590230795e+02
1.063920210590230937e+02
1.063920210590230653e+02
1.269171230590230834e+02
9.376118905902308143e+01
9.060348105902309612e+01
1.127074370590230785e+02
1.111285830590230717e+02
9.376118905902308143e+01
1.111285830590230717e+02
1.063920210590230795e+02
8.428806505902308288e+01
1.079708750590231006e+02
1.063920210590230795e+02
1.237594150590230839e+02
1.095497290590230648e+02
1.284959770590230619e+02
9.849775105902310202e+01
9.534004305902307408e+01
1.063920210590230795e+02
1.063920210590230795e+02
1.127074370590230785e+02
1.095497290590230648e+02
1.079708750590230721e+02
8.428806505902308288e+01
9.691889705902306673e+01
1.111285830590230717e+02
1.079708750590230721e+02
1.127074370590230785e+02
1.206017070590230986e+02
1.063920210590230937e+02
1.158651450590230922e+02
9.534004305902308829e+01
1.079708750590230864e+02
1.048131670590230726e+02
9.060348105902309612e+01
1.316536850590230756e+02
1.190228530590230918e+02
1.142862910590230854e+02
1.174439990590230707e+02
1.095497290590230932e+02
1.111285830590230859e+02
1.127074370590230927e+02
1.221805610590230771e+02
1.095497290590230790e+02
1.032343130590230658e+02
1.016554590590230731e+02
9.534004305902307408e+01
1.079708750590230579e+02
1.221805610590230913e+02
1.111285830590230717e+02
1.048131670590230726e+02
8.744577305902306819e+01
1.142862910590230854e+02
1.079708750590230864e+02
1.095497290590230790e+02
1.016554590590231015e+02
9.691889705902306673e+01
1.158651450590230780e+02
1.048131670590230868e+02
1.032343130590230800e+02
1.000766050590230805e+02
1.142862910590230712e+02
1.111285830590230859e+02
9.691889705902309515e+01
9.376118905902306722e+01
1.127074370590230501e+02
1.063920210590230937e+02
1.174439990590230707e+02
1.190228530590230918e+02
1.127074370590230927e+02
1.316536850590230756e+02
1.063920210590230795e+02
1.158651450590230922e+02
9.218233505902308877e+01
1.111285830590230717e+02
9.691889705902308094e+01
1.127074370590230927e+02
1.032343130590230658e+02
1.095497290590230790e+02
1.127074370590230927e+02
1.016554590590230873e+02
1.158651450590230922e+02
1.142862910590230996e+02
1.142862910590230996e+02
1.079708750590230721e+02
1.269171230590230977e+02
1.111285830590230859e+02
1.142862910590230996e+02
1.190228530590230775e+02
9.534004305902308829e+01
9.691889705902308094e+01
1.032343130590230800e+02
1.221805610590230913e+02
1.221805610590230913e+02
1.016554590590230873e+02
1.048131670590230726e+02
1.237594150590230839e+02
9.218233505902308877e+01
1.158651450590230780e+02
1.253382690590230908e+02
1.253382690590230766e+02
1.206017070590230986e+02
1.158651450590230922e+02
1.032343130590230942e+02
1.158651450590230922e+02
1.095497290590230932e+02
1.016554590590230731e+02
1.016554590590230873e+02
1.348113930590230609e+02
1.111285830590230717e+02
1.206017070590230844e+02
1.079708750590230721e+02
1.048131670590231010e+02
1.190228530590230918e+02
1.190228530590230918e+02
1.063920210590230937e+02
1.127074370590230927e+02
1.142862910590230854e+02
1.095497290590230790e+02
1.127074370590230927e+02
1.269171230590230834e+02
1.095497290590230790e+02
1.142862910590230712e+02
8.744577305902308240e+01
1.063920210590230937e+02
1.142862910590230854e+02
1.190228530590230918e+02
1.158651450590230780e+02
1.032343130590230942e+02
9.376118905902308143e+01
1.269171230590230977e+02
1.095497290590230790e+02
1.142862910590230854e+02
1.221805610590230913e+02
1.142862910590230996e+02
1.253382690590230766e+02
1.079708750590231006e+02
1.174439990590230849e+02
1.142862910590230712e+02
1.111285830590231001e+02
1.063920210590230937e+02
1.079708750590230864e+02
1.032343130590230800e+02
1.190228530590230775e+02
1.206017070590230844e+02
1.158651450590230922e+02
9.534004305902305987e+01
1.158651450590230922e+02
9.849775105902307359e+01
1.237594150590230839e+02
1.127074370590230785e+02
1.032343130590230800e+02
1.363902470590230678e+02
1.016554590590230589e+02
1.221805610590230913e+02
1.016554590590230589e+02
1.174439990590230849e+02
1.174439990590230707e+02
1.127074370590230785e+02
1.048131670590230868e+02
1.095497290590230932e+02
1.174439990590230849e+02
1.190228530590230775e+02
1.142862910590230996e+02
1.016554590590230589e+02
1.127074370590230927e+02
1.190228530590230775e+02
1.111285830590231001e+02
1.079708750590230864e+02
9.691889705902306673e+01
8.428806505902309709e+01
1.095497290590230790e+02
1.206017070590230844e+02
1.158651450590230922e+02
1.206017070590230986e+02
1.316536850590230756e+02
1.016554590590231015e+02
1.048131670590230726e+02
1.095497290590230790e+02
9.691889705902308094e+01
1.048131670590230726e+02
1.111285830590230859e+02
1.284959770590230903e+02
1.174439990590230849e+02
1.174439990590230849e+02
1.127074370590230927e+02
9.849775105902308781e+01
1.300748310590230972e+02
1.111285830590230717e+02
1.206017070590230986e+02
1.016554590590230731e+02
1.111285830590230859e+02
8.902462705902307505e+01
1.079708750590230721e+02
1.079708750590230864e+02
1.048131670590231010e+02
1.174439990590230707e+02
1.016554590590230731e+02
1.316536850590230756e+02
9.691889705902306673e+01
1.000766050590230805e+02
1.174439990590230849e+02
1.032343130590230800e+02
1.016554590590230873e+02
1.016554590590230731e+02
1.111285830590230717e+02
1.095497290590230790e+02
1.032343130590230800e+02
1.127074370590230785e+02
1.206017070590230844e+02
9.218233505902310299e+01
1.174439990590230707e+02
1.300748310590230687e+02
9.691889705902309515e+01
1.253382690590230908e+02
1.206017070590230844e+02
1.190228530590230775e+02
1.127074370590230785e+02
1.063920210590230795e+02
1.095497290590230932e+02
9.691889705902309515e+01
1.253382690590230766e+02
1.174439990590230849e+02
1.127074370590230927e+02
1.032343130590230942e+02
1.063920210590230653e+02
1.048131670590230868e+02
1.158651450590230780e+02
1.095497290590230932e+02
1.269171230590230834e+02
1.063920210590230795e+02
1.095497290590230790e+02
1.190228530590230918e+02
1.221805610590230771e+02
1.000766050590230805e+02
1.174439990590230849e+02
1.063920210590230937e+02
1.237594150590230981e+02
1.221805610590230913e+02
9.849775105902308781e+01
1.127074370590230927e+02
1.048131670590231010e+02
1.127074370590230927e+02
1.016554590590230873e+02
1.206017070590230986e+02
9.849775105902307359e+01
8.902462705902308926e+01
1.221805610590230771e+02
1.127074370590230785e+02
1.174439990590230849e+02
9.849775105902308781e+01
1.111285830590230859e+02
1.158651450590230780e+02
9.218233505902307456e+01
1.332325390590230825e+02
8.586691905902307553e+01
1.158651450590230780e+02
1.127074370590230927e+02
1.079708750590230721e+02
1.190228530590230918e+02
1.127074370590230785e+02
1.111285830590230859e+02
1.174439990590230707e+02
9.534004305902305987e+01
7.955150305902306229e+01
1.079708750590230864e+02
1.111285830590230859e+02
1.206017070590230702e+02
1.079708750590230864e+02
1.221805610590230913e+02
1.111285830590230859e+02
1.142862910590230854e+02
9.376118905902308143e+01
1.127074370590230927e+02
1.190228530590230918e+02
1.063920210590230937e+02
1.127074370590230785e+02
1.174439990590230849e+02
1.063920210590230795e+02
1.142862910590230854e+02
1.206017070590230844e+02
1.158651450590230780e+02
1.079708750590230864e+02
1.300748310590230972e+02
1.158651450590230922e+02
1.063920210590230795e+02
1.221805610590230771e+02
1.095497290590230790e+02
1.111285830590231001e+02
1.221805610590230771e+02
1.048131670590230868e+02
1.079708750590230864e+02
1.300748310590230972e+02
1.111285830590231001e+02
9.691889705902306673e+01
1.269171230590230834e+02
1.190228530590230918e+02
1.127074370590230785e+02
1.048131670590230868e+02
1.000766050590230947e+02
1.158651450590230780e+02
1.127074370590230785e+02
1.221805610590230913e+02
9.534004305902305987e+01
1.269171230590230834e+02
1.063920210590230795e+02
1.253382690590230766e+02
1.237594150590230697e+02
1.063920210590230795e+02
1.253382690590230908e+02
9.534004305902307408e+01
1.174439990590230707e+02
1.174439990590230849e+02
1.142862910590230854e+02
1.079708750590230721e+02
1.490210790590230658e+02
1.300748310590230687e+02
1.237594150590230697e+02
1.048131670590230726e+02
1.111285830590230717e+02
1.095497290590230790e+02
1.237594150590230981e+02
1.111285830590230717e+02
1.269171230590230834e+02
1.237594150590230839e+02
1.190228530590230775e+02
1.048131670590230726e+02
1.063920210590230937e+02
1.127074370590230785e+02
1.000766050590230662e+02
1.284959770590230619e+02
1.158651450590230780e+02
1.237594150590230981e+02
1.127074370590230785e+02
1.095497290590230932e+02
1.221805610590230913e+02
1.363902470590230678e+02
1.158651450590230922e+02
1.300748310590230972e+02
1.174439990590230707e+02
1.142862910590230712e+02
1.190228530590230775e+02
1.095497290590230932e+02
1.158651450590230780e+02
1.237594150590230839e+02
1.063920210590230937e+02
1.300748310590230687e+02
1.253382690590230766e+02
1.348113930590230609e+02
9.218233505902307456e+01
1.174439990590230707e+02
1.253382690590230908e+02
1.142862910590230854e+02
1.079708750590230864e+02
1.348113930590230893e+02
1.206017070590230844e+02
1.190228530590230918e+02
1.316536850590230756e+02
1.142862910590230712e+02
1.237594150590230839e+02
1.253382690590230908e+02
1.253382690590230766e+02
1.111285830590231001e+02
1.237594150590230839e+02
1.095497290590230790e+02
1.048131670590230584e+02
1.190228530590230775e+02
1.032343130590230942e+02
1.395479550590230815e+02
1.206017070590230844e+02
1.174439990590230707e+02
1.174439990590230707e+02
1.158651450590230638e+02
1.127074370590230785e+02
1.095497290590230790e+02
1.174439990590230849e+02
1.206017070590230844e+02
1.316536850590230756e+02
1.142862910590230854e+02
1.142862910590230854e+02
1.190228530590230775e+02
1.111285830590230859e+02
1.253382690590230908e+02
1.032343130590230658e+02
1.032343130590230658e+02
1.174439990590230849e+02
1.095497290590230932e+02
1.411268090590230599e+02
9.534004305902307408e+01
1.206017070590230986e+02
1.016554590590230731e+02
1.316536850590230756e+02
1.000766050590230805e+02
1.142862910590230996e+02
1.221805610590230913e+02
1.158651450590230780e+02
1.332325390590230541e+02
1.111285830590231001e+02
1.174439990590230707e+02
1.237594150590230697e+02
9.849775105902308781e+01
1.095497290590230648e+02
1.095497290590230648e+02
1.269171230590230834e+02
1.142862910590230712e+02
1.300748310590230972e+02
1.063920210590230937e+02
1.174439990590230849e+02
1.127074370590230927e+02
1.269171230590230834e+02
1.063920210590230795e+02
1.206017070590230844e+02
1.111285830590230859e+02
1.206017070590230844e+02
1.111285830590231001e+02
1.190228530590230918e+02
9.218233505902308877e+01
1.190228530590230918e+02
1.253382690590230908e+02
1.284959770590230619e+02
1.048131670590231010e+02
1.237594150590230839e+02
1.032343130590230942e+02
1.127074370590230927e+02
1.127074370590230785e+02
1.063920210590230937e+02
1.174439990590230849e+02
1.174439990590230849e+02
1.190228530590230918e+02
1.111285830590230859e+02
1.142862910590230854e+02
1.332325390590230541e+02
1.000766050590230947e+02
9.849775105902308781e+01
1.095497290590230932e+02
1.284959770590230619e+02
1.221805610590230771e+02
9.849775105902305938e+01
1.048131670590231010e+02
1.127074370590230785e+02
1.237594150590230981e+02
1.111285830590230859e+02
1.221805610590230913e+02
9.849775105902308781e+01
1.142862910590230854e+02
1.063920210590230937e+02
1.095497290590230932e+02
1.174439990590230849e+02
1.142862910590230854e+02
1.332325390590230825e+02
1.174439990590230707e+02
1.095497290590230506e+02
1.063920210590230795e+02
1.237594150590230697e+02
1.158651450590230922e+02
1.174439990590230991e+02
1.063920210590230795e+02
1.158651450590230780e+02
1.174439990590230707e+02
1.158651450590230780e+02
1.095497290590230932e+02
1.253382690590230908e+02
1.237594150590230839e+02
1.348113930590230893e+02
1.063920210590230795e+02
1.221805610590230913e+02
8.586691905902308974e+01
1.206017070590230844e+02
1.079708750590230721e+02
9.376118905902306722e+01
1.237594150590230981e+02
1.079708750590230721e+02
1.411268090590230599e+02
1.316536850590230756e+02
1.111285830590230859e+02
1.127074370590230785e+02
1.316536850590230756e+02
1.063920210590230795e+02
1.174439990590230849e+02
1.284959770590230903e+02
1.127074370590230785e+02
1.206017070590230702e+02
1.111285830590230859e+02
9.691889705902308094e+01
1.063920210590230937e+02
1.127074370590230927e+02
1.221805610590230771e+02
1.063920210590230795e+02
1.127074370590230927e+02
1.048131670590231010e+02
1.332325390590230825e+02
1.016554590590230589e+02
1.221805610590230629e+02
1.190228530590230918e+02
1.127074370590230927e+02
1.142862910590230854e+02
8.902462705902306084e+01
1.206017070590230986e+02
1.016554590590230589e+02
1.284959770590230619e+02
1.048131670590230868e+02
9.376118905902308143e+01
1.063920210590230795e+02
1.000766050590230805e+02
9.376118905902306722e+01
1.048131670590230726e+02
9.534004305902308829e+01
9.691889705902308094e+01
1.032343130590230800e+02
1.174439990590230849e+02
1.348113930590230609e+02
1.174439990590230849e+02
9.218233505902308877e+01
1.174439990590230849e+02
1.142862910590230712e+02
1.237594150590230839e+02
1.427056630590230952e+02
1.048131670590230726e+02
1.127074370590230927e+02
1.142862910590230996e+02
1.158651450590230780e+02
1.300748310590230972e+02
1.111285830590230717e+02
1.284959770590230619e+02
1.284959770590230903e+02
1.253382690590230624e+02
1.190228530590230918e+02
1.237594150590230697e+02
1.000766050590230805e+02
1.221805610590230913e+02
1.079708750590230864e+02
1.158651450590230638e+02
1.221805610590230913e+02
1.032343130590230942e+02
1.158651450590230922e+02
1.348113930590230893e+02
1.237594150590230839e+02
1.142862910590230712e+02
1.221805610590230771e+02
1.316536850590230756e+02
1.395479550590230815e+02
1.458633710590230805e+02
1.079708750590231006e+02
1.332325390590230825e+02
1.221805610590230913e+02
1.079708750590230864e+02
1.221805610590230771e+02
1.048131670590230584e+02
1.284959770590230619e+02
1.284959770590230619e+02
1.442845170590230737e+02
1.269171230590230834e+02
1.316536850590230756e+02
1.190228530590230775e+02
1.537576410590230580e+02
1.348113930590230893e+02
1.221805610590230629e+02
1.221805610590230629e+02
1.269171230590230692e+02
1.284959770590230619e+02
1.237594150590230839e+02
1.237594150590230697e+02
1.348113930590230893e+02
1.174439990590230849e+02
1.221805610590230771e+02
1.174439990590230707e+02
1.174439990590230849e+02
1.411268090590230599e+02
1.253382690590230908e+02
1.300748310590230972e+02
1.253382690590230624e+02
1.253382690590230766e+02
1.111285830590230717e+02
1.300748310590230687e+02
1.363902470590230678e+02
1.411268090590230884e+02
1.253382690590230766e+02
1.158651450590230496e+02
1.190228530590230918e+02
1.284959770590230903e+02
1.174439990590230991e+02
1.079708750590230864e+02
1.253382690590230624e+02
1.316536850590230756e+02
1.190228530590230918e+02
1.095497290590230790e+02
1.111285830590230574e+02
1.300748310590230687e+02
1.063920210590230795e+02
1.190228530590230918e+02
1.253382690590230766e+02
1.206017070590230702e+02
1.316536850590230756e+02
1.158651450590230780e+02
1.095497290590230790e+02
1.269171230590230692e+02
1.142862910590230854e+02
1.316536850590230756e+02
1.253382690590230766e+02
1.095497290590230790e+02
1.158651450590230780e+02
1.332325390590230825e+02
1.016554590590230731e+02
1.269171230590230834e+02
1.284959770590230619e+02
1.253382690590230908e+02
1.174439990590230707e+02
1.348113930590230609e+02
1.174439990590230849e+02
1.363902470590230678e+02
1.474422250590230590e+02
1.111285830590230859e+02
1.332325390590230541e+02
1.253382690590230908e+02
1.237594150590230839e+02
1.206017070590230844e+02
1.269171230590230692e+02
1.095497290590230648e+02
1.269171230590230692e+02
1.142862910590230996e+02
1.142862910590230854e+02
1.079708750590231006e+02
1.190228530590230918e+02
1.237594150590230839e+02
9.534004305902308829e+01
1.237594150590230697e+02
1.206017070590230702e+02
9.218233505902308877e+01
9.849775105902307359e+01
1.221805610590230771e+02
1.253382690590230908e+02
1.332325390590230541e+02
1.048131670590230868e+02
1.284959770590230903e+02
1.174439990590230849e+02
1.206017070590230986e+02
9.691889705902308094e+01
1.237594150590230839e+02
1.206017070590230844e+02
1.316536850590230756e+02
1.142862910590230712e+02
1.190228530590230775e+02
1.048131670590230868e+02
1.206017070590230702e+02
1.048131670590230868e+02
1.142862910590230996e+02
1.237594150590230839e+02
1.221805610590230771e+02
1.206017070590230702e+02
1.190228530590230918e+02
1.000766050590230805e+02
1.190228530590230775e+02
1.206017070590230702e+02
1.127074370590230785e+02
1.142862910590230996e+02
1.190228530590230775e+02
1.095497290590230790e+02
1.237594150590230839e+02
1.032343130590230942e+02
1.079708750590230579e+02
1.095497290590230790e+02
1.158651450590230922e+02
1.095497290590230790e+02
1.048131670590230726e+02
1.348113930590230609e+02
1.158651450590230922e+02
1.127074370590230785e+02
1.284959770590230619e+02
1.158651450590230780e+02
1.127074370590230785e+02
1.221805610590230771e+02
1.316536850590230756e+02
1.111285830590230859e+02
1.253382690590230766e+02
9.691889705902308094e+01
1.221805610590230771e+02
1.000766050590230662e+02
1.284959770590230619e+02
1.206017070590230844e+02
1.253382690590230908e+02
1.442845170590230737e+02
9.691889705902308094e+01
1.095497290590230648e+02
1.269171230590230834e+02
1.079708750590230864e+02
1.332325390590230541e+02
1.095497290590230932e+02
1.095497290590230790e+02
1.142862910590230712e+02
1.127074370590230785e+02
1.411268090590230599e+02
1.316536850590230756e+02
1.095497290590230790e+02
1.142862910590230854e+02
1.221805610590230629e+02
1.111285830590230717e+02
1.095497290590230932e+02
1.237594150590230839e+02
1.332325390590230541e+02
1.316536850590230756e+02
1.300748310590230972e+02
1.395479550590230815e+02
1.427056630590230668e+02
1.206017070590230560e+02
1.127074370590230927e+02
1.411268090590230599e+02
1.284959770590230903e+02
1.190228530590230918e+02
1.000766050590230805e+02
1.300748310590230687e+02
1.142862910590230854e+02
1.190228530590230918e+02
1.158651450590230638e+02
1.284959770590230619e+02
1.221805610590230771e+02
1.253382690590230766e+02
1.442845170590230737e+02
1.174439990590230849e+02
1.048131670590230868e+02
1.474422250590230874e+02
1.348113930590230609e+02
1.411268090590230884e+02
1.095497290590230648e+02
1.332325390590230825e+02
1.221805610590230486e+02
1.158651450590230922e+02
1.363902470590230678e+02
1.269171230590230834e+02
1.395479550590230815e+02
1.111285830590230717e+02
1.237594150590230839e+02
1.111285830590230717e+02
1.379691010590230746e+02
1.395479550590230815e+02
1.221805610590230771e+02
1.237594150590230839e+02
1.206017070590230844e+02
1.284959770590230619e+02
1.048131670590230726e+02
1.158651450590230922e+02
1.269171230590230692e+02
1.079708750590230864e+02
1.048131670590230584e+02
1.079708750590230579e+02
1.332325390590230825e+02
1.316536850590230756e+02
1.458633710590230805e+02
1.206017070590230844e+02
1.237594150590230839e+02
1.316536850590230756e+02
1.221805610590230771e+02
1.142862910590230854e+02
1.316536850590230756e+02
1.237594150590230981e+02
1.221805610590230771e+02
1.237594150590230839e+02
1.300748310590230687e+02
1.095497290590230790e+02
1.379691010590231031e+02
1.300748310590230687e+02
1.332325390590230825e+02
1.206017070590230844e+02
1.284959770590230619e+02
1.316536850590230756e+02
1.111285830590230859e+02
1.174439990590230707e+02
1.206017070590230844e+02
1.237594150590230697e+02
1.206017070590230844e+02
1.190228530590230918e+02
1.174439990590230849e+02
1.300748310590230687e+02
1.458633710590230805e+02
1.079708750590230864e+02
1.490210790590230658e+02
1.174439990590230707e+02
1.458633710590230805e+02
1.490210790590230658e+02
1.221805610590230771e+02
1.206017070590230844e+02
1.237594150590230839e+02
1.600730570590230855e+02
1.269171230590230977e+02
1.300748310590230687e+02
1.300748310590230972e+02
1.221805610590230629e+02
1.348113930590230609e+02
1.316536850590230756e+02
1.395479550590230815e+02
1.237594150590230839e+02
1.316536850590230756e+02
8.586691905902306132e+01
1.363902470590230678e+02
1.458633710590230521e+02
1.284959770590230619e+02
1.158651450590230780e+02
1.269171230590230834e+02
1.348113930590230893e+02
1.190228530590230775e+02
1.332325390590230541e+02
1.190228530590230775e+02
1.190228530590230775e+02
1.237594150590230697e+02
1.190228530590230918e+02
1.505999330590230727e+02
1.237594150590230981e+02
1.253382690590230766e+02
1.332325390590230541e+02
1.221805610590230771e+02
1.127074370590230785e+02
1.127074370590230785e+02
1.190228530590230633e+02
1.142862910590230712e+02
1.048131670590230584e+02
1.221805610590230629e+02
1.395479550590230815e+02
1.316536850590230756e+02
1.174439990590230707e+02
1.206017070590230702e+02
1.111285830590230859e+02
1.379691010590230462e+02
1.174439990590230707e+02
1.253382690590230766e+02
1.221805610590230629e+02
1.363902470590230678e+02
1.221805610590230771e+02
1.395479550590230815e+02
1.458633710590230805e+02
1.332325390590230541e+02
1.332325390590230541e+02
1.363902470590230678e+02
1.269171230590230550e+02
1.348113930590230893e+02
1.300748310590230687e+02
1.079708750590230721e+02
1.348113930590230609e+02
1.190228530590230918e+02
1.190228530590230775e+02
1.016554590590230873e+02
1.332325390590230825e+02
1.474422250590230874e+02
1.395479550590230815e+02
1.095497290590230932e+02
1.221805610590230629e+02
1.363902470590230678e+02
1.363902470590230678e+02
1.300748310590230972e+02
1.363902470590230678e+02
1.206017070590230702e+02
1.332325390590230541e+02
1.348113930590230893e+02
8.270921105902307602e+01
1.300748310590230687e+02
1.237594150590230697e+02
1.253382690590230766e+02
1.284959770590230619e+02
1.190228530590230918e+02
1.237594150590230697e+02
1.048131670590230868e+02
1.221805610590230629e+02
1.253382690590230766e+02
1.300748310590230972e+02
1.174439990590230707e+02
1.363902470590230678e+02
1.269171230590230834e+02
1.284959770590230619e+02
1.253382690590230766e+02
1.142862910590230712e+02
1.142862910590230996e+02
1.269171230590230692e+02
1.411268090590230599e+02
1.142862910590230570e+02
1.095497290590230790e+02
1.300748310590230687e+02
1.079708750590230579e+02
1.253382690590230624e+02
1.269171230590230834e+02
1.316536850590230756e+02
1.284959770590230619e+02
1.127074370590230927e+02
1.458633710590230521e+02
1.269171230590230834e+02
1.379691010590230746e+02
1.284959770590230903e+02
1.111285830590231001e+02
1.237594150590230697e+02
1.316536850590230756e+02
1.142862910590230570e+02
1.190228530590230918e+02
1.348113930590230893e+02
1.269171230590230977e+02
1.048131670590230726e+02
1.174439990590230849e+02
1.300748310590230972e+02
1.411268090590230599e+02
1.142862910590230996e+02
1.363902470590230678e+02
1.174439990590230707e+02
1.505999330590230727e+02
1.284959770590230619e+02
1.206017070590230986e+02
1.190228530590230491e+02
1.048131670590231010e+02
1.300748310590230687e+02
1.111285830590230717e+02
1.284959770590230619e+02
1.411268090590230599e+02
1.332325390590230541e+02
1.127074370590230643e+02
1.190228530590230775e+02
1.284959770590230619e+02
1.127074370590230501e+02
1.158651450590230922e+02
1.237594150590230697e+02
1.174439990590230849e+02
1.095497290590230932e+02
1.521787870590230796e+02
1.206017070590230844e+02
1.142862910590230570e+02
1.379691010590230746e+02
1.284959770590230619e+02
1.300748310590230687e+02
1.316536850590230756e+02
1.300748310590230972e+02
1.127074370590230785e+02
1.206017070590230844e+02
1.427056630590230668e+02
1.221805610590230771e+02
1.158651450590230638e+02
1.158651450590230638e+02
1.300748310590230972e+02
1.348113930590230893e+02
1.379691010590230746e+02
1.158651450590230780e+02
1.300748310590230972e+02
1.332325390590230541e+02
1.253382690590230624e+02
1.206017070590230560e+02
1.269171230590230692e+02
1.474422250590230590e+02
1.348113930590230609e+02
1.363902470590230678e+02
1.079708750590230579e+02
1.174439990590230565e+02
1.616519110590230639e+02
1.221805610590230629e+02
1.490210790590230658e+02
1.442845170590230737e+02
1.316536850590230756e+02
1.348113930590230893e+02
1.237594150590230697e+02
1.332325390590230541e+02
1.206017070590230702e+02
1.190228530590230775e+02
1.237594150590230839e+02
1.269171230590230834e+02
1.442845170590230737e+02
1.427056630590230668e+02
1.427056630590230668e+02
1.300748310590230687e+02
1.348113930590230609e+02
1.395479550590230815e+02
1.411268090590230884e+02
1.284959770590230619e+02
1.174439990590230707e+02
1.221805610590230629e+02
1.269171230590230692e+02
1.284959770590230619e+02
1.300748310590230687e+02
1.174439990590230707e+02
1.237594150590230839e+02
1.363902470590230678e+02
1.427056630590230952e+02
1.158651450590230780e+02
1.332325390590230825e+02
1.284959770590230619e+02
1.221805610590230771e+02
1.348113930590230609e+02
1.284959770590230619e+02
1.363902470590230678e+02
1.332325390590230541e+02
1.363902470590230678e+02
1.111285830590230859e+02
1.600730570590230855e+02
1.300748310590230687e+02
1.427056630590230952e+02
1.221805610590230771e+02
1.269171230590230550e+02
1.427056630590230668e+02
1.316536850590230756e+02
1.411268090590230884e+02
1.284959770590230619e+02
1.584942030590230502e+02
1.206017070590230844e+02
1.221805610590230771e+02
1.158651450590230780e+02
1.206017070590230844e+02
1.363902470590230678e+02
1.190228530590230633e+02
1.300748310590230972e+02
1.411268090590230884e+02
1.363902470590230678e+02
1.269171230590230550e+02
1.284959770590230619e+02
1.458633710590230521e+02
1.253382690590230624e+02
1.221805610590230913e+02
1.553364950590230933e+02
1.505999330590231011e+02
1.142862910590230570e+02
1.300748310590230687e+02
1.221805610590230771e+02
1.190228530590230775e+02
1.505999330590230727e+02
1.269171230590230550e+02
1.284959770590230619e+02
1.300748310590230687e+02
1.190228530590230775e+02
1.505999330590231011e+02
1.221805610590230913e+02
1.300748310590230972e+02
1.016554590590230731e+02
1.237594150590230697e+02
1.142862910590230570e+02
1.300748310590230972e+02
1.427056630590230952e+02
1.190228530590230491e+02
1.316536850590230756e+02
1.221805610590230629e+02
1.490210790590230658e+02
1.237594150590230839e+02
1.521787870590230796e+02
1.363902470590230678e+02
1.348113930590230609e+02
1.253382690590230766e+02
1.269171230590230834e+02
1.474422250590230874e+02
1.237594150590230839e+02
1.206017070590230844e+02
1.395479550590230815e+02
1.474422250590230874e+02
1.316536850590230756e+02
1.505999330590231011e+02
1.521787870590230796e+02
1.332325390590230825e+02
1.348113930590230893e+02
1.206017070590230702e+02
1.427056630590230952e+02
1.174439990590230707e+02
1.521787870590230796e+02
1.474422250590230590e+02
1.427056630590230952e+02
1.316536850590230756e+02
1.363902470590230678e+02
1.332325390590230541e+02
1.300748310590230687e+02
1.221805610590230771e+02
1.363902470590230678e+02
1.206017070590230702e+02
1.458633710590230805e+02
1.127074370590230501e+02
1.379691010590231031e+02
1.442845170590230737e+02
1.379691010590230462e+02
1.174439990590230707e+02
1.348113930590230893e+02
1.442845170590230737e+02
1.127074370590230927e+02
1.379691010590230746e+02
1.158651450590230922e+02
1.505999330590230727e+02
1.284959770590230619e+02
1.095497290590230648e+02
1.158651450590230922e+02
1.332325390590230541e+02
1.411268090590230599e+02
1.411268090590230599e+02
1.363902470590230678e+02
1.221805610590230629e+02
1.332325390590230825e+02
1.332325390590230541e+02
1.269171230590230834e+02
1.427056630590230668e+02
1.348113930590230893e+02
1.553364950590230933e+02
1.221805610590230913e+02
1.269171230590230834e+02
1.269171230590230977e+02
1.142862910590230712e+02
1.411268090590230884e+02
1.190228530590230775e+02
1.411268090590230599e+02
1.348113930590230893e+02
1.253382690590230624e+02
1.237594150590230839e+02
1.190228530590230918e+02
1.316536850590230756e+02
1.174439990590230707e+02
1.158651450590230496e+02
1.221805610590230913e+02
1.300748310590230687e+02
1.316536850590230756e+02
1.316536850590230756e+02
1.300748310590230687e+02
1.237594150590230697e+02
1.395479550590230815e+02
1.000766050590230805e+02
1.348113930590230609e+02
1.363902470590230678e+02
1.221805610590230913e+02
1.474422250590230874e+02
1.190228530590230633e+02
1.427056630590230952e+02
1.127074370590230785e+02
1.300748310590230687e+02
1.253382690590230624e+02
1.411268090590230884e+02
1.095497290590230932e+02
1.332325390590230825e+02
1.458633710590230521e+02
1.332325390590230541e+02
1.363902470590230678e+02
1.379691010590230746e+02
1.269171230590230692e+02
1.332325390590230825e+02
1.237594150590230697e+02
1.079708750590230864e+02
1.221805610590230629e+02
1.395479550590230815e+02
1.142862910590230854e+02
1.379691010590230462e+02
1.206017070590230560e+02
1.505999330590230727e+02
1.253382690590230766e+02
1.316536850590230756e+02
1.284959770590230619e+02
1.190228530590230775e+02
1.363902470590230678e+02
1.411268090590230599e+02
1.174439990590230849e+02
1.237594150590230697e+02
1.095497290590230648e+02
1.316536850590230756e+02
1.474422250590230874e+02
1.316536850590230756e+02
1.316536850590230756e+02
1.221805610590230629e+02
1.363902470590230678e+02
1.206017070590230702e+02
1.458633710590230521e+02
1.190228530590230491e+02
1.284959770590230619e+02
1.111285830590230717e+02
1.411268090590230599e+02
1.221805610590230629e+02
1.458633710590230521e+02
1.284959770590230619e+02
1.095497290590230790e+02
1.332325390590230825e+02
1.427056630590230668e+02
1.332325390590230541e+02
1.237594150590230697e+02
1.316536850590230756e+02
1.427056630590230952e+02
1.553364950590230649e+02
1.300748310590230687e+02
1.237594150590230839e+02
1.395479550590230815e+02
1.284959770590230619e+02
1.348113930590230893e+02
1.142862910590230712e+02
1.221805610590230629e+02
1.284959770590230619e+02
1.300748310590230687e+02
1.379691010590230746e+02
1.142862910590230570e+02
1.395479550590230815e+02
1.190228530590230775e+02
1.427056630590230668e+02
1.221805610590230629e+02
1.300748310590230972e+02
1.332325390590230541e+02
1.300748310590230687e+02
1.206017070590230560e+02
1.221805610590230629e+02
1.458633710590230521e+02
1.237594150590230555e+02
1.363902470590230678e+02
1.253382690590230766e+02
1.221805610590230771e+02
1.521787870590230796e+02
1.174439990590230707e+02
1.363902470590230678e+02
1.142862910590230570e+02
1.284959770590230619e+02
1.348113930590230609e+02
1.237594150590230697e+02
1.348113930590230609e+02
1.379691010590230746e+02
1.316536850590230756e+02
1.458633710590230805e+02
1.348113930590230893e+02
1.174439990590230707e+02
1.427056630590230668e+02
1.379691010590231031e+02
1.221805610590230771e+02
1.348113930590230893e+02
1.221805610590230913e+02
1.379691010590231031e+02
1.158651450590230638e+02
1.553364950590230933e+02
1.206017070590230702e+02
1.395479550590230815e+02
1.237594150590230697e+02
1.269171230590230550e+02
1.158651450590230638e+02
1.316536850590230756e+02
1.237594150590230697e+02
1.142862910590230854e+02
1.095497290590230648e+02
1.048131670590230868e+02
1.269171230590230692e+02
1.411268090590230884e+02
1.190228530590230775e+02
1.458633710590230805e+02
1.237594150590230697e+02
1.284959770590230619e+02
1.206017070590230702e+02
1.442845170590230737e+02
1.442845170590230737e+02
1.316536850590230756e+02
1.300748310590230687e+02
1.316536850590230756e+02
1.221805610590230771e+02
1.284959770590230619e+02
1.221805610590230629e+02
1.206017070590230844e+02
1.174439990590230707e+02
1.363902470590230678e+02
1.158651450590230922e+02
1.063920210590230511e+02
1.379691010590231031e+02
1.284959770590230903e+02
1.142862910590230854e+02
1.237594150590230697e+02
1.442845170590230737e+02
1.300748310590230687e+02
1.190228530590230633e+02
1.348113930590230893e+02
1.253382690590230624e+02
1.237594150590230697e+02
1.411268090590230599e+02
1.348113930590230893e+02
1.237594150590230697e+02
1.174439990590230707e+02
1.142862910590230712e+02
1.316536850590230756e+02
1.395479550590230815e+02
1.427056630590230952e+02
1.411268090590230599e+02
1.316536850590230756e+02
1.190228530590230633e+02
1.221805610590230629e+02
1.332325390590230541e+02
1.048131670590230868e+02
1.284959770590230619e+02
1.553364950590230649e+02
1.190228530590230918e+02
1.490210790590230658e+02
1.316536850590230756e+02
1.206017070590230702e+02
1.237594150590230839e+02
1.079708750590230579e+02
1.221805610590230629e+02
1.427056630590230952e+02
1.221805610590230629e+02
1.332325390590230541e+02
1.316536850590230756e+02
1.142862910590230570e+02
1.221805610590230771e+02
1.253382690590230624e+02
1.269171230590230692e+02
1.284959770590230619e+02
1.237594150590230697e+02
1.363902470590230678e+02
1.269171230590230834e+02
1.253382690590230624e+02
1.332325390590230541e+02
1.458633710590230805e+02
1.363902470590230678e+02
1.379691010590231031e+02
1.269171230590230834e+02
1.221805610590230771e+02
1.269171230590230550e+02
1.427056630590230668e+02
1.348113930590230893e+02
1.300748310590230972e+02
1.490210790590230658e+02
1.316536850590230756e+02
1.379691010590231031e+02
1.269171230590230834e+02
1.221805610590230913e+02
1.363902470590230678e+02
1.000766050590230805e+02
1.253382690590230908e+02
1.316536850590230756e+02
1.300748310590230972e+02
1.206017070590230844e+02
1.332325390590230825e+02
1.142862910590230570e+02
1.474422250590230874e+02
1.300748310590230972e+02
1.300748310590230972e+02
1.253382690590230766e+02
1.221805610590230913e+02
1.427056630590230952e+02
1.348113930590230893e+02
1.237594150590230697e+02
1.300748310590230687e+02
1.079708750590230721e+02
1.316536850590230756e+02
1.284959770590230619e+02
1.379691010590230462e+02
1.237594150590230697e+02
1.332325390590230541e+02
1.269171230590230692e+02
1.284959770590230903e+02
1.063920210590230795e+02
1.190228530590230918e+02
1.063920210590230653e+02
1.206017070590230702e+02
1.348113930590230609e+02
1.016554590590230731e+02
1.253382690590230908e+02
1.000766050590230662e+02
1.269171230590230692e+02
1.206017070590230560e+02
1.190228530590230775e+02
1.490210790590230658e+02
1.237594150590230555e+02
1.316536850590230756e+02
1.379691010590230462e+02
1.253382690590230766e+02
1.363902470590230678e+02
1.253382690590230766e+02
1.142862910590230712e+02
1.174439990590230707e+02
1.411268090590230884e+02
1.363902470590230678e+02
1.284959770590230619e+02
1.316536850590230756e+02
1.206017070590230702e+02
1.269171230590230550e+02
1.221805610590230771e+02
1.253382690590230766e+02
1.206017070590230702e+02
1.316536850590230756e+02
1.284959770590230619e+02
1.253382690590230624e+02
1.411268090590230599e+02
1.237594150590230839e+02
1.158651450590230496e+02
1.237594150590230697e+02
1.348113930590230893e+02
1.363902470590230678e+02
1.269171230590230692e+02
1.490210790590230658e+02
1.269171230590230834e+02
1.332325390590230541e+02
1.269171230590230692e+02
1.427056630590230952e+02
1.505999330590230727e+02
1.379691010590230746e+02
1.474422250590230874e+02
1.221805610590230771e+02
1.458633710590230805e+02
1.221805610590230629e+02
1.237594150590230697e+02
1.300748310590230972e+02
1.221805610590230913e+02
1.174439990590230565e+02
1.095497290590230932e+02
1.253382690590230908e+02
1.174439990590230565e+02
1.348113930590230893e+02
1.300748310590230687e+02
1.316536850590230756e+02
1.300748310590230687e+02
1.127074370590230785e+02
1.253382690590230766e+02
1.190228530590230633e+02
1.253382690590230624e+02
1.284959770590230619e+02
1.253382690590230908e+02
1.237594150590230555e+02
1.253382690590230766e+02
1.206017070590230702e+02
1.142862910590230712e+02
1.190228530590230633e+02
1.363902470590230678e+02
1.411268090590230599e+02
1.332325390590230541e+02
1.300748310590230972e+02
1.158651450590230638e+02
1.253382690590230766e+02
1.379691010590230746e+02
1.379691010590230746e+02
1.095497290590230648e+02
1.221805610590230486e+02
1.316536850590230756e+02
1.332325390590230825e+02
1.300748310590230687e+02
1.269171230590230692e+02
1.190228530590230918e+02
1.569153490590230717e+02
1.442845170590230737e+02
1.174439990590230565e+02
1.269171230590230834e+02
1.206017070590230702e+02
1.348113930590230893e+02
1.174439990590230707e+02
1.127074370590230785e+02
1.395479550590230815e+02
1.332325390590230541e+02
1.158651450590230638e+02
1.316536850590230756e+02
1.206017070590230560e+02
1.348113930590230893e+02
1.411268090590230599e+02
1.269171230590230692e+02
1.427056630590230668e+02
1.269171230590230550e+02
1.379691010590231031e+02
1.379691010590230746e+02
1.411268090590230599e+02
1.253382690590230482e+02
1.332325390590230541e+02
1.174439990590230707e+02
1.174439990590230707e+02
1.253382690590230766e+02
1.079708750590230721e+02
1.348113930590230609e+02
1.348113930590230325e+02
1.379691010590230462e+02
1.300748310590230687e+02
1.284959770590230619e+02
1.316536850590230756e+02
1.174439990590230707e+02
1.284959770590230619e+02
1.221805610590230771e+02
1.411268090590230599e+02
1.237594150590230555e+02
1.316536850590230756e+02
1.237594150590230697e+02
1.284959770590230619e+02
1.237594150590230839e+02
1.190228530590230775e+02
1.316536850590230756e+02
1.300748310590230687e+02
1.174439990590230565e+02
1.363902470590230678e+02
1.284959770590230619e+02
1.316536850590230756e+02
1.269171230590230692e+02
1.395479550590230815e+02
1.427056630590230668e+02
1.348113930590230609e+02
1.269171230590230550e+02
1.221805610590230771e+02
1.395479550590230815e+02
1.237594150590230697e+02
1.316536850590230756e+02
1.300748310590230687e+02
1.253382690590230766e+02
1.300748310590230687e+02
1.079708750590230721e+02
1.284959770590230619e+02
1.395479550590230815e+02
1.221805610590230913e+02
1.284959770590230619e+02
1.079708750590230864e+02
1.363902470590230678e+02
1.206017070590230702e+02
1.206017070590230702e+02
1.111285830590230574e+02
1.348113930590230893e+02
1.474422250590230874e+02
1.206017070590230702e+02
1.490210790590230658e+02
1.442845170590230737e+02
1.427056630590230952e+02
1.111285830590230574e+02
1.458633710590230521e+02
1.048131670590230726e+02
1.300748310590230403e+02
1.348113930590230893e+02
1.348113930590230893e+02
1.395479550590230815e+02
1.300748310590230687e+02
1.490210790590230658e+02
1.237594150590230555e+02
1.348113930590230893e+02
1.395479550590230815e+02
1.474422250590230874e+02
1.427056630590230384e+02
1.221805610590230629e+02
1.300748310590230687e+02
1.284959770590230903e+02
1.079708750590230721e+02
1.269171230590230692e+02
1.474422250590230874e+02
1.427056630590230952e+02
1.395479550590230815e+02
1.348113930590230893e+02
1.284959770590230619e+02
1.411268090590230884e+02
1.332325390590230825e+02
1.411268090590230599e+02
1.474422250590230874e+02
1.332325390590230541e+02
1.427056630590230668e+02
1.332325390590230541e+02
1.505999330590230727e+02
1.363902470590230678e+02
1.363902470590230678e+02
1.206017070590230702e+02
1.458633710590230805e+02
1.537576410590230580e+02
1.490210790590230658e+02
1.427056630590230952e+02
1.348113930590230609e+02
1.505999330590231011e+02
1.505999330590230727e+02
1.490210790590230658e+02
1.537576410590230580e+02
1.427056630590230668e+02
1.521787870590230511e+02
1.379691010590230746e+02
1.411268090590230599e+02
1.284959770590230903e+02
1.458633710590230805e+02
1.237594150590230697e+02
1.458633710590230521e+02
1.316536850590230756e+02
1.379691010590230746e+02
1.427056630590230668e+02
1.316536850590230472e+02
1.379691010590230746e+02
1.427056630590230952e+02
1.537576410590230580e+02
1.474422250590230874e+02
1.300748310590230687e+02
1.458633710590230521e+02
1.490210790590230658e+02
1.474422250590230874e+02
1.063920210590230653e+02
1.379691010590230746e+02
1.316536850590230756e+02
1.395479550590230531e+02
1.300748310590230972e+02
1.095497290590230790e+02
1.553364950590230649e+02
1.206017070590230560e+02
1.490210790590230658e+02
1.174439990590230565e+02
1.348113930590230609e+02
1.490210790590230658e+02
1.221805610590230486e+02
1.316536850590230756e+02
1.111285830590230717e+02
1.632307650590230992e+02
1.316536850590230756e+02
1.237594150590230697e+02
1.206017070590230702e+02
1.269171230590230692e+02
1.142862910590230712e+02
1.363902470590230678e+02
1.300748310590230687e+02
1.174439990590230707e+02
1.142862910590230712e+02
1.300748310590230972e+02
1.221805610590230629e+02
1.316536850590230756e+02
1.190228530590230633e+02
1.379691010590230746e+02
1.300748310590230687e+02
1.442845170590230737e+02
1.253382690590230624e+02
1.237594150590230697e+02
1.458633710590230805e+02
1.111285830590231001e+02
1.316536850590230756e+02
1.348113930590230893e+02
1.395479550590230815e+02
1.206017070590230560e+02
1.474422250590230590e+02
1.284959770590230619e+02
1.174439990590230565e+02
1.379691010590231031e+02
1.269171230590230692e+02
1.411268090590230599e+02
1.221805610590230913e+02
1.237594150590230697e+02
1.300748310590230687e+02
1.269171230590230550e+02
1.442845170590230737e+02
1.127074370590230785e+02
1.600730570590230286e+02
1.063920210590230653e+02
1.411268090590230599e+02
1.316536850590230756e+02
1.411268090590230884e+02
1.616519110590230639e+02
1.237594150590230697e+02
1.284959770590230619e+02
1.379691010590230462e+02
1.379691010590230462e+02
1.395479550590230815e+02
1.379691010590230462e+02
1.332325390590230541e+02
1.269171230590230834e+02
1.442845170590230737e+02
1.300748310590230687e+02
1.300748310590230687e+02
1.332325390590230541e+02
1.174439990590230707e+02
1.316536850590230472e+02
1.284959770590230619e+02
1.237594150590230697e+02
1.332325390590230825e+02
1.442845170590230737e+02
1.348113930590230893e+02
1.300748310590230687e+02
1.332325390590230541e+02
1.284959770590230619e+02
1.284959770590230619e+02
1.174439990590230565e+02
1.300748310590230687e+02
1.237594150590230697e+02
1.300748310590230687e+02
1.348113930590230609e+02
1.206017070590230560e+02
1.379691010590230746e+02
1.253382690590230908e+02
1.253382690590230482e+02
1.269171230590230692e+02
1.458633710590230805e+02
1.158651450590230496e+02
1.300748310590230972e+02
1.505999330590231011e+02
1.269171230590230692e+02
1.442845170590230168e+02
1.127074370590230927e+02
1.269171230590230550e+02
1.269171230590230692e+02
1.127074370590230643e+02
1.142862910590230854e+02
1.474422250590230874e+02
1.427056630590230952e+02
1.284959770590230903e+02
1.363902470590230678e+02
1.253382690590230766e+02
1.300748310590230972e+02
1.379691010590230462e+02
1.284959770590230619e+02
1.190228530590230633e+02
1.474422250590230874e+02
1.490210790590230658e+02
1.111285830590230574e+02
1.490210790590230658e+02
1.332325390590230541e+02
1.411268090590230599e+02
1.348113930590230893e+02
1.300748310590230972e+02
1.363902470590230678e+02
1.363902470590230678e+02
1.521787870590230796e+02
1.505999330590230727e+02
1.442845170590230737e+02
9.849775105902307359e+01
1.253382690590230766e+02
1.363902470590230678e+02
1.348113930590230893e+02
1.063920210590230511e+02
1.269171230590230550e+02
1.521787870590230796e+02
1.206017070590230702e+02
1.490210790590230943e+02
1.300748310590230687e+02
1.237594150590230697e+02
1.284959770590230619e+02
1.221805610590230771e+02
1.316536850590230756e+02
1.190228530590230491e+02
1.174439990590230565e+02
1.269171230590230550e+02
1.332325390590230825e+02
1.379691010590230462e+02
1.379691010590231031e+02
1.111285830590230717e+02
1.127074370590230785e+02
1.348113930590230893e+02
1.158651450590230780e+02
1.363902470590230678e+02
1.253382690590230482e+02
1.316536850590230756e+02
1.505999330590230443e+02
1.411268090590230599e+02
1.348113930590230893e+02
1.269171230590230550e+02
1.190228530590230633e+02
1.442845170590230737e+02
1.284959770590230619e+02
1.363902470590230678e+02
1.411268090590230599e+02
1.663884730590230561e+02
1.442845170590230737e+02
1.458633710590230805e+02
1.569153490590230717e+02
1.206017070590230560e+02
1.363902470590230678e+02
1.221805610590230486e+02
1.316536850590230756e+02
1.442845170590230737e+02
1.158651450590230780e+02
1.363902470590230678e+02
1.427056630590230952e+02
1.300748310590230687e+02
1.395479550590230815e+02
1.442845170590230737e+02
1.427056630590230952e+02
1.332325390590230541e+02
1.427056630590230952e+02
1.379691010590230746e+02
1.237594150590230697e+02
1.063920210590230795e+02
1.458633710590230805e+02
1.269171230590230692e+02
1.363902470590230678e+02
1.363902470590230678e+02
1.490210790590230658e+02
1.221805610590230486e+02
1.442845170590230737e+02
1.316536850590230756e+02
1.300748310590230687e+02
1.190228530590230491e+02
1.221805610590230771e+02
1.600730570590230570e+02
1.379691010590230462e+02
1.316536850590230756e+02
1.284959770590230619e+02
1.300748310590230687e+02
1.379691010590230462e+02
1.237594150590230697e+02
1.127074370590230501e+02
1.253382690590230482e+02
1.284959770590230619e+02
1.253382690590230624e+02
1.237594150590230697e+02
1.221805610590230629e+02
1.332325390590230541e+02
1.600730570590230286e+02
1.348113930590230609e+02
1.379691010590230746e+02
1.490210790590230658e+02
1.379691010590230746e+02
1.584942030590230502e+02
1.395479550590230531e+02
1.663884730590230561e+02
1.316536850590230756e+02
1.269171230590230692e+02
1.206017070590230560e+02
1.316536850590230756e+02
1.474422250590230874e+02
1.442845170590230737e+02
1.206017070590230560e+02
1.300748310590230687e+02
1.363902470590230678e+02
1.221805610590230771e+02
1.458633710590230521e+02
1.284959770590230619e+02
1.269171230590230692e+02
1.695461810590230698e+02
1.379691010590230462e+02
1.537576410590230580e+02
1.348113930590230893e+02
1.584942030590230502e+02
1.490210790590230374e+02
1.395479550590230815e+02
1.600730570590230855e+02
1.648096190590230776e+02
1.569153490590230433e+02
1.253382690590230482e+02
1.269171230590230692e+02
1.474422250590230590e+02
1.442845170590230737e+02
1.553364950590230933e+02
1.553364950590230933e+02
1.490210790590230658e+02
1.537576410590230864e+02
1.363902470590230678e+02
1.427056630590230668e+02
1.395479550590230815e+02
1.190228530590230633e+02
1.395479550590230531e+02
1.332325390590230541e+02
1.411268090590230599e+02
1.442845170590230737e+02
1.332325390590230541e+02
1.537576410590230864e+02
1.442845170590230737e+02
1.363902470590230678e+02
1.253382690590230624e+02
1.237594150590230697e+02
1.584942030590230502e+02
1.505999330590230727e+02
1.316536850590230756e+02
1.316536850590230756e+02
1.474422250590230874e+02
1.300748310590230687e+02
1.379691010590230746e+02
1.190228530590230633e+02
1.490210790590230658e+02
1.490210790590230658e+02
1.505999330590230443e+02
1.521787870590230511e+02
1.348113930590230609e+02
1.253382690590230624e+02
1.458633710590230521e+02
1.269171230590230834e+02
1.537576410590230580e+02
1.395479550590230815e+02
1.206017070590230702e+02
1.237594150590230697e+02
1.505999330590230443e+02
1.363902470590230678e+02
1.490210790590230658e+02
1.348113930590230609e+02
1.553364950590230649e+02
1.490210790590230658e+02
1.221805610590230629e+02
1.190228530590230491e+02
1.411268090590230599e+02
1.269171230590230834e+02
1.363902470590230678e+02
1.458633710590230521e+02
1.411268090590230884e+02
1.269171230590230692e+02
1.379691010590230462e+02
1.221805610590230913e+02
1.269171230590230692e+02
1.458633710590230521e+02
1.379691010590230462e+02
1.474422250590230590e+02
1.332325390590230541e+02
1.411268090590230599e+02
1.269171230590230692e+02
1.458633710590230805e+02
1.411268090590230599e+02
1.395479550590230815e+02
1.490210790590230658e+02
1.284959770590230619e+02
1.411268090590230884e+02
1.300748310590230687e+02
1.300748310590230687e+02
1.442845170590230737e+02
1.363902470590230678e+02
1.553364950590230649e+02
1.427056630590230952e+02
1.095497290590230506e+02
1.332325390590230825e+02
1.411268090590230599e+02
1.300748310590230687e+02
1.458633710590230521e+02
1.395479550590230815e+02
1.332325390590230541e+02
1.521787870590230796e+02
1.174439990590230707e+02
1.427056630590230952e+02
1.221805610590230771e+02
1.316536850590230756e+02
1.300748310590230687e+02
1.300748310590230972e+02
1.237594150590230697e+02
1.379691010590230746e+02
1.237594150590230697e+02
1.269171230590230692e+02
1.411268090590230599e+02
1.269171230590230692e+02
1.269171230590230834e+02
1.442845170590230737e+02
1.174439990590230565e+02
1.442845170590230737e+02
1.411268090590230884e+02
1.316536850590230756e+02
1.316536850590230756e+02
1.363902470590230678e+02
1.300748310590230972e+02
1.269171230590230834e+02
1.427056630590230384e+02
1.300748310590230972e+02
1.427056630590230952e+02
1.332325390590230541e+02
1.284959770590230619e+02
1.300748310590230687e+02
1.427056630590230668e+02
1.237594150590230555e+02
1.379691010590230746e+02
1.584942030590230786e+02
1.316536850590230756e+02
1.442845170590230737e+02
1.174439990590230707e+02
1.474422250590230590e+02
1.300748310590230687e+02
1.395479550590230815e+02
1.206017070590230560e+02
1.253382690590230766e+02
1.427056630590230952e+02
1.111285830590230574e+02
1.253382690590230624e+02
1.300748310590230687e+02
1.332325390590230541e+02
1.490210790590230658e+02
1.427056630590230668e+02
1.379691010590230462e+02
1.348113930590230609e+02
1.474422250590230590e+02
1.269171230590230692e+02
1.032343130590230516e+02
1.632307650590230708e+02
1.269171230590230550e+02
1.442845170590230737e+02
1.427056630590230668e+02
1.221805610590230629e+02
1.348113930590230609e+02
1.363902470590230678e+02
1.442845170590230737e+02
1.427056630590230668e+02
1.300748310590230687e+02
1.363902470590230678e+02
1.458633710590230521e+02
1.490210790590230658e+02
1.190228530590230633e+02
1.395479550590230531e+02
1.474422250590230590e+02
1.411268090590230599e+02
1.300748310590230403e+02
1.474422250590230874e+02
1.379691010590230746e+02
1.395479550590230531e+02
1.395479550590230815e+02
1.442845170590230737e+02
1.474422250590230874e+02
1.379691010590230462e+02
1.237594150590230555e+02
1.490210790590230658e+02
1.363902470590230678e+02
1.395479550590230815e+02
1.237594150590230555e+02
1.442845170590230737e+02
1.269171230590230692e+02
1.490210790590230658e+02
1.206017070590230560e+02
1.379691010590230746e+02
1.237594150590230555e+02
1.411268090590230599e+02
1.316536850590230756e+02
1.284959770590230619e+02
1.253382690590230624e+02
1.490210790590230658e+02
1.537576410590230580e+02
1.300748310590230687e+02
1.348113930590230609e+02
1.300748310590230687e+02
1.048131670590230584e+02
1.363902470590230678e+02
1.363902470590230678e+02
1.332325390590230541e+02
1.284959770590230619e+02
1.537576410590230580e+02
1.442845170590230737e+02
1.284959770590230619e+02
1.427056630590230668e+02
1.474422250590230874e+02
1.332325390590230825e+02
1.379691010590230746e+02
1.332325390590230541e+02
1.332325390590230825e+02
1.363902470590230678e+02
1.269171230590230692e+02
1.079708750590230721e+02
1.206017070590230844e+02
1.284959770590230619e+02
1.127074370590230785e+02
1.332325390590230541e+02
1.142862910590230570e+02
1.316536850590230756e+02
1.079708750590230579e+02
1.505999330590231011e+02
1.348113930590230609e+02
1.316536850590230756e+02
1.095497290590230648e+02
1.348113930590230893e+02
1.284959770590230619e+02
1.316536850590230756e+02
1.348113930590230893e+02
1.316536850590230756e+02
1.316536850590230756e+02
1.348113930590230893e+02
1.505999330590230727e+02
1.332325390590230825e+02
1.316536850590230756e+02
1.553364950590230649e+02
1.348113930590230893e+02
1.411268090590230599e+02
1.332325390590230541e+02
1.237594150590230555e+02
1.348113930590230609e+02
1.363902470590230678e+02
1.553364950590230649e+02
1.300748310590230687e+02
1.253382690590230482e+02
1.221805610590230771e+02
1.348113930590230609e+02
1.584942030590230502e+02
1.332325390590230541e+02
1.395479550590230815e+02
1.158651450590230638e+02
1.174439990590230707e+02
1.300748310590230687e+02
1.269171230590230692e+02
1.411268090590230884e+02
1.442845170590230737e+02
1.427056630590230668e+02
1.348113930590230609e+02
1.253382690590230908e+02
1.332325390590230541e+02
1.158651450590230638e+02
1.379691010590231031e+02
1.505999330590231011e+02
1.284959770590230619e+02
1.190228530590230491e+02
1.411268090590230884e+02
1.269171230590230692e+02
1.411268090590230599e+02
1.442845170590230737e+02
1.348113930590230609e+02
1.253382690590230624e+02
1.379691010590230462e+02
1.237594150590230697e+02
1.237594150590230555e+02
1.505999330590230727e+02
1.332325390590230541e+02
1.269171230590230550e+02
1.206017070590230702e+02
1.363902470590230678e+02
1.284959770590230619e+02
1.174439990590230565e+02
1.300748310590230972e+02
1.111285830590230574e+02
1.174439990590230565e+02
1.348113930590230609e+02
1.221805610590230771e+02
1.427056630590230384e+02
1.206017070590230560e+02
1.253382690590230766e+02
1.190228530590230633e+02
1.284959770590230619e+02
1.158651450590230780e+02
1.142862910590230712e+02
1.237594150590230697e+02
1.237594150590230697e+02
1.206017070590230844e+02
1.284959770590230619e+02
1.411268090590230599e+02
1.442845170590230737e+02
1.079708750590230579e+02
1.411268090590230599e+02
1.237594150590230697e+02
1.300748310590230687e+02
1.505999330590231011e+02
1.663884730590230845e+02
1.505999330590230727e+02
1.300748310590230972e+02
1.253382690590230482e+02
1.300748310590230687e+02
1.253382690590230766e+02
1.458633710590230521e+02
1.442845170590230737e+02
1.174439990590230565e+02
1.095497290590230648e+02
1.316536850590230756e+02
1.142862910590230570e+02
1.142862910590230712e+02
1.221805610590230486e+02
1.221805610590230486e+02
1.253382690590230482e+02
1.284959770590230619e+02
1.332325390590230541e+02
1.269171230590230550e+02
1.237594150590230555e+02
1.474422250590230590e+02
1.190228530590230775e+02
9.691889705902308094e+01
1.316536850590230756e+02
1.253382690590230624e+02
1.253382690590230624e+02
1.395479550590230815e+02
1.190228530590230633e+02
1.427056630590230668e+02
1.190228530590230633e+02
1.063920210590230653e+02
1.363902470590230678e+02
1.284959770590230619e+02
1.332325390590230825e+02
1.237594150590230697e+02
1.411268090590230599e+02
1.095497290590230506e+02
1.284959770590230903e+02
1.190228530590230633e+02
1.079708750590230579e+02
1.300748310590230403e+02
1.379691010590230746e+02
1.332325390590230541e+02
1.032343130590230658e+02
1.158651450590230496e+02
1.206017070590230560e+02
1.284959770590230619e+02
1.174439990590230565e+02
1.332325390590230825e+02
1.316536850590230756e+02
1.379691010590231031e+02
1.158651450590230638e+02
1.158651450590230496e+02
1.316536850590230756e+02
1.427056630590230952e+02
1.206017070590230560e+02
1.237594150590230697e+02
1.111285830590230574e+02
1.632307650590230992e+02
1.237594150590230555e+02
1.395479550590230815e+02
1.253382690590230624e+02
1.316536850590230756e+02
1.237594150590230555e+02
1.253382690590230624e+02
1.095497290590230790e+02
1.395479550590230815e+02
1.174439990590230565e+02
1.253382690590230624e+02
1.348113930590230609e+02
1.300748310590230687e+02
1.190228530590230633e+02
1.395479550590230815e+02
1.284959770590230619e+02
1.253382690590230766e+02
1.127074370590230785e+02
1.474422250590230874e+02
1.016554590590230589e+02
1.269171230590230834e+02
1.190228530590230491e+02
1.237594150590230839e+02
1.190228530590230491e+02
1.206017070590230702e+02
1.537576410590230580e+02
1.221805610590230771e+02
1.537576410590230580e+02
1.411268090590230884e+02
1.348113930590230893e+02
1.379691010590230462e+02
1.206017070590230844e+02
1.332325390590230541e+02
1.316536850590230756e+02
1.458633710590230521e+02
1.284959770590230903e+02
1.284959770590230619e+02
1.379691010590230462e+02
1.253382690590230624e+02
1.316536850590230756e+02
1.174439990590230565e+02
1.348113930590230893e+02
1.142862910590230712e+02
1.127074370590230643e+02
1.332325390590230541e+02
1.174439990590230707e+02
1.505999330590230727e+02
1.174439990590230707e+02
1.300748310590230687e+02
1.442845170590230737e+02
1.127074370590230785e+02
1.284959770590230619e+02
1.363902470590230678e+02
1.190228530590230775e+02
1.269171230590230550e+02
1.395479550590230815e+02
1.237594150590230697e+02
1.427056630590230668e+02
1.221805610590230771e+02
1.269171230590230550e+02
1.348113930590230893e+02
1.048131670590230584e+02
1.411268090590230599e+02
1.063920210590230795e+02
1.474422250590230874e+02
1.363902470590230678e+02
1.206017070590230702e+02
1.111285830590230574e+02
1.269171230590230550e+02
1.427056630590230952e+02
1.111285830590230574e+02
1.363902470590230678e+02
1.111285830590230717e+02
1.190228530590230775e+02
1.284959770590230619e+02
1.253382690590230908e+02
1.269171230590230550e+02
1.221805610590230629e+02
1.363902470590230678e+02
1.316536850590230756e+02
1.442845170590230737e+02
1.284959770590230619e+02
1.221805610590230629e+02
1.142862910590230570e+02
1.079708750590230579e+02
1.458633710590230805e+02
1.206017070590230560e+02
1.284959770590230903e+02
1.284959770590230619e+02
1.458633710590230805e+02
1.142862910590230570e+02
1.079708750590230579e+02
1.190228530590230775e+02
1.395479550590230815e+02
1.269171230590230834e+02
1.284959770590230903e+02
1.332325390590230541e+02
1.269171230590230834e+02
1.284959770590230619e+02
1.206017070590230560e+02
1.253382690590230766e+02
1.206017070590230560e+02
9.849775105902305938e+01
1.284959770590230903e+02
1.190228530590230491e+02
1.237594150590230697e+02
1.174439990590230565e+02
1.427056630590230952e+02
1.174439990590230565e+02
1.206017070590230702e+02
1.332325390590230541e+02
1.079708750590230579e+02
1.411268090590230599e+02
1.269171230590230834e+02
1.284959770590230903e+02
1.284959770590230619e+02
1.206017070590230844e+02
1.300748310590230687e+02
1.016554590590230731e+02
1.458633710590230805e+02
1.363902470590230678e+02
1.284959770590230619e+02
1.237594150590230697e+02
1.221805610590230629e+02
1.237594150590230697e+02
1.316536850590230756e+02
1.363902470590230678e+02
1.158651450590230638e+02
1.316536850590230756e+02
1.158651450590230780e+02
1.505999330590230443e+02
1.284959770590230619e+02
1.190228530590230633e+02
1.284959770590230619e+02
1.221805610590230771e+02
1.253382690590230766e+02
1.190228530590230775e+02
1.158651450590230780e+02
1.442845170590230737e+02
1.174439990590230707e+02
1.237594150590230697e+02
1.206017070590230560e+02
1.190228530590230633e+02
1.300748310590230687e+02
1.474422250590230590e+02
1.332325390590230825e+02
1.395479550590230815e+02
1.379691010590230462e+02
1.048131670590230584e+02
1.316536850590230756e+02
1.063920210590230653e+02
1.079708750590230721e+02
1.206017070590230844e+02
1.284959770590230619e+02
1.379691010590230746e+02
1.158651450590230638e+02
1.221805610590230771e+02
1.142862910590230712e+02
1.363902470590230678e+02
1.269171230590230834e+02
1.127074370590230501e+02
1.206017070590230844e+02
1.348113930590230893e+02
1.332325390590230825e+02
1.269171230590230692e+02
1.284959770590230619e+02
1.079708750590230864e+02
1.284959770590230619e+02
1.095497290590230790e+02
1.111285830590230574e+02
1.174439990590230707e+02
1.269171230590230834e+02
1.158651450590230496e+02
1.111285830590230717e+02
1.221805610590230486e+02
1.269171230590230834e+02
1.269171230590230550e+02
1.237594150590230697e+02
1.348113930590230893e+02
1.095497290590230648e+02
1.395479550590230815e+02
1.206017070590230560e+02
1.427056630590230668e+02
1.190228530590230633e+02
1.379691010590230462e+02
1.221805610590230486e+02
1.442845170590230737e+02
1.237594150590230697e+02
1.332325390590230825e+02
1.206017070590230844e+02
1.348113930590230893e+02
1.316536850590230756e+02
1.284959770590230619e+02
1.348113930590230893e+02
1.063920210590230795e+02
1.269171230590230834e+02
1.221805610590230913e+02
1.269171230590230550e+02
1.316536850590230756e+02
1.284959770590230619e+02
1.379691010590230462e+02
1.300748310590230687e+02
1.253382690590230766e+02
1.316536850590230756e+02
1.063920210590230795e+02
1.269171230590230550e+02
1.079708750590230721e+02
1.221805610590230629e+02
1.300748310590230687e+02
1.300748310590230687e+02
1.190228530590230491e+02
1.190228530590230633e+02
1.158651450590230922e+02
1.111285830590230717e+02
1.348113930590230609e+02
1.316536850590230756e+02
1.316536850590230756e+02
1.332325390590230541e+02
1.174439990590230565e+02
1.237594150590230839e+02
1.332325390590230825e+02
1.237594150590230555e+02
1.348113930590230893e+02
1.395479550590230531e+02
1.206017070590230702e+02
1.348113930590230893e+02
1.505999330590230727e+02
1.316536850590230472e+02
1.332325390590230541e+02
1.237594150590230697e+02
1.316536850590230756e+02
1.190228530590230633e+02
1.174439990590230707e+02
1.174439990590230707e+02
1.206017070590230560e+02
1.348113930590230893e+02
1.190228530590230633e+02
1.221805610590230486e+02
1.095497290590230790e+02
1.395479550590230815e+02
1.284959770590230619e+02
1.127074370590230501e+02
1.158651450590230638e+02
1.111285830590230717e+02
1.316536850590230756e+02
1.206017070590230560e+02
1.174439990590230707e+02
1.079708750590230721e+02
1.379691010590230746e+02
1.411268090590230599e+02
1.237594150590230697e+02
1.174439990590230565e+02
1.079708750590230721e+02
1.142862910590230570e+02
1.190228530590230633e+02
1.253382690590230766e+02
1.127074370590230785e+02
1.395479550590230815e+02
9.534004305902307408e+01
1.190228530590230775e+02
1.127074370590230643e+02
1.332325390590230541e+02
1.190228530590230491e+02
1.079708750590230721e+02
1.379691010590230746e+02
1.221805610590230771e+02
1.269171230590230692e+02
1.253382690590230766e+02
1.158651450590230780e+02
1.000766050590230520e+02
1.206017070590230702e+02
1.284959770590230619e+02
1.127074370590230643e+02
1.411268090590230599e+02
1.063920210590230795e+02
1.032343130590230800e+02
1.379691010590231031e+02
1.174439990590230707e+02
1.316536850590230472e+02
1.032343130590230800e+02
1.111285830590230717e+02
1.221805610590230629e+02
1.142862910590230570e+02
1.284959770590230619e+02
1.300748310590230687e+02
1.237594150590230697e+02
1.284959770590230619e+02
1.221805610590230486e+02
1.348113930590230893e+02
1.237594150590230555e+02
1.221805610590230629e+02
1.237594150590230555e+02
1.032343130590230800e+02
1.237594150590230697e+02
1.221805610590230486e+02
9.218233505902307456e+01
1.190228530590230775e+02
1.221805610590230629e+02
1.269171230590230550e+02
1.158651450590230638e+02
1.063920210590230653e+02
1.158651450590230638e+02
1.206017070590230560e+02
1.427056630590230952e+02
1.190228530590230633e+02
1.411268090590230599e+02
1.284959770590230619e+02
1.253382690590230766e+02
1.142862910590230712e+02
1.095497290590230648e+02
1.316536850590230472e+02
1.348113930590230609e+02
1.411268090590230599e+02
1.127074370590230785e+02
1.395479550590230531e+02
1.363902470590230678e+02
1.221805610590230771e+02
1.158651450590230638e+02
1.824673195290232570e+02
-6.622195704709769188e+02
8.991095290232848924e-01
1.035246195290233970e+02
-4.015109447097671591e+01
-1.017264004709766851e+02
-9.856869247097669984e+01
-1.206726484709767107e+02
-1.317246264709767161e+02
-1.254092104709766886e+02
-1.127783784709767190e+02
-1.048841084709767131e+02
-6.699161247097669047e+01
-9.383213047097672188e+01
-9.383213047097670767e+01
-8.120129847097670961e+01
-8.909556847097671550e+01
-7.172817447097669685e+01
-5.751848847097670614e+01
-5.909734247097671300e+01
-8.278015247097668805e+01
-5.278192647097669976e+01
-6.857046647097671155e+01
-6.067619647097669144e+01
-6.541275847097672624e+01
-4.015109447097670170e+01
-5.436078047097670662e+01
-7.962244447097671696e+01
-5.278192647097668555e+01
-6.857046647097669734e+01
-5.751848847097670614e+01
-5.593963447097671349e+01
-4.330880247097671543e+01
-4.962421847097670025e+01
-4.015109447097671591e+01
-4.962421847097670025e+01
-2.909911647097671406e+01
-4.646651047097671494e+01
-4.172994847097672277e+01
-1.962599247097670485e+01
-4.172994847097670856e+01
-3.699338647097671640e+01
-2.120484647097671527e+01
-4.646651047097672915e+01
-2.436255447097671123e+01
-2.120484647097671527e+01
-3.699338647097673061e+01
-3.857224047097672326e+01
-2.436255447097672189e+01
-1.646828447097671599e+01
-3.383567847097571502e+01
-3.223479644736119099e+01
-1.800308242374667600e+01
-3.376959440013214930e+01
-3.216871237651736948e+01
-2.425241435290284286e+01
-2.738809432928832166e+01
-3.368148230567379642e+01
-3.208060028205927239e+01
-2.890086425844473439e+01
-3.203654423483021674e+01
-4.464534821121568342e+01
-3.357134218760116084e+01
-3.197046016398664392e+01
-3.668499414037211181e+01
-2.087442611675757931e+01
-3.821979209314306303e+01
-2.240922406952828538e+01
-6.027969204591374108e+01
-2.236516802229922618e+01
-4.128938799868470966e+01
-2.074225797507018498e+01
-3.335106195145566232e+01
-3.806559592784111601e+01
-2.383388190422659747e+01
-1.433872988061207820e+01
-3.010524185699756217e+01
-1.903123583338302893e+01
-2.532462380976850724e+01
-3.161801178615398200e+01
-2.528056776253920290e+01
-4.262593373892467241e+01
-5.207702971531014668e+01
-4.416073169169563073e+01
-3.940214166808109297e+01
-2.043386564446656450e+01
-4.409464762085203660e+01
-2.354751759723751903e+01
-2.984090557362300089e+01
-5.350168755000846232e+01
-5.190080552639394540e+01
-3.924794550277941596e+01
-1.238539947916489581e+01
-3.762503545555011186e+01
-5.339154743193557806e+01
-5.968493540832106703e+01
-3.282238938470652556e+01
-3.753692336109200767e+01
-5.014572733747748146e+01
-3.907172131386296599e+01
-5.641708729024842484e+01
-5.797391326663391453e+01
-5.637303124301938340e+01
-4.214131721940484709e+01
-6.106553719579032702e+01
-5.788580117217581034e+01
-3.891752514856102607e+01
-4.205320512494650131e+01
-3.571576110133197801e+01
-5.621883507771746480e+01
-4.988139105410292018e+01
-6.564790303048839348e+01
-5.931045900687385597e+01
-5.455186898325935374e+01
-5.452984095964482947e+01
-5.135010493603030568e+01
-6.395890891241577236e+01
-5.288490288880124268e+01
-6.707256086518671623e+01
-6.073511684157195134e+01
-5.755538081795742755e+01
-5.911220679434288883e+01
-6.382674077072837804e+01
-7.012012874711385280e+01
-5.746726872349931625e+01
-7.007607269988479004e+01
-6.847519067627025890e+01
-6.055889265265574295e+01
-6.527342662904121084e+01
-5.419942060542669537e+01
-7.943905658181213880e+01
-6.520734255819765224e+01
-7.781614653458284181e+01
-5.884787051096833466e+01
-6.356240448735380966e+01
-9.195974846373928813e+01
-7.614918044012475207e+01
-7.770600641651023466e+01
-5.873773039289571329e+01
-6.503111836928118805e+01
-7.290336034566665546e+01
-8.235445632205211552e+01
-7.917472029843759174e+01
-7.441613027482306109e+01
-6.492097825120856669e+01
-7.121436622759377144e+01
-9.013858620397923005e+01
-7.590687218036472927e+01
-7.588484415675020500e+01
-7.270510813313566700e+01
-7.584078810952115646e+01
-7.739761408590661063e+01
-8.684871006229209911e+01
-6.630158003867757088e+01
-7.891038401506304467e+01
-8.678262599144849787e+01
-9.149715996783400840e+01
-9.936940194421949002e+01
-6.777029392060467217e+01
-9.458878389699017930e+01
-1.024610258733756609e+02
-9.928128984976113713e+01
-8.820728382614660745e+01
-7.555442380253209933e+01
-9.763635177891755745e+01
-8.814119975530302042e+01
-9.443458773168850939e+01
-8.020287370807395178e+01
-8.018084568445947014e+01
-8.489537966084489540e+01
-7.224251963723038727e+01
-1.037975716136156166e+02
-9.588127359000108640e+01
-8.007070556638655034e+01
-9.110065554277205990e+01
-8.792091951915752190e+01
-9.579316149554298931e+01
-8.314030147192846698e+01
-1.162742074483139447e+02
-7.835968342469941206e+01
-9.254734140108489271e+01
-1.209446853774703641e+02
-8.776672335385583779e+01
-1.130063593302413096e+02
-8.614381330662655500e+01
-9.559490928301200086e+01
-1.003094432593974972e+02
-9.870856123578296604e+01
-1.002653872121684486e+02
-1.049799211885539165e+02
-1.160098711649394119e+02
-1.049358651413248680e+02
-1.049138371177103295e+02
-1.001552470940958131e+02
-1.159217590704812864e+02
-1.001111910468667503e+02
-1.048257250232522324e+02
-1.095402589996374445e+02
-1.095182309760229344e+02
-1.189693269524084087e+02
-1.142107369287938781e+02
-1.173464169051793533e+02
-1.125878268815648227e+02
-1.188812148579502974e+02
-1.235957488343357795e+02
-1.046274728107212582e+02
-1.077631527871067334e+02
-1.061622707634922023e+02
-1.092979507398776775e+02
-1.124336307162631385e+02
-1.108327486926483800e+02
-1.171261366690338548e+02
-1.155252546454193237e+02
-1.202397886218047915e+02
-9.653495059819027801e+01
-1.186168785745757503e+02
-1.249102665509612393e+02
-1.138362605273467096e+02
-1.217085025037321770e+02
-1.216864744801176528e+02
-1.295587164565031060e+02
-1.358521044328885807e+02
-1.247780984092740511e+02
-1.168618003856593077e+02
-1.278917503620447746e+02
-1.183965983384302376e+02
-1.325842563148157183e+02
-1.436142062912011852e+02
-1.120150982675866658e+02
-1.230450482439721469e+02
-1.214441662203576016e+02
-1.277375541967431047e+02
-1.308732341731285658e+02
-1.340089141495140552e+02
-1.324080321258995241e+02
-1.292282961022849861e+02
-1.402582460786701972e+02
-1.386573640550556661e+02
-1.228467960314411442e+02
-1.307190380078266116e+02
-1.385912799842120933e+02
-1.133075879605975729e+02
-1.448626399369830153e+02
-1.290520719133685361e+02
-1.400820218897540030e+02
-1.463754098661394778e+02
-1.274071338425249564e+02
-1.321216678189103959e+02
-1.336784937952958785e+02
-1.147102177716811298e+02
-1.336344377480666026e+02
-1.351912637244520567e+02
-1.256961117008375481e+02
-1.240952296772230170e+02
-1.509137196536084673e+02
-1.066837796299939640e+02
-1.413965396063794344e+02
-1.287436795827649121e+02
-1.318793595591504015e+02
-1.334361855355358841e+02
-1.144679095119213343e+02
-1.428652534883067915e+02
-1.523163494646920242e+02
-1.428211974410775156e+02
-1.475357314174629835e+02
-1.522502653938484514e+02
-1.569647993702339193e+02
-1.427330853466194185e+02
-1.521841813230048785e+02
-1.600564232993903602e+02
-1.505612712757758231e+02
-1.600123672521613116e+02
-1.473595072285467893e+02
-1.504951872049322503e+02
-1.615251371813177457e+02
-1.520299851577029528e+02
-1.299040011340884462e+02
-1.519859291104738759e+02
-1.377542150868593751e+02
-1.693092670632448176e+02
-1.534986990396303099e+02
-1.440035470160157729e+02
-1.597700589924012604e+02
-1.392229289687867322e+02
-1.676202729451722178e+02
-1.533885589215577170e+02
-1.612608008979431702e+02
-1.675541888743286449e+02
-1.564801828507138453e+02
-1.706678408270993543e+02
-1.595938348034848104e+02
-1.532563907798702871e+02
-1.484978007562557423e+02
-1.642643127326412298e+02
-1.705577007090266761e+02
-1.768510886854121509e+02
-1.657770826617976354e+02
-1.689127626381830964e+02
-1.594176106145686163e+02
-1.736052685909540685e+02
-1.767409485673395579e+02
-1.530361105437247886e+02
-1.703814765201102830e+02
-1.672017404964957166e+02
-1.719162744728812413e+02
-1.750519544492666739e+02
-1.655568024256521085e+02
-1.734290444020375901e+02
-1.418299363784230991e+02
-1.654907183548085641e+02
-1.654686903311940398e+02
-1.670255163075795508e+02
-1.701611962839649834e+02
-1.701391682603504591e+02
-1.716959942367356575e+02
-1.543065722131211714e+02
-1.574422521895066609e+02
-1.842607421658921112e+02
-1.858175681422775938e+02
-1.747435621186630783e+02
-1.684061180950485550e+02
-1.825937760714340072e+02
-1.715197700478194918e+02
-1.983382600242049421e+02
-1.809488380005904276e+02
-1.935576419769759013e+02
-1.777470739533613937e+02
-1.682519219297465725e+02
-1.619144779061321060e+02
-1.792598438825175151e+02
-1.839743778589030683e+02
-1.697426638352885107e+02
-1.744571978116740070e+02
-1.744351697880594543e+02
-1.870439737644449281e+02
-1.728122597408304273e+02
-1.854210637172158727e+02
-1.869778896936013268e+02
-1.869558616699868026e+02
-1.758818556463722871e+02
-1.679655576227575295e+02
-1.884686315991430376e+02
-1.773946255755284369e+02
-1.663206195519139499e+02
-1.852448395282994511e+02
-1.915382275046848690e+02
-1.741488054810703829e+02
-1.851787554574558214e+02
-1.819990194338413119e+02
-1.725038674102268033e+02
-1.772184013866122427e+02
-1.756175193629977400e+02
-1.866474693393832354e+02
-1.850465873157684484e+02
-1.771302892921539183e+02
-1.802659692685393509e+02
-1.597188392449249079e+02
-1.960104532213103141e+02
-1.707267611976958221e+02
-1.722835871740812763e+02
-1.927866611504667560e+02
-1.706606771268522493e+02
-1.943214591032377143e+02
-1.864051610796231842e+02
-2.037505270560086501e+02
-1.737302730323941660e+02
-1.737082450087793291e+02
-2.099998589851648205e+02
-1.736641889615503089e+02
-1.941672629379357886e+02
-1.751989869143212388e+02
-1.799135208907067636e+02
-1.783126388670921756e+02
-1.988157128434776837e+02
-1.766897288198631770e+02
-1.877196787962486155e+02
-1.829610887726340991e+02
-1.797813527490195611e+02
-2.050209887254050614e+02
-1.907892747017903048e+02
-2.018192246781757433e+02
-1.828509486545611935e+02
-1.970386066309467310e+02
-1.922800166073321577e+02
-2.001522585837176678e+02
-2.206553325601031190e+02
-1.795831005364885868e+02
-1.874553425128740969e+02
-2.016430004892595491e+02
-1.858324324656450131e+02
-1.779161344420304545e+02
-1.778941064184160155e+02
-1.983971803948012109e+02
-1.873231743711866386e+02
-1.983531243475721340e+02
-2.030676583239576303e+02
-1.904147983003430511e+02
-1.919716242767285621e+02
-1.824764722531140251e+02
-1.935064222294994920e+02
-1.871689782058849687e+02
-2.139874681822704474e+02
-1.997557541586559466e+02
-2.076279961350414283e+02
-1.981328441114269197e+02
-1.902165460878120768e+02
-2.012464960641975722e+02
-1.854359280405830361e+02
-2.138332720169685501e+02
-1.696033319933540042e+02
-2.027372379697394535e+02
-1.963997939461249302e+02
-1.979566199225104128e+02
-2.168808398988959141e+02
-1.979125638752813927e+02
-2.184156378516668440e+02
-1.820799678280523040e+02
-2.167927278044377886e+02
-2.025610137808230036e+02
-2.025389857572084793e+02
-2.104112277335939893e+02
-1.946006597099794249e+02
-1.945786316863649006e+02
-2.150817056627504087e+02
-1.992711376391358726e+02
-1.834605696155213366e+02
-2.165944755919068143e+02
-2.070993235682923057e+02
-2.228658355446777648e+02
-2.102129755210632425e+02
-1.722984514974487524e+02
-2.022746494738339038e+02
-2.069891834502194001e+02
-1.895997614266049140e+02
-1.864200254029903761e+02
-2.021865373793758351e+02
-2.069010713557613599e+02
-1.784596713321467689e+02
-1.847530593085322721e+02
-2.147292572849177077e+02
-2.147072292613032118e+02
-2.036332232376886964e+02
-2.004534872140741584e+02
-1.862217731904596576e+02
-2.098825551668448668e+02
-1.972296951432303445e+02
-1.877345431196157790e+02
-2.082376170960012871e+02
-2.129521510723867550e+02
-2.081935610487722386e+02
-2.129080950251576780e+02
-2.002552350015431557e+02
-2.191794549779286285e+02
-1.907380549543141228e+02
-2.143988369306996162e+02
-2.017459769070850939e+02
-2.222490508834705736e+02
-2.095961908598557670e+02
-2.048376008362412506e+02
-2.048155728126267263e+02
-1.890050047890121618e+02
-2.347697427653976661e+02
-1.984340727417831260e+02
-2.126217307181685783e+02
-1.920746006945540785e+02
-1.904737186709395758e+02
-1.983459606473250574e+02
-2.046393486237104753e+02
-1.888287806000960245e+02
-1.919644605764814855e+02
-1.903635785528666702e+02
-2.045512365292521224e+02
-2.124234785056376325e+02
-1.902974944820231258e+02
-2.108005684584086055e+02
-1.965688544347940763e+02
-2.044410964111795010e+02
-2.028402143875650552e+02
-1.870296463639504907e+02
-2.201635523403359684e+02
-1.964587143167213981e+02
-2.185406422931069415e+02
-1.948358042694924279e+02
-2.074446082458776175e+02
-1.884763322222630677e+02
-1.947697201986485425e+02
-2.231670641750339996e+02
-2.105142041514194773e+02
-2.073344681278049393e+02
-2.057335861041904082e+02
-1.883441640805759505e+02
-2.072683840569613949e+02
-1.961943780333469078e+02
-2.072243280097323463e+02
-2.008868839861178515e+02
-2.166533959625032821e+02
-1.740023099388885157e+02
-2.023996539152739729e+02
-1.913256478916594574e+02
-2.181441378680449361e+02
-2.118066938444304412e+02
-2.149423738208158738e+02
-2.196569077972013702e+02
-2.006886317735868204e+02
-2.164551437499723363e+02
-2.306428017263577885e+02
-2.164110877027432593e+02
-2.163890596791287635e+02
-2.132093236555141971e+02
-1.989776096318994405e+02
-2.210595376082849270e+02
-2.194586555846703959e+02
-2.036480875610558314e+02
-2.115203295374413131e+02
-1.988674695138268191e+02
-2.067397114902123292e+02
-1.972445594665977637e+02
-2.098533634429832091e+02
-2.145678974193687338e+02
-2.050727453957541968e+02
-2.192604033721397059e+02
-2.018709813485251061e+02
-2.065855153249104035e+02
-2.255097353012958195e+02
-2.270665612776813305e+02
-2.191502632540667435e+02
-2.096551112304522917e+02
-2.206850612068377586e+02
-2.206630331832232059e+02
-1.827485091596086306e+02
-2.000938751359941534e+02
-2.190180951123796547e+02
-2.016286730887650833e+02
-2.063432070651505796e+02
-1.984269090415360210e+02
-1.968260270179212625e+02
-2.094348309943067648e+02
-2.236224889706922454e+02
-1.920233809470776691e+02
-2.030533309234631361e+02
-1.982947408998486480e+02
-2.109035448762341503e+02
-2.156180788526195613e+02
-2.171749048290050723e+02
-1.982066288053905225e+02
-2.139731407817760385e+02
-1.965837187581614955e+02
-1.997193987345469850e+02
-1.996973707109321765e+02
-2.091484666873176934e+02
-2.111094977118856946e+02
-2.853156357118856477e+02
-2.142672057118857083e+02
-2.095306437118857161e+02
-2.332134537118857054e+02
-2.332134537118857338e+02
-2.221614757118857142e+02
-2.411077237118856829e+02
-2.332134537118857338e+02
-2.458442857118857034e+02
-2.316345997118856985e+02
-2.284768917118857416e+02
-2.221614757118857710e+02
-2.347923077118857691e+02
-2.300557457118857485e+02
-2.347923077118857407e+02
-2.316345997118856985e+02
-2.347923077118857123e+02
-2.268980377118857064e+02
-2.205826217118857357e+02
-2.411077237118857397e+02
-2.379500157118857260e+02
-2.316345997118856985e+02
-2.505808477118857240e+02
-2.205826217118857073e+02
-2.205826217118857073e+02
-2.300557457118856917e+02
-2.395288697118857044e+02
-2.300557457118857201e+02
-2.158460597118857436e+02
-2.190037677118857005e+02
-2.174249137118857220e+02
-2.268980377118857064e+02
-2.111094977118857230e+02
-2.158460597118857436e+02
-2.079517897118856808e+02
-2.300557457118856917e+02
-2.268980377118857064e+02
-2.268980377118857348e+02
-2.268980377118857064e+02
-2.158460597118857152e+02
-2.158460597118857152e+02
-2.426865777118857181e+02
-2.237403297118856926e+02
-2.205826217118857073e+02
-2.142672057118857367e+02
-2.442654317118857534e+02
-2.253191837118857279e+02
-2.111094977118857230e+02
-2.316345997118856985e+02
-2.395288697118857613e+02
-2.426865777118857466e+02
-2.395288697118857044e+02
-2.174249137118857220e+02
-2.474231397118857387e+02
-2.332134537118857054e+02
-1.968998117118857181e+02
-2.205826217118857073e+02
-2.332134537118856770e+02
-2.411077237118857397e+02
-2.205826217118857357e+02
-2.047940817118856671e+02
-2.237403297118856926e+02
-2.174249137118857220e+02
-2.347923077118857123e+02
-2.063729357118857024e+02
-2.205826217118857357e+02
-2.237403297118856926e+02
-2.284768917118856848e+02
-2.158460597118857436e+02
-2.095306437118857161e+02
-2.126883517118857299e+02
-2.126883517118857299e+02
-2.221614757118857142e+02
-2.190037677118857005e+02
-2.253191837118856995e+02
-2.126883517118857299e+02
-2.268980377118857064e+02
-2.095306437118857161e+02
-2.237403297118856926e+02
-2.237403297118857211e+02
-2.142672057118857083e+02
-2.268980377118857064e+02
-2.126883517118857299e+02
-2.284768917118856848e+02
-2.237403297118857495e+02
-2.142672057118857083e+02
-2.205826217118856789e+02
-2.205826217118856789e+02
-2.016363737118857102e+02
-2.363711617118856907e+02
-2.063729357118856740e+02
-2.142672057118857083e+02
-2.221614757118857142e+02
-2.395288697118857328e+02
-2.095306437118857161e+02
-2.126883517118857014e+02
-2.316345997118856985e+02
-2.221614757118856858e+02
-2.205826217118857073e+02
-2.268980377118857064e+02
-2.142672057118857367e+02
-2.158460597118857152e+02
-2.221614757118856858e+02
-2.142672057118857083e+02
-2.253191837118857279e+02
-2.363711617118856907e+02
-2.253191837118857279e+02
-2.032152277118856887e+02
-2.126883517118857014e+02
-2.253191837118856995e+02
-2.237403297118857211e+02
-2.332134537118857338e+02
-2.126883517118857014e+02
-2.268980377118857064e+02
-2.063729357118856456e+02
-2.079517897118857093e+02
-2.032152277118857455e+02
-2.190037677118857289e+02
-2.016363737118857102e+02
-2.079517897118857377e+02
-1.968998117118856612e+02
-2.111094977118856946e+02
-2.190037677118857289e+02
-2.190037677118857289e+02
-2.142672057118857083e+02
-2.253191837118856995e+02
-2.111094977118857514e+02
-2.190037677118857289e+02
-2.000575197118857034e+02
-2.174249137118857220e+02
-2.126883517118856730e+02
-2.126883517118856730e+02
-2.221614757118856858e+02
-2.063729357118856740e+02
-1.984786657118856965e+02
-2.142672057118856515e+02
-2.332134537118857338e+02
-2.347923077118857123e+02
-2.253191837118857279e+02
-2.063729357118857024e+02
-2.174249137118856936e+02
-2.284768917118857132e+02
-2.174249137118857220e+02
-2.095306437118856877e+02
-2.190037677118857289e+02
-2.237403297118857211e+02
-1.968998117118857181e+02
-2.221614757118857142e+02
-2.111094977118857230e+02
-2.174249137118856936e+02
-2.332134537118857054e+02
-2.095306437118856593e+02
-2.190037677118857289e+02
-2.111094977118856946e+02
-2.142672057118857083e+02
-2.095306437118856877e+02
-1.874266877118856769e+02
-2.332134537118857338e+02
-2.205826217118857357e+02
-2.284768917118857132e+02
-2.253191837118857279e+02
-2.047940817118856671e+02
-2.158460597118856867e+02
-1.921632497118856691e+02
-2.016363737118856534e+02
-2.221614757118857426e+02
-2.221614757118857142e+02
-1.937421037118857043e+02
-2.284768917118856848e+02
-2.111094977118857514e+02
-2.268980377118857348e+02
-2.142672057118857083e+02
-2.237403297118856926e+02
-2.142672057118857083e+02
-2.158460597118857152e+02
-2.268980377118856779e+02
-2.142672057118857083e+02
-2.111094977118856946e+02
-2.016363737118856534e+02
-2.126883517118857299e+02
-1.953209577118857112e+02
-2.221614757118857142e+02
-2.142672057118857083e+02
-2.126883517118857299e+02
-2.284768917118856848e+02
-2.142672057118857367e+02
-2.174249137118856936e+02
-2.142672057118857083e+02
-2.253191837118857279e+02
-2.174249137118857220e+02
-2.142672057118857083e+02
-2.300557457118856917e+02
-2.158460597118856867e+02
-2.095306437118857161e+02
-2.268980377118857348e+02
-2.079517897118856808e+02
-2.205826217118857073e+02
-2.142672057118857083e+02
-2.205826217118857073e+02
-2.047940817118856955e+02
-2.142672057118856515e+02
-1.984786657118856397e+02
-2.032152277118856603e+02
-2.174249137118856936e+02
-2.079517897118856808e+02
-2.158460597118856867e+02
-2.016363737118856818e+02
-2.126883517118857014e+02
-2.016363737118856534e+02
-2.000575197118856750e+02
-2.332134537118857054e+02
-2.142672057118856799e+02
-2.126883517118856730e+02
-2.032152277118856887e+02
-2.079517897118856808e+02
-2.063729357118857024e+02
-2.016363737118856534e+02
-2.190037677118857005e+02
-1.890055417118856838e+02
-1.905843957118856906e+02
-2.047940817118856955e+02
-2.063729357118856740e+02
-2.158460597118856867e+02
-2.063729357118857024e+02
-2.032152277118856887e+02
-2.174249137118857220e+02
-2.126883517118857299e+02
-2.000575197118856750e+02
-2.237403297118856926e+02
-2.032152277118856887e+02
-2.190037677118856720e+02
-2.016363737118856534e+02
-2.332134537118857054e+02
-2.079517897118856808e+02
-2.174249137118857220e+02
-1.953209577118856828e+02
-2.016363737118856534e+02
-1.968998117118856612e+02
-2.079517897118857377e+02
-2.174249137118856652e+02
-2.316345997118857269e+02
-2.111094977118856946e+02
-2.221614757118856858e+02
-2.111094977118856946e+02
-2.142672057118856515e+02
-2.063729357118857024e+02
-2.174249137118857220e+02
-2.221614757118857142e+02
-1.984786657118856681e+02
-2.047940817118856671e+02
-2.000575197118856750e+02
-1.968998117118856896e+02
-1.953209577118857112e+02
-2.190037677118857005e+02
-2.205826217118856789e+02
-1.984786657118856965e+02
-2.079517897118856524e+02
-2.000575197118856750e+02
-2.111094977118856946e+02
-1.637438777118856592e+02
-2.158460597118856583e+02
-2.032152277118856603e+02
-2.079517897118857093e+02
-2.000575197118857034e+02
-2.095306437118856593e+02
-2.126883517118856730e+02
-2.047940817118856955e+02
-2.142672057118856515e+02
-1.937421037118856759e+02
-2.000575197118857034e+02
-2.142672057118857083e+02
-2.047940817118856671e+02
-2.095306437118856593e+02
-2.063729357118856740e+02
-2.190037677118857289e+02
-2.016363737118857102e+02
-2.032152277118856603e+02
-2.032152277118856887e+02
-2.158460597118856867e+02
-2.126883517118857299e+02
-2.000575197118856750e+02
-1.953209577118856828e+02
-2.142672057118856515e+02
-2.142672057118856515e+02
-2.032152277118856603e+02
-1.826901257118856847e+02
-2.047940817118856671e+02
-2.126883517118856730e+02
-2.268980377118856779e+02
-2.032152277118856887e+02
-2.142672057118857083e+02
-2.142672057118857083e+02
-2.205826217118857073e+02
-1.968998117118857181e+02
-2.000575197118856750e+02
-2.126883517118857299e+02
-1.968998117118857181e+02
-2.332134537118857054e+02
-2.032152277118856887e+02
-2.268980377118856779e+02
-2.032152277118856887e+02
-2.079517897118856808e+02
-2.126883517118856730e+02
-1.984786657118856965e+02
-2.268980377118857064e+02
-2.063729357118857024e+02
-1.984786657118856681e+02
-2.032152277118856603e+02
-1.968998117118857181e+02
-2.237403297118856926e+02
-2.142672057118857083e+02
-2.300557457118857201e+02
-1.747958557118856788e+02
-2.095306437118856593e+02
-2.221614757118856573e+02
-2.111094977118856946e+02
-2.016363737118856534e+02
-1.921632497118856975e+02
-1.858478337118856700e+02
-2.016363737118857102e+02
-2.284768917118857416e+02
-1.890055417118857122e+02
-2.095306437118856877e+02
-2.095306437118856877e+02
-2.016363737118856818e+02
-1.968998117118856896e+02
-2.079517897118856808e+02
-1.937421037118856759e+02
-2.032152277118856887e+02
-2.032152277118856887e+02
-2.111094977118856946e+02
-2.126883517118856446e+02
-2.268980377118857348e+02
-2.347923077118857123e+02
-2.063729357118857024e+02
-1.937421037118856759e+02
-2.253191837118856995e+02
-2.079517897118856524e+02
-2.300557457118856917e+02
-1.826901257118856847e+02
-2.111094977118856946e+02
-2.142672057118857367e+02
-2.142672057118857367e+02
-2.205826217118856789e+02
-2.063729357118857024e+02
-2.284768917118856848e+02
-2.142672057118856799e+02
-2.237403297118856926e+02
-2.332134537118857338e+02
-2.190037677118857289e+02
-2.158460597118856867e+02
-1.953209577118856544e+02
-2.316345997118857269e+02
-2.237403297118856926e+02
-2.190037677118857005e+02
-2.079517897118857093e+02
-2.237403297118856926e+02
-2.079517897118856808e+02
-2.205826217118856789e+02
-1.984786657118856965e+02
-2.032152277118856887e+02
-2.016363737118857102e+02
-2.016363737118856818e+02
-2.079517897118856808e+02
-2.142672057118856799e+02
-1.905843957118856906e+02
-2.142672057118856799e+02
-2.174249137118857220e+02
-2.411077237118856829e+02
-2.174249137118856936e+02
-2.047940817118856671e+02
-1.826901257118856847e+02
-1.984786657118856681e+02
-2.316345997118856985e+02
-2.142672057118856799e+02
-2.174249137118857220e+02
-1.763747097118857141e+02
-2.174249137118856652e+02
-2.016363737118856534e+02
-2.205826217118857357e+02
-2.284768917118857132e+02
-2.111094977118856946e+02
-2.253191837118857279e+02
-2.111094977118856661e+02
-2.363711617118857475e+02
-2.016363737118857102e+02
-2.174249137118857220e+02
-2.316345997118857269e+02
-2.000575197118857318e+02
-2.253191837118857279e+02
-2.079517897118857377e+02
-2.111094977118857230e+02
-2.174249137118856936e+02
-2.205826217118856789e+02
-2.095306437118857161e+02
-2.079517897118857377e+02
-2.047940817118856671e+02
-2.126883517118856730e+02
-2.111094977118856946e+02
-2.079517897118856808e+02
-1.953209577118856828e+02
-1.937421037118856759e+02
-2.126883517118856730e+02
-2.284768917118857132e+02
-2.063729357118857024e+02
-2.111094977118856946e+02
-2.047940817118856955e+02
-2.253191837118856995e+02
-1.890055417118856553e+02
-2.111094977118856946e+02
-2.221614757118857142e+02
-2.347923077118857123e+02
-2.237403297118857211e+02
-1.858478337118856700e+02
-2.126883517118856730e+02
-2.095306437118857161e+02
-2.237403297118857495e+02
-2.268980377118857064e+02
-2.190037677118857005e+02
-2.000575197118857034e+02
-2.047940817118856955e+02
-2.111094977118856661e+02
-2.095306437118856877e+02
-2.174249137118857220e+02
-1.905843957118856906e+02
-2.000575197118856750e+02
-2.079517897118856524e+02
-2.016363737118856818e+02
-2.174249137118857220e+02
-1.921632497118856691e+02
-1.905843957118856622e+02
-1.842689797118856916e+02
-2.000575197118856750e+02
-2.079517897118856808e+02
-2.095306437118856877e+02
-2.079517897118856808e+02
-2.158460597118856867e+02
-2.158460597118856867e+02
-2.142672057118857083e+02
-1.968998117118857181e+02
-2.000575197118856465e+02
-2.047940817118856671e+02
-1.953209577118856828e+02
-2.316345997118857554e+02
-2.095306437118856593e+02
-2.174249137118857220e+02
-2.079517897118856808e+02
-2.221614757118856858e+02
-2.111094977118856946e+02
-2.379500157118857260e+02
-2.047940817118856671e+02
-2.332134537118856770e+02
-2.142672057118856799e+02
-2.000575197118857034e+02
-2.079517897118857093e+02
-2.221614757118856858e+02
-2.411077237118857397e+02
-2.158460597118856867e+02
-2.300557457118857201e+02
-2.142672057118857083e+02
-2.190037677118857289e+02
-2.158460597118856867e+02
-2.111094977118856946e+02
-1.779535637118856926e+02
-2.158460597118857436e+02
-2.205826217118856789e+02
-1.968998117118856896e+02
-2.126883517118857014e+02
-2.126883517118857299e+02
-2.174249137118856936e+02
-2.158460597118857152e+02
-2.047940817118856955e+02
-2.016363737118857102e+02
-1.842689797118856632e+02
-2.142672057118857083e+02
-2.158460597118856867e+02
-2.063729357118857024e+02
-2.158460597118857436e+02
-2.000575197118856750e+02
-2.158460597118856867e+02
-2.205826217118856789e+02
-2.126883517118857299e+02
-1.968998117118857181e+02
-2.205826217118857357e+02
-2.142672057118857367e+02
-2.000575197118856750e+02
-2.079517897118857377e+02
-2.047940817118856671e+02
-2.095306437118856593e+02
-1.984786657118856681e+02
-1.953209577118856828e+02
-2.190037677118857289e+02
-2.000575197118856750e+02
-2.190037677118857005e+02
-2.190037677118857005e+02
-2.016363737118856534e+02
-2.095306437118857161e+02
-2.316345997118857269e+02
-2.095306437118857161e+02
-2.268980377118857064e+02
-1.953209577118856828e+02
-2.205826217118857073e+02
-1.953209577118856544e+02
-2.174249137118857220e+02
-2.000575197118857034e+02
-1.968998117118857181e+02
-1.984786657118856965e+02
-1.984786657118856681e+02
-2.016363737118856534e+02
-2.237403297118856926e+02
-2.079517897118857377e+02
-2.111094977118856946e+02
-2.221614757118857142e+02
-2.111094977118856661e+02
-2.032152277118856887e+02
-2.221614757118857426e+02
-2.126883517118857014e+02
-2.047940817118856671e+02
-1.842689797118856632e+02
-1.968998117118857181e+02
-2.063729357118857024e+02
-2.379500157118856976e+02
-2.158460597118857436e+02
-2.174249137118857220e+02
-2.221614757118856858e+02
-2.253191837118857279e+02
-1.984786657118856965e+02
-2.142672057118856515e+02
-2.016363737118857102e+02
-1.953209577118856828e+02
-2.063729357118856740e+02
-1.984786657118856681e+02
-2.095306437118856877e+02
-2.300557457118857201e+02
-2.111094977118856946e+02
-2.205826217118857073e+02
-2.000575197118857034e+02
-2.095306437118856593e+02
-2.237403297118857211e+02
-2.190037677118857005e+02
-2.237403297118856926e+02
-1.984786657118856681e+02
-2.158460597118856867e+02
-2.174249137118856936e+02
-2.095306437118856593e+02
-2.032152277118856887e+02
-2.158460597118856867e+02
-2.300557457118857201e+02
-2.221614757118856858e+02
-2.300557457118857201e+02
-2.253191837118856711e+02
-2.190037677118857289e+02
-2.221614757118856858e+02
-2.190037677118857005e+02
-2.190037677118857005e+02
-2.079517897118857093e+02
-2.268980377118857064e+02
-2.253191837118856711e+02
-2.190037677118856720e+02
-2.300557457118856917e+02
-2.063729357118857024e+02
-2.332134537118857054e+02
-2.063729357118857024e+02
-2.395288697118857328e+02
-2.347923077118856838e+02
-2.111094977118856946e+02
-2.268980377118857064e+02
-2.126883517118856730e+02
-2.174249137118857220e+02
-2.442654317118857534e+02
-2.426865777118857181e+02
-2.142672057118857083e+02
-2.047940817118856955e+02
-2.079517897118856808e+02
-2.079517897118856808e+02
-2.190037677118857289e+02
-2.126883517118857299e+02
-2.111094977118857230e+02
-1.905843957118856906e+02
-1.984786657118856965e+02
-2.095306437118856877e+02
-2.142672057118856799e+02
-2.047940817118856671e+02
-2.111094977118856946e+02
-2.079517897118856808e+02
-2.063729357118856456e+02
-2.221614757118856858e+02
-2.174249137118856936e+02
-2.268980377118857064e+02
-2.253191837118856995e+02
-2.253191837118857279e+02
-1.984786657118856965e+02
-2.221614757118857142e+02
-2.284768917118857132e+02
-2.032152277118856887e+02
-2.095306437118857161e+02
-2.190037677118857289e+02
-1.968998117118856896e+02
-2.079517897118856524e+02
-2.142672057118857083e+02
-2.221614757118856573e+02
-2.047940817118856671e+02
-2.032152277118856887e+02
-1.984786657118856397e+02
-2.079517897118857093e+02
-2.158460597118856583e+02
-2.126883517118856730e+02
-2.032152277118856887e+02
-2.063729357118857024e+02
-2.111094977118856661e+02
-2.268980377118857064e+02
-2.079517897118856808e+02
-2.063729357118856456e+02
-2.347923077118857123e+02
-2.047940817118856671e+02
-1.921632497118856975e+02
-2.174249137118857220e+02
-2.300557457118857201e+02
-2.158460597118857152e+02
-2.111094977118856377e+02
-2.079517897118856808e+02
-1.984786657118856965e+02
-2.205826217118856789e+02
-2.158460597118856867e+02
-2.190037677118857005e+02
-2.032152277118856887e+02
-2.032152277118856887e+02
-2.174249137118856936e+02
-2.268980377118857064e+02
-2.142672057118856799e+02
-2.205826217118856789e+02
-2.016363737118857102e+02
-2.142672057118856799e+02
-1.968998117118856612e+02
-2.284768917118857416e+02
-2.032152277118856603e+02
-2.095306437118856593e+02
-2.095306437118856593e+02
-2.111094977118856946e+02
-2.174249137118856936e+02
-1.953209577118856828e+02
-2.016363737118857102e+02
-2.063729357118856456e+02
-2.079517897118856524e+02
-2.253191837118856711e+02
-2.016363737118856534e+02
-2.095306437118856593e+02
-1.842689797118856916e+02
-1.905843957118856906e+02
-2.411077237118856829e+02
-2.111094977118856946e+02
-2.111094977118856661e+02
-2.126883517118856730e+02
-2.095306437118856877e+02
-2.205826217118857073e+02
-2.221614757118856858e+02
-1.984786657118856681e+02
-1.984786657118856965e+02
-2.300557457118856632e+02
-2.047940817118856671e+02
-2.158460597118856867e+02
-2.284768917118857416e+02
-2.190037677118857005e+02
-2.000575197118856750e+02
-2.063729357118857308e+02
-2.126883517118857299e+02
-2.332134537118856770e+02
-2.221614757118856573e+02
-2.142672057118856799e+02
-2.079517897118856808e+02
-2.016363737118856818e+02
-1.905843957118856906e+02
-2.047940817118856955e+02
-1.953209577118856828e+02
-2.174249137118856652e+02
-2.000575197118856750e+02
-2.111094977118856661e+02
-2.095306437118857161e+02
-1.984786657118856681e+02
-1.953209577118857112e+02
-2.000575197118856750e+02
-2.268980377118856779e+02
-2.237403297118857211e+02
-2.174249137118856652e+02
-2.079517897118856808e+02
-2.047940817118856671e+02
-2.158460597118856867e+02
-2.032152277118856887e+02
-2.000575197118857034e+02
-2.221614757118857426e+02
-2.000575197118856750e+02
-2.347923077118857123e+02
-2.142672057118857083e+02
-2.079517897118856808e+02
-2.000575197118857034e+02
-2.347923077118857123e+02
-2.126883517118856730e+02
-2.142672057118856515e+02
-2.063729357118857024e+02
-2.095306437118856877e+02
-2.190037677118856720e+02
-1.968998117118856612e+02
-2.079517897118856808e+02
-2.095306437118856877e+02
-2.142672057118857083e+02
-2.284768917118856848e+02
-2.316345997118856985e+02
-1.905843957118856906e+02
-2.063729357118856456e+02
-1.968998117118856612e+02
-2.158460597118856867e+02
-2.063729357118856456e+02
-2.142672057118857083e+02
-2.237403297118856642e+02
-2.142672057118856799e+02
-2.016363737118856818e+02
-2.284768917118856848e+02
-2.032152277118856887e+02
-2.095306437118856877e+02
-1.905843957118856906e+02
-2.079517897118856808e+02
-2.126883517118856730e+02
-2.063729357118856456e+02
-2.268980377118857064e+02
-2.016363737118856534e+02
-2.284768917118856848e+02
-2.205826217118856789e+02
-2.016363737118857102e+02
-2.190037677118857005e+02
-1.953209577118856828e+02
-2.016363737118856818e+02
-2.079517897118856808e+02
-2.111094977118856946e+02
-1.984786657118856397e+02
-1.984786657118856397e+02
-2.174249137118857220e+02
-2.063729357118857024e+02
-2.095306437118856593e+02
-2.237403297118857211e+02
-2.095306437118856593e+02
-2.205826217118857073e+02
-2.205826217118856505e+02
-2.047940817118856955e+02
-2.032152277118856603e+02
-2.047940817118856671e+02
-2.095306437118856593e+02
-2.079517897118856808e+02
-1.953209577118856828e+02
-2.016363737118856818e+02
-2.032152277118856887e+02
-2.158460597118856583e+02
-2.111094977118856377e+02
-2.047940817118856955e+02
-2.142672057118856515e+02
-2.142672057118857083e+02
-2.174249137118856936e+02
-2.126883517118857014e+02
-2.205826217118856505e+02
-2.063729357118856740e+02
-2.032152277118856887e+02
-2.126883517118857014e+02
-1.953209577118856828e+02
-2.221614757118857142e+02
-2.016363737118857102e+02
-2.126883517118857014e+02
-1.968998117118856896e+02
-2.253191837118857279e+02
-2.095306437118856593e+02
-2.016363737118856534e+02
-2.174249137118856652e+02
-2.016363737118857102e+02
-2.237403297118856926e+02
-1.858478337118856700e+02
-2.111094977118856661e+02
-2.142672057118857083e+02
-2.237403297118857211e+02
-2.158460597118856867e+02
-2.253191837118856711e+02
-2.047940817118856671e+02
-2.111094977118856661e+02
-2.111094977118856661e+02
-2.284768917118857416e+02
-1.937421037118857043e+02
-2.221614757118857142e+02
-1.968998117118857181e+02
-2.158460597118856867e+02
-2.063729357118857024e+02
-2.095306437118856593e+02
-2.190037677118856720e+02
-2.000575197118856750e+02
-2.126883517118857014e+02
-2.126883517118857014e+02
-2.095306437118856593e+02
-1.842689797118856632e+02
-2.142672057118856799e+02
-2.079517897118856808e+02
-2.190037677118857005e+02
-2.095306437118856877e+02
-2.016363737118856534e+02
-2.174249137118857220e+02
-2.000575197118856750e+02
-2.095306437118856877e+02
-2.095306437118856593e+02
-2.111094977118856946e+02
-1.811112717118857063e+02
-1.968998117118856612e+02
-2.332134537118857338e+02
-1.826901257118856847e+02
-2.047940817118856955e+02
-1.890055417118857122e+02
-2.126883517118856730e+02
-2.032152277118856887e+02
-1.905843957118856622e+02
-2.237403297118856642e+02
-1.937421037118857043e+02
-2.063729357118857024e+02
-2.126883517118856730e+02
-2.000575197118856750e+02
-2.174249137118856936e+02
-2.079517897118856808e+02
-2.047940817118856671e+02
-2.032152277118856887e+02
-2.268980377118856779e+02
-2.095306437118856593e+02
-2.268980377118857064e+02
-2.063729357118856740e+02
-2.000575197118856750e+02
-2.032152277118856887e+02
-1.921632497118856691e+02
-2.079517897118856808e+02
-2.000575197118856750e+02
-2.284768917118856848e+02
-2.190037677118857289e+02
-2.111094977118856661e+02
-2.126883517118856730e+02
-2.111094977118856661e+02
-1.937421037118857043e+02
-2.063729357118857024e+02
-2.111094977118856377e+02
-2.047940817118856671e+02
-2.016363737118856534e+02
-1.968998117118856896e+02
-2.221614757118856858e+02
-2.126883517118857014e+02
-2.158460597118856867e+02
-1.921632497118856691e+02
-1.905843957118856622e+02
-2.126883517118856730e+02
-2.079517897118856808e+02
-2.000575197118857034e+02
-1.984786657118856965e+02
-1.953209577118856828e+02
-2.221614757118857142e+02
-2.142672057118856515e+02
-2.284768917118857132e+02
-2.111094977118856946e+02
-1.968998117118856896e+02
-2.142672057118857083e+02
-2.190037677118856436e+02
-2.032152277118856887e+02
-2.142672057118857083e+02
-2.063729357118856740e+02
-2.047940817118856671e+02
-2.126883517118856730e+02
-1.842689797118856916e+02
-2.016363737118857102e+02
-2.047940817118856955e+02
-2.016363737118856534e+02
-1.905843957118856906e+02
-2.079517897118856524e+02
-1.984786657118856681e+02
-1.921632497118856691e+02
-2.063729357118857024e+02
-1.890055417118857122e+02
-2.158460597118856867e+02
-1.905843957118856906e+02
-2.111094977118856377e+02
-2.142672057118856515e+02
-2.079517897118856524e+02
-2.095306437118856877e+02
-2.079517897118856808e+02
-2.111094977118856946e+02
-2.190037677118856720e+02
-1.858478337118856984e+02
-2.063729357118857024e+02
-1.937421037118857043e+02
-2.111094977118856661e+02
-2.016363737118856818e+02
-2.079517897118856524e+02
-2.063729357118857024e+02
-2.000575197118856750e+02
-2.032152277118856603e+02
-1.890055417118857122e+02
-2.379500157118857260e+02
-2.095306437118857161e+02
-1.968998117118857181e+02
-2.142672057118857083e+02
-1.890055417118857122e+02
-2.032152277118856603e+02
-1.905843957118856906e+02
-2.284768917118856848e+02
-1.984786657118856681e+02
-2.158460597118856867e+02
-2.174249137118856652e+02
-2.079517897118856808e+02
-2.158460597118856867e+02
-2.047940817118856955e+02
-2.063729357118856456e+02
-2.095306437118856593e+02
-2.016363737118857102e+02
-1.890055417118856838e+02
-2.063729357118857024e+02
-1.968998117118856896e+02
-2.300557457118856917e+02
-1.874266877118856769e+02
-2.000575197118856750e+02
-2.126883517118856446e+02
-1.890055417118856553e+02
-2.111094977118856946e+02
-2.079517897118856808e+02
-1.905843957118856906e+02
-2.047940817118856671e+02
-1.921632497118856691e+02
-2.142672057118856515e+02
-2.190037677118856720e+02
-2.063729357118857024e+02
-2.032152277118856887e+02
-2.000575197118856750e+02
-2.063729357118856740e+02
-2.268980377118857064e+02
-2.111094977118856661e+02
-1.937421037118857043e+02
-2.047940817118856671e+02
-2.126883517118856730e+02
-2.000575197118856750e+02
-2.032152277118856887e+02
-1.968998117118857181e+02
-1.937421037118856759e+02
-2.095306437118856593e+02
-2.032152277118856887e+02
-2.063729357118857024e+02
-1.842689797118856632e+02
-2.095306437118856593e+02
-2.142672057118856515e+02
-2.000575197118856750e+02
-2.111094977118856946e+02
-2.126883517118857014e+02
-2.016363737118856818e+02
-2.095306437118856877e+02
-2.158460597118856867e+02
-2.079517897118856808e+02
-1.937421037118857043e+02
-1.937421037118856475e+02
-2.142672057118856799e+02
-2.032152277118856887e+02
-1.874266877118856769e+02
-2.142672057118857083e+02
-2.047940817118856671e+02
-2.047940817118856955e+02
-2.079517897118856808e+02
-1.937421037118857043e+02
-2.174249137118856652e+02
-1.842689797118856916e+02
-2.111094977118856946e+02
-2.221614757118857142e+02
-2.190037677118857005e+02
-2.126883517118857014e+02
-2.032152277118856887e+02
-1.858478337118856984e+02
-1.968998117118856612e+02
-1.905843957118856906e+02
-2.237403297118856926e+02
-2.158460597118856583e+02
-1.937421037118856759e+02
-2.158460597118856583e+02
-1.984786657118856965e+02
-2.079517897118856808e+02
-1.858478337118856416e+02
-1.968998117118856612e+02
-1.826901257118856847e+02
-2.047940817118856955e+02
-2.063729357118857024e+02
-1.984786657118856965e+02
-2.095306437118856593e+02
-2.016363737118856534e+02
-2.111094977118856661e+02
-1.968998117118856896e+02
-2.016363737118856818e+02
-1.937421037118856475e+02
-2.158460597118856867e+02
-2.126883517118856730e+02
-1.874266877118856769e+02
-2.047940817118856955e+02
-2.000575197118856465e+02
-2.190037677118856436e+02
-1.937421037118856759e+02
-2.190037677118857005e+02
-2.047940817118856671e+02
-2.063729357118856740e+02
-2.111094977118856946e+02
-2.000575197118857034e+02
-2.142672057118857083e+02
-1.905843957118856622e+02
-2.063729357118856740e+02
-1.968998117118856896e+02
-2.032152277118856887e+02
-2.047940817118856671e+02
-1.953209577118856828e+02
-1.953209577118856828e+02
-2.079517897118856808e+02
-1.968998117118856612e+02
-2.142672057118857083e+02
-2.079517897118857093e+02
-1.858478337118856416e+02
-1.968998117118856612e+02
-2.190037677118856436e+02
-2.174249137118857220e+02
-2.174249137118856936e+02
-2.126883517118856730e+02
-2.079517897118856808e+02
-1.937421037118856759e+02
-2.016363737118857102e+02
-2.347923077118857123e+02
-2.095306437118856877e+02
-2.237403297118856926e+02
-2.016363737118856818e+02
-2.221614757118856858e+02
-2.095306437118856877e+02
-1.874266877118856769e+02
-2.079517897118856808e+02
-2.063729357118856740e+02
-2.284768917118856848e+02
-1.811112717118857063e+02
-2.190037677118857005e+02
-2.016363737118856818e+02
-1.984786657118856681e+02
-2.000575197118856750e+02
-2.047940817118856671e+02
-2.300557457118857201e+02
-2.111094977118856661e+02
-2.142672057118857083e+02
-2.095306437118856877e+02
-2.174249137118856652e+02
-2.095306437118856593e+02
-2.047940817118856955e+02
-2.095306437118856593e+02
-1.937421037118857043e+02
-1.937421037118857043e+02
-2.111094977118856946e+02
-2.205826217118856789e+02
-2.016363737118856534e+02
-2.016363737118857102e+02
-2.000575197118856750e+02
-1.968998117118857181e+02
-2.047940817118856671e+02
-1.921632497118856975e+02
-2.111094977118856661e+02
-1.937421037118857043e+02
-2.190037677118856436e+02
-1.937421037118856759e+02
-1.795324177118856994e+02
-2.016363737118857102e+02
-2.000575197118856750e+02
-1.811112717118857063e+02
-2.047940817118856671e+02
-2.221614757118856858e+02
-2.126883517118856730e+02
-2.158460597118856867e+02
-2.079517897118856808e+02
-2.095306437118856593e+02
-2.016363737118856818e+02
-2.126883517118856730e+02
-2.016363737118856534e+02
-2.016363737118857102e+02
-2.111094977118856946e+02
-2.111094977118856661e+02
-2.158460597118856867e+02
-2.000575197118857034e+02
-2.237403297118856926e+02
-2.284768917118856848e+02
-1.953209577118856828e+02
-2.032152277118856603e+02
-2.032152277118856603e+02
-2.095306437118856593e+02
-2.047940817118856671e+02
-2.158460597118856583e+02
-2.032152277118856887e+02
-1.968998117118856612e+02
-2.047940817118856671e+02
-1.968998117118856896e+02
-2.158460597118857152e+02
-1.890055417118856553e+02
-1.953209577118856544e+02
-2.047940817118856671e+02
-2.063729357118856456e+02
-2.032152277118856887e+02
-2.158460597118856867e+02
-1.826901257118856847e+02
-1.937421037118857043e+02
-2.016363737118856818e+02
-1.795324177118856710e+02
-1.905843957118856906e+02
-1.890055417118857122e+02
-1.890055417118857122e+02
-1.874266877118856769e+02
-1.795324177118856994e+02
-1.779535637118856926e+02
-1.858478337118856984e+02
-1.921632497118856691e+02
-1.937421037118856475e+02
-2.047940817118856671e+02
-2.047940817118856955e+02
-2.000575197118856750e+02
-2.000575197118856750e+02
-1.858478337118856984e+02
-1.953209577118856828e+02
-2.032152277118856887e+02
-1.921632497118856975e+02
-2.205826217118857357e+02
-1.953209577118856828e+02
-2.032152277118856603e+02
-1.984786657118856681e+02
-1.858478337118856984e+02
-1.842689797118856916e+02
-2.016363737118857102e+02
-1.905843957118856906e+02
-2.016363737118856534e+02
-1.937421037118856475e+02
-2.032152277118856887e+02
-2.063729357118857024e+02
-1.937421037118857043e+02
-2.047940817118856671e+02
-1.921632497118856691e+02
-1.700592937118856867e+02
-1.874266877118856769e+02
-1.905843957118856622e+02
-1.921632497118856691e+02
-1.953209577118856828e+02
-1.890055417118856838e+02
-1.984786657118856965e+02
-1.921632497118856691e+02
-2.016363737118856818e+02
-2.032152277118856603e+02
-2.047940817118856671e+02
-2.095306437118857161e+02
-2.142672057118856515e+02
-1.874266877118856769e+02
-2.126883517118856446e+02
-1.968998117118856612e+02
-2.174249137118856652e+02
-2.095306437118856593e+02
-1.858478337118856984e+02
-1.968998117118856896e+02
-1.842689797118856632e+02
-2.000575197118856750e+02
-1.858478337118856700e+02
-1.968998117118856896e+02
-2.063729357118856740e+02
-2.205826217118857073e+02
-1.842689797118856632e+02
-1.874266877118856769e+02
-1.811112717118857063e+02
-2.032152277118856603e+02
-2.000575197118856750e+02
-1.921632497118856691e+02
-2.047940817118856955e+02
-1.826901257118856847e+02
-2.016363737118856534e+02
-1.937421037118857043e+02
-2.032152277118856887e+02
-1.968998117118857181e+02
-1.890055417118856838e+02
-2.000575197118857034e+02
-1.890055417118857122e+02
-1.984786657118856965e+02
-2.016363737118856818e+02
-1.716381477118856935e+02
-2.190037677118856436e+02
-2.000575197118856750e+02
-2.047940817118856671e+02
-1.968998117118856896e+02
-2.047940817118856955e+02
-1.763747097118857141e+02
-1.968998117118856612e+02
-2.063729357118857024e+02
-2.016363737118856534e+02
-2.063729357118856740e+02
-2.000575197118856465e+02
-1.968998117118856896e+02
-1.921632497118856975e+02
-1.874266877118856769e+02
-2.032152277118856603e+02
-1.826901257118856847e+02
-1.795324177118856710e+02
-1.874266877118856769e+02
-2.047940817118856955e+02
-1.779535637118856641e+02
-1.968998117118856896e+02
-2.047940817118856671e+02
-1.890055417118857122e+02
-2.016363737118856818e+02
-1.921632497118856975e+02
-2.047940817118856671e+02
-2.032152277118856603e+02
-2.111094977118856661e+02
-2.016363737118857102e+02
-1.890055417118856838e+02
-1.953209577118856828e+02
-2.000575197118856750e+02
-2.126883517118856730e+02
-2.079517897118856808e+02
-1.984786657118856965e+02
-1.905843957118856906e+02
-2.016363737118857102e+02
-1.937421037118857043e+02
-1.968998117118856896e+02
-1.826901257118856847e+02
-1.700592937118856867e+02
-2.032152277118856887e+02
-2.126883517118856730e+02
-2.000575197118856750e+02
-1.921632497118856691e+02
-1.921632497118856691e+02
-2.205826217118856789e+02
-1.953209577118856828e+02
-1.984786657118856965e+02
-2.063729357118857024e+02
-1.905843957118856906e+02
-2.000575197118856750e+02
-1.874266877118856485e+02
-1.953209577118856828e+02
-1.890055417118857122e+02
-2.032152277118856887e+02
-1.968998117118856612e+02
-2.047940817118856955e+02
-1.890055417118856553e+02
-1.653227317118856661e+02
-1.937421037118856475e+02
-2.000575197118856750e+02
-2.174249137118856652e+02
-1.984786657118856965e+02
-2.000575197118856750e+02
-2.032152277118856887e+02
-2.032152277118856887e+02
-1.953209577118856828e+02
-1.795324177118856710e+02
-1.842689797118856632e+02
-1.826901257118857131e+02
-2.000575197118856750e+02
-1.890055417118856838e+02
-1.811112717118856494e+02
-1.795324177118856994e+02
-1.716381477118856651e+02
-2.063729357118856740e+02
-1.984786657118856965e+02
-1.937421037118856475e+02
-1.842689797118856632e+02
-2.079517897118856808e+02
-1.984786657118856965e+02
-2.111094977118856661e+02
-1.968998117118856612e+02
-1.984786657118856965e+02
-1.826901257118856563e+02
-2.032152277118856887e+02
-1.953209577118857112e+02
-2.016363737118856818e+02
-1.874266877118856769e+02
-1.842689797118856632e+02
-1.874266877118856769e+02
-2.063729357118856456e+02
-1.984786657118856965e+02
-1.890055417118856838e+02
-2.079517897118856808e+02
-2.000575197118856750e+02
-1.747958557118856504e+02
-1.905843957118856622e+02
-1.968998117118856896e+02
-1.968998117118856612e+02
-2.032152277118856887e+02
-1.968998117118856612e+02
-2.000575197118857034e+02
-1.905843957118856906e+02
-1.968998117118857181e+02
-1.921632497118856975e+02
-2.047940817118856955e+02
-2.000575197118857034e+02
-2.079517897118856524e+02
-1.921632497118856691e+02
-1.984786657118856681e+02
-1.874266877118856769e+02
-2.000575197118857034e+02
-1.984786657118856965e+02
-2.158460597118856867e+02
-1.621650237118856808e+02
-1.890055417118856838e+02
-1.890055417118857122e+02
-2.158460597118856867e+02
-2.016363737118856534e+02
-1.826901257118856847e+02
-2.000575197118856750e+02
-1.826901257118856847e+02
-1.874266877118856769e+02
-1.842689797118856632e+02
-2.111094977118856946e+02
-1.905843957118856622e+02
-1.921632497118856691e+02
-1.890055417118856553e+02
-1.842689797118857200e+02
-1.905843957118856622e+02
-1.921632497118856691e+02
-1.905843957118856622e+02
-2.047940817118856955e+02
-2.032152277118856603e+02
-2.032152277118856887e+02
-1.842689797118856916e+02
-2.111094977118856661e+02
-1.795324177118856710e+02
-2.047940817118856671e+02
-1.921632497118856975e+02
-1.763747097118856573e+02
-1.874266877118857053e+02
-2.142672057118857083e+02
-1.842689797118856632e+02
-1.968998117118856896e+02
-2.158460597118856867e+02
-1.826901257118856563e+02
-1.874266877118856769e+02
-1.826901257118856563e+02
-1.858478337118856416e+02
-1.921632497118856691e+02
-1.953209577118857112e+02
-2.079517897118856808e+02
-1.921632497118856691e+02
-1.968998117118856896e+02
-1.874266877118856769e+02
-1.953209577118856544e+02
-1.890055417118856553e+02
-2.142672057118856515e+02
-2.000575197118856750e+02
-1.905843957118856622e+02
-1.890055417118856838e+02
-1.968998117118856896e+02
-1.984786657118856681e+02
-1.921632497118856691e+02
-1.968998117118856612e+02
-2.000575197118856750e+02
-1.874266877118856769e+02
-1.874266877118856769e+02
-1.953209577118856828e+02
-1.953209577118857112e+02
-2.047940817118856671e+02
-1.937421037118856475e+02
-1.984786657118856681e+02
-1.858478337118856416e+02
-2.079517897118856808e+02
-1.953209577118856828e+02
-2.079517897118856808e+02
-1.779535637118856926e+02
-1.890055417118857122e+02
-1.921632497118856975e+02
-1.905843957118856622e+02
-1.684804397118856514e+02
-2.047940817118856671e+02
-1.890055417118857122e+02
-2.000575197118856750e+02
-1.858478337118856700e+02
-1.984786657118856965e+02
-2.095306437118856593e+02
-1.937421037118856475e+02
-2.032152277118856603e+02
-2.079517897118856524e+02
-1.842689797118856632e+02
-1.984786657118856397e+02
-2.063729357118856456e+02
-2.000575197118857034e+02
-1.984786657118856681e+02
-1.984786657118856397e+02
-2.079517897118856808e+02
-2.063729357118856456e+02
-1.953209577118856828e+02
-1.921632497118856691e+02
-1.921632497118856975e+02
-1.984786657118856965e+02
-1.905843957118856906e+02
-1.968998117118856612e+02
-1.890055417118856838e+02
-1.905843957118856622e+02
-1.905843957118856906e+02
-1.874266877118856769e+02
-1.858478337118856984e+02
-1.968998117118856612e+02
-1.953209577118857112e+02
-1.921632497118856691e+02
-2.111094977118856946e+02
-2.016363737118856818e+02
-2.095306437118856593e+02
-1.984786657118856965e+02
-1.890055417118856553e+02
-1.842689797118856632e+02
-2.000575197118856750e+02
-2.095306437118856593e+02
-1.874266877118856769e+02
-1.874266877118857053e+02
-1.905843957118856906e+02
-1.716381477118856651e+02
-2.032152277118856887e+02
-2.000575197118857034e+02
-2.032152277118856887e+02
-1.811112717118857063e+02
-1.921632497118856975e+02
-2.000575197118857034e+02
-2.079517897118857093e+02
-1.984786657118856965e+02
-2.016363737118856818e+02
-2.142672057118856799e+02
-2.016363737118856534e+02
-2.095306437118856877e+02
-1.984786657118856965e+02
-1.842689797118856916e+02
-1.905843957118856906e+02
-1.858478337118856416e+02
-2.079517897118856808e+02
-2.063729357118857024e+02
-1.968998117118856896e+02
-2.032152277118856603e+02
-2.063729357118857024e+02
-2.000575197118856750e+02
-1.953209577118856544e+02
-2.111094977118856946e+02
-1.826901257118856563e+02
-1.842689797118857200e+02
-2.032152277118856887e+02
-1.953209577118856828e+02
-1.747958557118856788e+02
-2.063729357118856456e+02
-1.968998117118856612e+02
-1.890055417118857122e+02
-1.842689797118856916e+02
-2.000575197118856750e+02
-1.937421037118856475e+02
-1.874266877118856769e+02
-2.063729357118856740e+02
-2.047940817118856671e+02
-2.016363737118856818e+02
-2.111094977118856946e+02
-1.732170017118857004e+02
-2.079517897118856524e+02
-1.937421037118856759e+02
-1.968998117118856612e+02
-1.937421037118856759e+02
-1.984786657118856965e+02
-1.905843957118856622e+02
-1.921632497118856975e+02
-1.905843957118856622e+02
-1.937421037118857043e+02
-2.079517897118856808e+02
-1.890055417118856838e+02
-1.984786657118856965e+02
-1.984786657118856965e+02
-2.142672057118856799e+02
-1.905843957118856906e+02
-1.858478337118856700e+02
-1.984786657118856965e+02
-2.000575197118856750e+02
-1.858478337118856416e+02
-1.905843957118856906e+02
-2.032152277118856887e+02
-1.732170017118856720e+02
-1.779535637118856926e+02
-2.063729357118856456e+02
-1.716381477118856935e+02
-2.079517897118856524e+02
-1.858478337118856416e+02
-1.953209577118856828e+02
-2.000575197118856750e+02
-1.905843957118856906e+02
-1.953209577118856544e+02
-1.905843957118856906e+02
-1.937421037118856475e+02
-1.811112717118856494e+02
-1.953209577118856828e+02
-1.858478337118856984e+02
-1.826901257118856847e+02
-1.890055417118857122e+02
-1.953209577118856828e+02
-2.000575197118857034e+02
-1.842689797118856632e+02
-1.826901257118856847e+02
-1.842689797118857200e+02
-1.953209577118856828e+02
-1.953209577118856828e+02
-1.953209577118856828e+02
-1.874266877118856769e+02
-1.858478337118856700e+02
-2.079517897118856524e+02
-1.842689797118856632e+02
-1.968998117118856612e+02
-1.858478337118856984e+02
-2.079517897118856808e+02
-1.905843957118856906e+02
-1.984786657118856397e+02
-1.905843957118856906e+02
-1.858478337118856984e+02
-1.826901257118857131e+02
-1.795324177118856994e+02
-1.937421037118856475e+02
-1.890055417118857122e+02
-2.000575197118856750e+02
-2.000575197118856750e+02
-1.716381477118856651e+02
-2.032152277118856887e+02
-1.937421037118857043e+02
-1.968998117118856612e+02
-1.921632497118856975e+02
-1.700592937118857151e+02
-2.142672057118857083e+02
-1.779535637118856641e+02
-2.016363737118856534e+02
-1.842689797118856632e+02
-2.158460597118856867e+02
-1.905843957118856906e+02
-1.905843957118856906e+02
-2.047940817118856671e+02
-1.858478337118856984e+02
-1.953209577118856544e+02
-1.716381477118856935e+02
-2.032152277118856603e+02
-1.763747097118856857e+02
-1.858478337118856984e+02
-2.000575197118856750e+02
-2.047940817118856671e+02
-1.984786657118856681e+02
-1.874266877118856769e+02
-1.779535637118856926e+02
-2.063729357118856740e+02
-2.000575197118856465e+02
-2.174249137118856652e+02
-1.732170017118857004e+02
-1.968998117118856896e+02
-1.732170017118856720e+02
-1.968998117118856612e+02
-1.763747097118856573e+02
-1.984786657118856681e+02
-1.874266877118856769e+02
-1.747958557118856788e+02
-1.984786657118856965e+02
-1.905843957118856906e+02
-2.032152277118856887e+02
-1.937421037118857043e+02
-1.968998117118856896e+02
-2.047940817118856671e+02
-1.684804397118856798e+02
-2.079517897118856808e+02
-1.763747097118856573e+02
-1.890055417118856838e+02
-2.016363737118856818e+02
-2.142672057118856799e+02
-1.984786657118856681e+02
-2.174249137118856652e+02
-2.221614757118856858e+02
-1.874266877118856769e+02
-1.921632497118856691e+02
-1.811112717118857063e+02
-2.284768917118856848e+02
-1.953209577118856828e+02
-1.905843957118856906e+02
-1.874266877118856769e+02
-2.032152277118856887e+02
-1.890055417118856553e+02
-1.890055417118856838e+02
-2.126883517118856730e+02
-1.874266877118856769e+02
-1.811112717118856494e+02
-1.811112717118857063e+02
-1.953209577118856544e+02
-1.937421037118856759e+02
-1.921632497118856691e+02
-1.890055417118856553e+02
-1.811112717118857063e+02
-1.953209577118857112e+02
-2.032152277118856887e+02
-1.953209577118856828e+02
-2.126883517118856730e+02
-1.874266877118856769e+02
-1.890055417118857122e+02
-1.953209577118856828e+02
-1.968998117118856612e+02
-1.763747097118856573e+02
-2.095306437118856593e+02
-1.953209577118856828e+02
-1.874266877118856769e+02
-1.874266877118857053e+02
-1.763747097118856573e+02
-2.079517897118857093e+02
-1.653227317118856945e+02
-2.032152277118856887e+02
-2.111094977118856946e+02
-1.937421037118857043e+02
-1.890055417118856838e+02
-1.763747097118857141e+02
-1.905843957118856622e+02
-1.811112717118856779e+02
-2.000575197118856750e+02
-1.826901257118856847e+02
-1.842689797118856632e+02
-1.795324177118856710e+02
-1.858478337118856984e+02
-1.905843957118856622e+02
-1.795324177118856710e+02
-1.984786657118856965e+02
-1.984786657118856965e+02
-1.890055417118856553e+02
-1.953209577118856544e+02
-1.858478337118856984e+02
-1.968998117118856612e+02
-1.700592937118856867e+02
-2.047940817118856955e+02
-1.968998117118856612e+02
-1.984786657118856965e+02
-1.732170017118857004e+02
-1.763747097118856857e+02
-2.079517897118856524e+02
-2.000575197118857034e+02
-1.890055417118857122e+02
-1.890055417118856838e+02
-1.968998117118856612e+02
-1.747958557118857073e+02
-2.142672057118856799e+02
-1.890055417118856553e+02
-1.921632497118856975e+02
-1.779535637118856641e+02
-1.763747097118856857e+02
-2.111094977118856661e+02
-1.858478337118856984e+02
-2.079517897118856808e+02
-1.747958557118856504e+02
-1.858478337118856984e+02
-2.016363737118856818e+02
-1.811112717118856494e+02
-1.937421037118856759e+02
-1.826901257118856847e+02
-2.190037677118856436e+02
-1.747958557118856788e+02
-2.032152277118856887e+02
-2.016363737118856818e+02
-2.000575197118856750e+02
-1.874266877118856769e+02
-2.016363737118856534e+02
-1.905843957118856622e+02
-1.874266877118857053e+02
-2.047940817118856671e+02
-1.716381477118856935e+02
-1.874266877118857053e+02
-1.984786657118856681e+02
-1.684804397118857082e+02
-2.063729357118857024e+02
-1.858478337118856984e+02
-2.079517897118856808e+02
-1.795324177118856994e+02
-2.032152277118856887e+02
-1.905843957118856906e+02
-1.842689797118856916e+02
-2.000575197118856750e+02
-1.937421037118856759e+02
-1.921632497118856691e+02
-1.732170017118857004e+02
-1.890055417118856553e+02
-1.747958557118857073e+02
-1.874266877118856485e+02
-1.779535637118856641e+02
-1.858478337118856984e+02
-1.921632497118856691e+02
-1.953209577118856828e+02
-1.890055417118856838e+02
-1.953209577118856828e+02
-2.111094977118856661e+02
-1.905843957118856622e+02
-1.795324177118856710e+02
-1.747958557118856788e+02
-1.905843957118856622e+02
-1.826901257118856847e+02
-1.905843957118856622e+02
-1.953209577118857112e+02
-1.905843957118856906e+02
-1.890055417118856553e+02
-2.000575197118856750e+02
-2.000575197118857034e+02
-1.826901257118856847e+02
-1.890055417118856838e+02
-2.000575197118857034e+02
-1.921632497118856691e+02
-2.016363737118857102e+02
-1.732170017118857004e+02
-1.811112717118857063e+02
-2.142672057118856515e+02
-1.779535637118856641e+02
-1.937421037118856759e+02
-1.858478337118856700e+02
-1.874266877118856769e+02
-2.158460597118856867e+02
-1.605861697118856455e+02
-1.874266877118856769e+02
-1.937421037118856759e+02
-1.905843957118856622e+02
-1.811112717118856779e+02
-1.953209577118856828e+02
-1.826901257118857131e+02
-2.000575197118857034e+02
-2.000575197118856750e+02
-1.779535637118856926e+02
-2.174249137118856936e+02
-1.858478337118856700e+02
-2.063729357118856740e+02
-2.158460597118856867e+02
-1.779535637118856926e+02
-1.937421037118857043e+02
-2.095306437118856593e+02
-1.984786657118856965e+02
-1.795324177118856710e+02
-2.111094977118856661e+02
-1.968998117118856612e+02
-1.890055417118856838e+02
-2.016363737118856534e+02
-1.890055417118856838e+02
-1.968998117118857181e+02
-1.826901257118856563e+02
-1.826901257118856563e+02
-2.047940817118856955e+02
-2.032152277118856603e+02
-1.890055417118856553e+02
-1.779535637118856641e+02
-1.826901257118856563e+02
-1.826901257118856847e+02
-2.095306437118856877e+02
-1.826901257118856847e+02
-2.000575197118857034e+02
-2.016363737118856818e+02
-1.858478337118856700e+02
-1.795324177118856994e+02
-1.937421037118856759e+02
-1.984786657118856397e+02
-1.795324177118856710e+02
-1.968998117118856612e+02
-1.842689797118856916e+02
-1.968998117118856612e+02
-2.047940817118856955e+02
-1.905843957118856622e+02
-2.000575197118857034e+02
-1.811112717118857063e+02
-1.905843957118856622e+02
-2.016363737118856818e+02
-1.842689797118856632e+02
-1.984786657118856965e+02
-1.937421037118856759e+02
-2.142672057118856515e+02
-1.716381477118856935e+02
-1.968998117118857181e+02
-1.874266877118857053e+02
-2.142672057118856515e+02
-2.032152277118856603e+02
-1.874266877118856769e+02
-1.858478337118856984e+02
-1.905843957118856906e+02
-1.921632497118856691e+02
-1.874266877118856769e+02
-2.047940817118856671e+02
-2.000575197118856750e+02
-1.890055417118856838e+02
-1.984786657118856965e+02
-1.890055417118857122e+02
-1.953209577118856828e+02
-2.016363737118856534e+02
-1.826901257118856847e+02
-1.890055417118856553e+02
-1.858478337118856416e+02
-1.874266877118856769e+02
-1.811112717118856779e+02
-1.811112717118857063e+02
-1.905843957118856906e+02
-1.968998117118856612e+02
-1.842689797118856632e+02
-1.826901257118856563e+02
-1.795324177118856994e+02
-2.032152277118856887e+02
-1.890055417118856553e+02
-1.763747097118856573e+02
-1.874266877118856769e+02
-1.779535637118856926e+02
-1.905843957118856906e+02
-1.779535637118856926e+02
-2.111094977118856661e+02
-1.811112717118857063e+02
-2.047940817118856955e+02
-1.937421037118856475e+02
-1.763747097118856857e+02
-1.826901257118856563e+02
-2.000575197118856750e+02
-2.079517897118856808e+02
-1.874266877118856769e+02
-1.684804397118857082e+02
-1.779535637118856641e+02
-1.795324177118856710e+02
-2.047940817118856955e+02
-1.953209577118857112e+02
-1.968998117118856612e+02
-1.858478337118856700e+02
-1.968998117118856612e+02
-2.016363737118856534e+02
-1.874266877118856769e+02
-1.684804397118856514e+02
-1.937421037118856759e+02
-2.158460597118856583e+02
-1.858478337118856984e+02
-1.779535637118856926e+02
-1.842689797118856632e+02
-1.968998117118856896e+02
-2.111094977118856661e+02
-1.779535637118856926e+02
-2.000575197118857034e+02
-1.890055417118856838e+02
-2.016363737118856534e+02
-1.921632497118856691e+02
-1.953209577118856828e+02
-1.700592937118856867e+02
-2.016363737118856534e+02
-1.953209577118856828e+02
-1.716381477118856651e+02
-1.890055417118856553e+02
-1.779535637118856641e+02
-2.000575197118857034e+02
-2.158460597118856867e+02
-1.937421037118856759e+02
-1.842689797118856632e+02
-1.953209577118856828e+02
-1.669015857118856729e+02
-1.905843957118856906e+02
-1.968998117118856612e+02
-1.700592937118856867e+02
-1.921632497118856691e+02
-2.063729357118857024e+02
-1.905843957118856622e+02
-1.779535637118856641e+02
-1.858478337118856984e+02
-1.968998117118856896e+02
-1.842689797118857200e+02
-1.984786657118856681e+02
-1.811112717118856494e+02
-1.795324177118856994e+02
-1.763747097118856857e+02
-1.858478337118856700e+02
-2.016363737118856818e+02
-1.874266877118856769e+02
-2.079517897118856808e+02
-2.000575197118856750e+02
-1.811112717118857063e+02
-1.890055417118856553e+02
-2.016363737118856818e+02
-1.953209577118856828e+02
-1.700592937118856867e+02
-1.953209577118856828e+02
-1.921632497118856975e+02
-1.874266877118856769e+02
-1.858478337118856984e+02
-1.811112717118856494e+02
-1.968998117118857181e+02
-1.890055417118856838e+02
-1.937421037118857043e+02
-2.032152277118856887e+02
-1.905843957118856906e+02
-2.142672057118856515e+02
-1.795324177118856994e+02
-2.000575197118857034e+02
-1.732170017118857004e+02
-1.984786657118856965e+02
-1.842689797118857200e+02
-1.890055417118857122e+02
-2.047940817118856671e+02
-1.716381477118856651e+02
-1.984786657118856965e+02
-1.890055417118857122e+02
-2.047940817118856671e+02
-1.842689797118856632e+02
-1.921632497118856691e+02
-2.032152277118856887e+02
-1.968998117118856896e+02
-1.905843957118856622e+02
-1.937421037118857043e+02
-1.953209577118857112e+02
-1.905843957118856622e+02
-2.000575197118857034e+02
-1.811112717118856494e+02
-1.905843957118856906e+02
-1.968998117118856612e+02
-1.984786657118856965e+02
-2.016363737118856534e+02
-1.842689797118856632e+02
-1.984786657118856681e+02
-1.921632497118856691e+02
-1.905843957118856622e+02
-1.984786657118856965e+02
-1.779535637118856926e+02
-1.890055417118857122e+02
-2.063729357118856456e+02
-2.079517897118856808e+02
-2.016363737118856818e+02
-2.016363737118856534e+02
-1.858478337118856984e+02
-1.984786657118856681e+02
-1.953209577118856828e+02
-1.747958557118856788e+02
-1.968998117118856896e+02
-1.874266877118856769e+02
-1.968998117118856896e+02
-2.016363737118856534e+02
-1.984786657118856965e+02
-1.968998117118856612e+02
-1.937421037118857043e+02
-1.858478337118856984e+02
-1.905843957118856622e+02
-1.921632497118856975e+02
-1.890055417118856553e+02
-2.095306437118856877e+02
-1.747958557118857073e+02
-1.842689797118856916e+02
-1.984786657118856965e+02
-1.842689797118856916e+02
-2.142672057118857083e+02
-1.984786657118856681e+02
-1.795324177118856994e+02
-1.968998117118856612e+02
-1.842689797118856916e+02
-1.842689797118856632e+02
-1.858478337118856984e+02
-1.937421037118857043e+02
-1.858478337118856700e+02
-2.095306437118857161e+02
-1.937421037118857043e+02
-1.921632497118856975e+02
-1.874266877118856769e+02
-1.842689797118856916e+02
-1.953209577118857112e+02
-1.858478337118856700e+02
-1.858478337118856700e+02
-1.953209577118856544e+02
-1.905843957118856622e+02
-1.905843957118856906e+02
-1.858478337118856700e+02
-1.937421037118856475e+02
-1.795324177118856710e+02
-1.937041375191585075e+02
7.627989648084144392e+01
-1.952829915191585144e+02
-2.158080935191585183e+02
-1.652847655191584977e+02
-1.352865395191585094e+02
-1.589693495191585271e+02
-1.147614375191585196e+02
-1.131825835191585270e+02
-1.416019555191585084e+02
-1.352865395191585094e+02
-1.400231015191585300e+02
-1.210768535191585329e+02
-1.305499775191585172e+02
-1.479173715191585075e+02
-1.368653935191585163e+02
-1.258134155191585251e+02
-1.131825835191585128e+02
-1.116037295191585201e+02
-1.337076855191585025e+02
-1.416019555191585084e+02
-1.258134155191585251e+02
-1.352865395191585094e+02
-1.289711235191585388e+02
-1.242345615191585324e+02
-1.431808095191585153e+02
-1.400231015191585300e+02
-1.352865395191585094e+02
-1.431808095191585153e+02
-1.194979995191585260e+02
-1.226557075191585255e+02
-1.226557075191585113e+02
-1.352865395191585094e+02
-1.179191455191585334e+02
-1.431808095191585153e+02
-1.510750795191585212e+02
-1.321288315191585241e+02
-1.431808095191585153e+02
-1.273922695191585035e+02
-1.337076855191585310e+02
-1.194979995191585118e+02
-1.321288315191585241e+02
-1.194979995191585260e+02
-1.337076855191585310e+02
-1.400231015191585300e+02
-1.305499775191585172e+02
-1.305499775191585172e+02
-1.447596635191584937e+02
-1.400231015191585300e+02
-1.368653935191585163e+02
-1.352865395191585094e+02
-1.242345615191585182e+02
-1.337076855191585310e+02
-1.337076855191585025e+02
-1.384442475191585231e+02
-1.273922695191585319e+02
-1.431808095191585153e+02
-1.463385175191585006e+02
-1.210768535191585329e+02
-1.305499775191585172e+02
-1.210768535191585187e+02
-1.163402915191585123e+02
-1.305499775191585172e+02
-1.447596635191584937e+02
-1.242345615191585324e+02
-1.289711235191585388e+02
-1.416019555191585368e+02
-1.542327875191585065e+02
-1.368653935191585163e+02
-1.337076855191585025e+02
-1.194979995191585260e+02
-1.431808095191585153e+02
-1.337076855191585025e+02
-1.100248755191585133e+02
-1.131825835191585270e+02
-1.100248755191585133e+02
-1.416019555191585084e+02
-1.289711235191585104e+02
-1.273922695191585035e+02
-1.352865395191585094e+02
-1.447596635191585221e+02
-1.321288315191585241e+02
-1.542327875191585065e+02
-1.384442475191585231e+02
-1.273922695191585035e+02
-1.368653935191585163e+02
-1.447596635191585221e+02
-1.352865395191585094e+02
-1.510750795191585212e+02
-1.400231015191585300e+02
-1.494962255191585143e+02
-1.368653935191585163e+02
-1.494962255191585143e+02
-1.273922695191585035e+02
-1.494962255191585143e+02
-1.463385175191585290e+02
-1.242345615191585182e+02
-1.194979995191585118e+02
-1.321288315191585241e+02
-1.147614375191585339e+02
-1.337076855191585310e+02
-1.163402915191585123e+02
-1.289711235191585388e+02
-1.273922695191585177e+02
-1.273922695191585177e+02
-1.242345615191585182e+02
-1.321288315191584957e+02
-1.368653935191585163e+02
-1.526539335191585280e+02
-1.431808095191585153e+02
-1.384442475191585231e+02
-1.479173715191585075e+02
-1.289711235191585388e+02
-1.258134155191585251e+02
-1.242345615191585182e+02
-1.400231015191585300e+02
-1.242345615191585182e+02
-1.337076855191585310e+02
-1.273922695191585177e+02
-1.526539335191584996e+02
-1.352865395191585378e+02
-1.400231015191585300e+02
-1.352865395191585378e+02
-1.337076855191585025e+02
-1.147614375191585054e+02
-1.368653935191585163e+02
-1.242345615191585182e+02
-1.226557075191585113e+02
-1.226557075191585113e+02
-1.384442475191584947e+02
-1.384442475191585231e+02
-1.194979995191585118e+02
-1.194979995191585118e+02
-1.226557075191585113e+02
-1.210768535191585329e+02
-1.305499775191585172e+02
-1.226557075191585255e+02
-1.258134155191585251e+02
-1.273922695191585177e+02
-1.273922695191585319e+02
-1.431808095191585153e+02
-1.321288315191585241e+02
-1.147614375191585054e+02
-1.337076855191585025e+02
-1.400231015191585300e+02
-1.068671675191585280e+02
-1.179191455191585192e+02
-1.179191455191585334e+02
-1.352865395191585094e+02
-1.147614375191585339e+02
-1.368653935191585163e+02
-1.494962255191585143e+02
-1.305499775191585172e+02
-1.321288315191585241e+02
-1.305499775191585172e+02
-1.163402915191585265e+02
-1.352865395191585094e+02
-1.163402915191585265e+02
-1.321288315191585241e+02
-1.431808095191585153e+02
-1.305499775191585172e+02
-1.084460215191585348e+02
-1.431808095191585153e+02
-1.116037295191585059e+02
-1.400231015191585300e+02
-1.194979995191585260e+02
-1.226557075191585398e+02
-1.526539335191584996e+02
-1.273922695191585319e+02
-1.337076855191585025e+02
-1.242345615191585182e+02
-1.210768535191585329e+02
-1.400231015191585016e+02
-1.273922695191585319e+02
-1.179191455191585192e+02
-1.289711235191585104e+02
-1.337076855191585310e+02
-1.463385175191585006e+02
-1.384442475191585231e+02
-1.258134155191585251e+02
-1.242345615191585182e+02
-1.084460215191585206e+02
-1.179191455191585192e+02
-1.337076855191585310e+02
-1.352865395191585378e+02
-1.100248755191585133e+02
-1.194979995191585260e+02
-1.258134155191585251e+02
-1.400231015191585016e+02
-1.210768535191585329e+02
-1.273922695191585035e+02
-1.384442475191585231e+02
-1.479173715191585359e+02
-1.447596635191585221e+02
-1.352865395191585094e+02
-1.337076855191585025e+02
-1.321288315191585241e+02
-1.337076855191585310e+02
-1.179191455191585192e+02
-1.289711235191585388e+02
-1.447596635191585221e+02
-1.305499775191585172e+02
-1.289711235191585104e+02
-1.289711235191585388e+02
-1.289711235191585388e+02
-1.226557075191585113e+02
-1.352865395191585094e+02
-1.321288315191584957e+02
-1.337076855191585310e+02
-1.226557075191585113e+02
-1.337076855191585310e+02
-1.273922695191585035e+02
-1.068671675191585280e+02
-1.210768535191585045e+02
-1.210768535191585045e+02
-1.400231015191585016e+02
-1.321288315191585241e+02
-1.352865395191585378e+02
-1.273922695191585177e+02
-1.226557075191585113e+02
-1.194979995191585260e+02
-1.210768535191585329e+02
-1.400231015191585016e+02
-1.226557075191585113e+02
-1.368653935191585163e+02
-1.416019555191585084e+02
-1.163402915191585123e+02
-1.431808095191585153e+02
-1.321288315191584957e+02
-1.242345615191585182e+02
-1.258134155191585251e+02
-1.337076855191585025e+02
-1.116037295191585201e+02
-1.242345615191585182e+02
-1.194979995191584976e+02
-1.400231015191585300e+02
-1.131825835191585270e+02
-1.431808095191585153e+02
-1.400231015191585300e+02
-1.242345615191585324e+02
-1.084460215191585348e+02
-1.194979995191585260e+02
-1.226557075191585113e+02
-1.352865395191585094e+02
-9.897289751915852207e+01
-1.337076855191585310e+02
-1.289711235191585104e+02
-1.384442475191585231e+02
-1.131825835191585128e+02
-1.384442475191584947e+02
-1.100248755191585133e+02
-1.179191455191585192e+02
-1.384442475191585231e+02
-1.447596635191585221e+02
-1.305499775191585172e+02
-1.242345615191585182e+02
-1.258134155191585251e+02
-1.242345615191585324e+02
-1.179191455191585192e+02
-1.463385175191585290e+02
-1.242345615191585040e+02
-1.321288315191585241e+02
-1.384442475191584947e+02
-1.068671675191585138e+02
-1.116037295191585201e+02
-1.210768535191585329e+02
-1.242345615191585182e+02
-1.273922695191585319e+02
-1.258134155191585251e+02
-1.163402915191585123e+02
-1.416019555191585368e+02
-1.194979995191585118e+02
-1.037094595191585142e+02
-1.179191455191585192e+02
-1.321288315191585241e+02
-1.305499775191585172e+02
-1.179191455191585192e+02
-1.210768535191585329e+02
-1.084460215191585348e+02
-9.739404351915851521e+01
-1.352865395191585094e+02
-1.131825835191585270e+02
-1.510750795191584928e+02
-1.384442475191585231e+02
-1.289711235191585104e+02
-1.052883135191585211e+02
-1.400231015191585016e+02
-1.384442475191585231e+02
-1.226557075191585255e+02
-1.116037295191585201e+02
-1.400231015191585016e+02
-1.431808095191585153e+02
-1.084460215191585348e+02
-1.416019555191585368e+02
-1.194979995191585118e+02
-1.226557075191585113e+02
-1.210768535191585187e+02
-1.352865395191585094e+02
-1.400231015191585016e+02
-1.194979995191585260e+02
-1.210768535191585329e+02
-1.226557075191585398e+02
-1.273922695191585177e+02
-1.194979995191585260e+02
-1.242345615191585040e+02
-1.368653935191585163e+02
-1.258134155191585108e+02
-1.305499775191585172e+02
-1.052883135191585069e+02
-1.273922695191585319e+02
-1.242345615191585182e+02
-1.242345615191585182e+02
-1.258134155191585108e+02
-1.447596635191585221e+02
-1.289711235191585388e+02
-1.210768535191585187e+02
-1.400231015191585300e+02
-1.400231015191585300e+02
-1.242345615191585182e+02
-1.273922695191585319e+02
-1.352865395191585094e+02
-1.131825835191584986e+02
-1.242345615191585182e+02
-1.305499775191585172e+02
-1.210768535191585045e+02
-1.352865395191585094e+02
-1.147614375191585054e+02
-1.321288315191584957e+02
-1.021306055191585074e+02
-1.289711235191585104e+02
-1.242345615191585182e+02
-1.163402915191585123e+02
-1.242345615191585182e+02
-1.116037295191585201e+02
-1.337076855191585025e+02
-1.179191455191585050e+02
-1.226557075191585113e+02
-1.305499775191585172e+02
-1.068671675191585280e+02
-1.289711235191585388e+02
-1.005517515191585005e+02
-1.273922695191585319e+02
-1.447596635191585221e+02
-1.242345615191585182e+02
-1.289711235191585388e+02
-1.352865395191585094e+02
-1.321288315191584957e+02
-1.384442475191585231e+02
-1.226557075191585255e+02
-1.289711235191585104e+02
-1.400231015191585016e+02
-1.289711235191585388e+02
-1.416019555191585084e+02
-1.258134155191585251e+02
-1.226557075191585398e+02
-1.479173715191585075e+02
-1.368653935191585163e+02
-1.447596635191585221e+02
-1.321288315191585241e+02
-1.210768535191585329e+02
-1.289711235191585388e+02
-1.384442475191584947e+02
-1.447596635191584937e+02
-1.368653935191585163e+02
-1.305499775191585172e+02
-1.305499775191585172e+02
-1.305499775191585172e+02
-1.384442475191585231e+02
-1.400231015191585300e+02
-1.337076855191585310e+02
-1.258134155191585251e+02
-1.305499775191585172e+02
-1.163402915191585265e+02
-1.479173715191585075e+02
-1.400231015191585016e+02
-1.242345615191585040e+02
-1.242345615191585182e+02
-1.337076855191585025e+02
-1.384442475191585231e+02
-1.431808095191585153e+02
-1.242345615191585182e+02
-1.273922695191585319e+02
-1.194979995191585260e+02
-1.273922695191585035e+02
-1.116037295191585201e+02
-1.526539335191585280e+02
-1.210768535191585329e+02
-1.321288315191585241e+02
-9.423633551915851569e+01
-1.258134155191585108e+02
-1.416019555191585084e+02
-1.258134155191585251e+02
-1.337076855191585025e+02
-1.242345615191585182e+02
-1.147614375191585054e+02
-1.368653935191585163e+02
-1.321288315191584957e+02
-1.368653935191585163e+02
-1.005517515191585289e+02
-1.321288315191585241e+02
-1.242345615191585182e+02
-1.447596635191584937e+02
-1.305499775191585172e+02
-1.226557075191585255e+02
-1.258134155191585251e+02
-1.431808095191585153e+02
-1.305499775191585172e+02
-1.258134155191584966e+02
-1.226557075191585255e+02
-1.116037295191585201e+02
-1.305499775191585172e+02
-1.305499775191585172e+02
-1.321288315191584957e+02
-1.400231015191585300e+02
-1.258134155191585251e+02
-1.226557075191585113e+02
-1.305499775191585172e+02
-1.258134155191585251e+02
-1.352865395191585094e+02
-1.526539335191585280e+02
-1.337076855191585310e+02
-9.739404351915852942e+01
-1.384442475191585231e+02
-1.116037295191585201e+02
-1.368653935191585163e+02
-1.194979995191584976e+02
-1.321288315191585241e+02
-1.368653935191585163e+02
-1.179191455191585192e+02
-1.321288315191585241e+02
-1.226557075191585113e+02
-1.416019555191585368e+02
-1.084460215191585064e+02
-1.494962255191585143e+02
-1.400231015191585300e+02
-1.131825835191585270e+02
-1.447596635191584937e+02
-1.163402915191585123e+02
-1.289711235191585104e+02
-1.242345615191585182e+02
-1.416019555191585368e+02
-1.147614375191585339e+02
-1.258134155191585108e+02
-1.305499775191585172e+02
-1.352865395191585094e+02
-1.400231015191585016e+02
-1.384442475191585231e+02
-1.179191455191585334e+02
-1.116037295191585201e+02
-1.384442475191584947e+02
-1.494962255191585143e+02
-1.305499775191585172e+02
-1.242345615191585182e+02
-1.179191455191585192e+02
-1.368653935191585163e+02
-1.337076855191585025e+02
-1.305499775191585172e+02
-1.352865395191585378e+02
-1.084460215191585206e+02
-1.447596635191585221e+02
-1.179191455191585334e+02
-1.558116415191585133e+02
-1.431808095191585153e+02
-1.494962255191585143e+02
-1.163402915191585123e+02
-1.352865395191585094e+02
-1.226557075191585113e+02
-1.400231015191585016e+02
-1.352865395191585378e+02
-1.400231015191585300e+02
-1.337076855191585310e+02
-1.416019555191585084e+02
-1.352865395191585094e+02
-1.416019555191585368e+02
-1.289711235191585388e+02
-1.384442475191584947e+02
-1.194979995191585260e+02
-1.384442475191585231e+02
-1.337076855191585025e+02
-1.400231015191585300e+02
-1.352865395191585094e+02
-1.194979995191585260e+02
-1.368653935191585163e+02
-1.289711235191585104e+02
-1.352865395191585378e+02
-1.384442475191585231e+02
-1.305499775191585172e+02
-1.289711235191585104e+02
-1.163402915191585123e+02
-1.416019555191585084e+02
-1.021306055191585074e+02
-1.337076855191585310e+02
-1.226557075191585113e+02
-1.321288315191585241e+02
-1.337076855191585025e+02
-1.416019555191585084e+02
-1.289711235191585104e+02
-1.479173715191585359e+02
-1.179191455191585192e+02
-1.163402915191585123e+02
-1.289711235191585388e+02
-1.210768535191585329e+02
-1.463385175191585006e+02
-1.258134155191585108e+02
-1.368653935191585163e+02
-1.305499775191585172e+02
-1.242345615191585182e+02
-1.289711235191585104e+02
-1.226557075191585113e+02
-1.400231015191585016e+02
-1.179191455191585192e+02
-1.384442475191584947e+02
-1.258134155191585251e+02
-1.305499775191585172e+02
-1.131825835191585270e+02
-1.210768535191585045e+02
-1.258134155191585251e+02
-1.226557075191585113e+02
-1.273922695191585035e+02
-1.147614375191585054e+02
-1.494962255191585143e+02
-1.416019555191585084e+02
-1.368653935191585163e+02
-1.305499775191585172e+02
-1.431808095191585153e+02
-1.368653935191585163e+02
-1.258134155191585251e+02
-1.179191455191585192e+02
-1.258134155191585108e+02
-1.321288315191584957e+02
-1.242345615191585324e+02
-1.242345615191585182e+02
-1.431808095191585153e+02
-1.100248755191585133e+02
-1.163402915191585123e+02
-1.242345615191585182e+02
-1.321288315191584957e+02
-1.242345615191585182e+02
-1.242345615191585182e+02
-1.321288315191585241e+02
-1.179191455191585192e+02
-1.400231015191585300e+02
-1.194979995191585260e+02
-1.305499775191585172e+02
-1.242345615191585182e+02
-1.179191455191585192e+02
-1.305499775191585172e+02
-1.400231015191585016e+02
-1.305499775191585172e+02
-1.226557075191585113e+02
-1.384442475191585231e+02
-1.147614375191585339e+02
-1.242345615191585182e+02
-1.273922695191585319e+02
-1.526539335191585280e+02
-1.289711235191585104e+02
-1.368653935191585163e+02
-1.337076855191585310e+02
-1.305499775191585172e+02
-1.226557075191585113e+02
-1.163402915191585123e+02
-1.321288315191584957e+02
-1.368653935191585163e+02
-1.400231015191585016e+02
-1.273922695191585319e+02
-1.242345615191585324e+02
-1.337076855191585310e+02
-1.258134155191585108e+02
-1.289711235191585104e+02
-1.337076855191585310e+02
-1.305499775191585172e+02
-1.463385175191585290e+02
-1.352865395191585094e+02
-1.558116415191585133e+02
-1.273922695191585177e+02
-1.321288315191584957e+02
-1.416019555191585084e+02
-1.131825835191584986e+02
-1.179191455191585192e+02
-1.321288315191584957e+02
-1.431808095191585153e+02
-1.463385175191585006e+02
-1.416019555191585084e+02
-1.226557075191585113e+02
-1.179191455191585192e+02
-1.179191455191585192e+02
-1.416019555191585084e+02
-1.289711235191585104e+02
-1.526539335191585280e+02
-1.416019555191585084e+02
-1.273922695191585319e+02
-1.194979995191585260e+02
-1.337076855191585025e+02
-1.242345615191585324e+02
-1.226557075191585255e+02
-1.258134155191585108e+02
-1.321288315191585241e+02
-1.194979995191585260e+02
-1.479173715191585359e+02
-1.352865395191585094e+02
-1.305499775191585172e+02
-1.179191455191585192e+02
-1.226557075191585113e+02
-1.242345615191585324e+02
-1.400231015191585016e+02
-1.242345615191585182e+02
-1.210768535191585329e+02
-1.179191455191585192e+02
-1.242345615191585182e+02
-1.226557075191585113e+02
-1.194979995191585260e+02
-1.368653935191585163e+02
-1.100248755191585133e+02
-1.305499775191585172e+02
-1.258134155191585251e+02
-1.226557075191585113e+02
-1.368653935191585163e+02
-1.352865395191585094e+02
-1.163402915191585407e+02
-1.258134155191585251e+02
-1.321288315191585241e+02
-1.100248755191585275e+02
-1.242345615191585040e+02
-1.321288315191584957e+02
-1.179191455191585192e+02
-1.305499775191585172e+02
-1.242345615191585040e+02
-1.242345615191585182e+02
-1.289711235191585104e+02
-1.273922695191585177e+02
-1.258134155191585251e+02
-1.194979995191585260e+02
-1.100248755191585133e+02
-1.273922695191585177e+02
-1.179191455191585192e+02
-1.242345615191585182e+02
-1.179191455191585192e+02
-1.289711235191585104e+02
-1.305499775191585172e+02
-1.273922695191585319e+02
-9.897289751915852207e+01
-1.352865395191585378e+02
-1.352865395191585094e+02
-1.384442475191584947e+02
-1.226557075191585113e+02
-1.084460215191585206e+02
-1.179191455191585192e+02
-1.273922695191585035e+02
-1.210768535191585329e+02
-1.037094595191585285e+02
-1.416019555191585084e+02
-1.337076855191585310e+02
-1.321288315191585241e+02
-1.258134155191585251e+02
-1.021306055191585074e+02
-1.352865395191585094e+02
-1.179191455191585192e+02
-1.289711235191585388e+02
-1.258134155191585251e+02
-1.352865395191585378e+02
-1.210768535191585045e+02
-1.400231015191585016e+02
-1.147614375191585054e+02
-1.447596635191585221e+02
-1.400231015191585016e+02
-1.258134155191585108e+02
-1.400231015191585016e+02
-1.100248755191585417e+02
-1.210768535191585187e+02
-1.273922695191585177e+02
-1.337076855191585025e+02
-1.368653935191585163e+02
-1.510750795191585212e+02
-1.131825835191585128e+02
-1.163402915191585123e+02
-1.289711235191585104e+02
-1.352865395191585094e+02
-1.352865395191585378e+02
-1.321288315191584957e+02
-1.494962255191585143e+02
-1.289711235191585104e+02
-1.305499775191585172e+02
-1.447596635191584937e+02
-1.416019555191585368e+02
-1.147614375191585054e+02
-1.463385175191585006e+02
-1.289711235191585104e+02
-1.273922695191585319e+02
-1.352865395191585094e+02
-1.337076855191585025e+02
-1.337076855191585025e+02
-1.179191455191585192e+02
-1.352865395191585378e+02
-1.163402915191585265e+02
-1.147614375191585054e+02
-1.242345615191585182e+02
-1.494962255191585143e+02
-1.542327875191585065e+02
-1.163402915191585123e+02
-1.337076855191585310e+02
-1.163402915191585123e+02
-1.368653935191585163e+02
-1.368653935191585163e+02
-1.179191455191585192e+02
-1.194979995191585260e+02
-1.210768535191585187e+02
-1.258134155191585251e+02
-1.305499775191585172e+02
-1.163402915191585265e+02
-1.494962255191585143e+02
-1.210768535191585329e+02
-1.368653935191585163e+02
-1.337076855191585310e+02
-1.021306055191585358e+02
-1.431808095191585153e+02
-1.194979995191585118e+02
-1.226557075191585113e+02
-1.416019555191585084e+02
-1.226557075191585113e+02
-1.289711235191585104e+02
-1.210768535191585329e+02
-1.147614375191585054e+02
-1.431808095191585153e+02
-1.321288315191585241e+02
-1.352865395191585094e+02
-1.273922695191585035e+02
-1.416019555191585084e+02
-1.179191455191585334e+02
-1.510750795191584928e+02
-1.289711235191585388e+02
-1.337076855191585310e+02
-1.258134155191585251e+02
-1.352865395191585094e+02
-1.179191455191585192e+02
-1.147614375191585054e+02
-1.194979995191585260e+02
-1.242345615191585182e+02
-1.494962255191585143e+02
-1.068671675191585280e+02
-1.116037295191585201e+02
-1.352865395191585094e+02
-1.258134155191585251e+02
-1.352865395191585094e+02
-1.068671675191585138e+02
-1.368653935191585163e+02
-1.321288315191585241e+02
-1.289711235191585388e+02
-1.273922695191585319e+02
-1.242345615191585324e+02
-1.321288315191584957e+02
-1.289711235191585388e+02
-1.163402915191585123e+02
-1.289711235191585104e+02
-1.210768535191585045e+02
-1.289711235191585104e+02
-1.258134155191585251e+02
-1.116037295191585059e+02
-1.052883135191585211e+02
-1.289711235191585388e+02
-1.447596635191584937e+02
-1.131825835191585270e+02
-1.337076855191585310e+02
-1.352865395191585094e+02
-1.510750795191585212e+02
-1.210768535191585045e+02
-1.194979995191585260e+02
-1.226557075191585113e+02
-1.210768535191585045e+02
-1.289711235191585104e+02
-1.384442475191585231e+02
-1.352865395191585094e+02
-1.337076855191585025e+02
-1.242345615191585182e+02
-1.242345615191585182e+02
-1.289711235191585104e+02
-1.273922695191585319e+02
-1.226557075191585113e+02
-1.337076855191585025e+02
-1.210768535191585045e+02
-1.431808095191585153e+02
-1.147614375191585339e+02
-1.289711235191585388e+02
-1.210768535191585329e+02
-1.226557075191585113e+02
-1.258134155191585108e+02
-1.210768535191585187e+02
-1.210768535191585329e+02
-1.273922695191585319e+02
-1.210768535191585045e+02
-1.289711235191585388e+02
-1.273922695191585319e+02
-1.273922695191585319e+02
-1.273922695191585319e+02
-1.447596635191585221e+02
-1.226557075191585398e+02
-1.242345615191585182e+02
-1.273922695191585177e+02
-1.068671675191585280e+02
-1.400231015191585300e+02
-1.368653935191585163e+02
-1.431808095191585153e+02
-1.273922695191585319e+02
-1.368653935191585163e+02
-1.210768535191585329e+02
-1.463385175191585006e+02
-1.337076855191585310e+02
-1.147614375191585196e+02
-1.526539335191585280e+02
-1.258134155191585108e+02
-1.384442475191584947e+02
-1.447596635191585221e+02
-1.273922695191585319e+02
-1.384442475191584947e+02
-1.305499775191585172e+02
-1.368653935191585163e+02
-1.368653935191585163e+02
-1.226557075191585113e+02
-1.163402915191585123e+02
-1.100248755191585133e+02
-1.416019555191585368e+02
-1.447596635191585221e+02
-1.400231015191585300e+02
-1.258134155191585108e+02
-1.321288315191585241e+02
-1.179191455191585192e+02
-1.463385175191585006e+02
-1.210768535191585045e+02
-1.194979995191585260e+02
-1.368653935191585163e+02
-1.289711235191585104e+02
-1.431808095191585153e+02
-1.242345615191585182e+02
-1.384442475191585231e+02
-1.289711235191585104e+02
-1.463385175191585290e+02
-1.431808095191585153e+02
-1.116037295191585201e+02
-1.210768535191585329e+02
-1.368653935191585447e+02
-1.352865395191585378e+02
-1.273922695191585035e+02
-1.352865395191585094e+02
-1.210768535191585045e+02
-1.305499775191585172e+02
-1.447596635191584937e+02
-1.352865395191585094e+02
-1.558116415191585133e+02
-1.305499775191585172e+02
-1.163402915191585123e+02
-1.305499775191585172e+02
-1.289711235191585104e+02
-1.179191455191585192e+02
-1.321288315191585241e+02
-1.226557075191585398e+02
-1.321288315191585241e+02
-1.321288315191585241e+02
-1.305499775191585172e+02
-1.305499775191585172e+02
-1.179191455191585334e+02
-1.368653935191585163e+02
-1.352865395191585094e+02
-1.305499775191585172e+02
-1.384442475191585231e+02
-1.194979995191585118e+02
-1.147614375191585339e+02
-1.194979995191585260e+02
-1.226557075191585255e+02
-1.289711235191585388e+02
-1.116037295191585201e+02
-1.510750795191585212e+02
-1.163402915191585123e+02
-1.337076855191585310e+02
-1.068671675191584995e+02
-1.242345615191585040e+02
-1.447596635191585221e+02
-1.210768535191585187e+02
-1.116037295191585201e+02
-1.352865395191585378e+02
-1.400231015191585300e+02
-1.305499775191585172e+02
-1.258134155191585108e+02
-1.321288315191585241e+02
-1.100248755191585133e+02
-1.337076855191585310e+02
-1.131825835191585270e+02
-1.305499775191585172e+02
-1.179191455191585192e+02
-1.210768535191585187e+02
-1.289711235191585104e+02
-1.289711235191585104e+02
-1.116037295191585059e+02
-1.273922695191585035e+02
-1.321288315191585241e+02
-1.131825835191585270e+02
-1.242345615191585182e+02
-1.226557075191585255e+02
-1.400231015191585016e+02
-1.226557075191585113e+02
-1.194979995191585118e+02
-1.352865395191585094e+02
-1.210768535191585187e+02
-1.416019555191585084e+02
-1.352865395191585094e+02
-1.273922695191585319e+02
-1.210768535191585045e+02
-1.337076855191585025e+02
-1.226557075191585113e+02
-1.258134155191585251e+02
-1.337076855191585025e+02
-1.005517515191585289e+02
-1.337076855191585310e+02
-1.258134155191585251e+02
-1.273922695191585177e+02
-1.273922695191585035e+02
-1.163402915191585123e+02
-1.384442475191585231e+02
-1.131825835191585270e+02
-1.163402915191585265e+02
-1.289711235191585104e+02
-1.305499775191585172e+02
-1.368653935191585163e+02
-1.368653935191585163e+02
-1.163402915191585407e+02
-1.179191455191585192e+02
-1.431808095191585153e+02
-1.305499775191585172e+02
-1.368653935191585163e+02
-1.368653935191585163e+02
-1.210768535191585045e+02
-1.479173715191585359e+02
-1.416019555191585084e+02
-1.305499775191585172e+02
-1.384442475191585231e+02
-1.273922695191585319e+02
-1.258134155191585251e+02
-1.337076855191585310e+02
-1.337076855191585025e+02
-1.289711235191585104e+02
-1.368653935191585163e+02
-1.052883135191585069e+02
-1.305499775191585172e+02
-1.321288315191585241e+02
-1.447596635191585221e+02
-1.384442475191584947e+02
-1.100248755191585133e+02
-1.305499775191585172e+02
-1.163402915191585123e+02
-1.463385175191585006e+02
-1.289711235191585104e+02
-1.163402915191585123e+02
-1.400231015191585300e+02
-1.163402915191585265e+02
-1.179191455191585192e+02
-1.242345615191585182e+02
-1.305499775191585172e+02
-1.258134155191585251e+02
-1.368653935191585163e+02
-1.400231015191585300e+02
-1.321288315191585241e+02
-1.337076855191585310e+02
-1.100248755191585417e+02
-1.431808095191585153e+02
-1.242345615191585182e+02
-1.321288315191585241e+02
-1.242345615191585182e+02
-1.494962255191585143e+02
-1.242345615191585182e+02
-1.273922695191585319e+02
-1.400231015191585300e+02
-1.226557075191585113e+02
-1.352865395191585094e+02
-1.289711235191585104e+02
-1.447596635191585221e+02
-1.321288315191585241e+02
-1.273922695191585035e+02
-1.368653935191585163e+02
-1.226557075191585255e+02
-1.242345615191585182e+02
-1.416019555191585084e+02
-1.368653935191585163e+02
-1.352865395191585094e+02
-1.447596635191585221e+02
-1.258134155191585251e+02
-1.258134155191585251e+02
-1.242345615191585182e+02
-1.131825835191585270e+02
-1.305499775191585172e+02
-1.226557075191585398e+02
-1.384442475191585231e+02
-1.431808095191585153e+02
-1.479173715191585075e+02
-1.210768535191585329e+02
-1.384442475191584947e+02
-1.431808095191585153e+02
-1.242345615191585324e+02
-1.194979995191585260e+02
-1.273922695191585319e+02
-1.242345615191585182e+02
-1.147614375191585196e+02
-1.131825835191585270e+02
-1.321288315191585241e+02
-1.384442475191585231e+02
-1.163402915191585123e+02
-1.131825835191585270e+02
-1.384442475191585231e+02
-1.116037295191585201e+02
-1.289711235191585104e+02
-1.447596635191585221e+02
-1.210768535191585329e+02
-1.400231015191585300e+02
-1.242345615191585324e+02
-1.258134155191585251e+02
-1.210768535191585329e+02
-1.258134155191585251e+02
-1.226557075191585113e+02
-1.037094595191585285e+02
-1.431808095191585153e+02
-1.068671675191585280e+02
-1.384442475191585231e+02
-1.368653935191585163e+02
-1.163402915191585123e+02
-1.179191455191585334e+02
-1.337076855191585025e+02
-1.194979995191585260e+02
-1.289711235191585388e+02
-1.447596635191585221e+02
-1.352865395191585094e+02
-1.210768535191585187e+02
-1.289711235191585104e+02
-1.258134155191585251e+02
-1.305499775191585172e+02
-1.210768535191585329e+02
-1.273922695191585319e+02
-1.258134155191585251e+02
-1.384442475191585231e+02
-1.352865395191585094e+02
-1.321288315191585241e+02
-1.337076855191585025e+02
-1.258134155191585251e+02
-1.337076855191585310e+02
-1.226557075191585398e+02
-1.352865395191585378e+02
-1.179191455191585192e+02
-1.273922695191585319e+02
-1.510750795191585212e+02
-1.479173715191585075e+02
-1.321288315191585241e+02
-1.368653935191585163e+02
-1.431808095191585153e+02
-1.289711235191585104e+02
-1.179191455191585192e+02
-1.431808095191585153e+02
-1.068671675191585138e+02
-1.589693495191585271e+02
-1.116037295191585343e+02
-1.352865395191585094e+02
-1.179191455191585050e+02
-1.226557075191585113e+02
-1.337076855191585310e+02
-1.400231015191585016e+02
-1.258134155191585251e+02
-1.100248755191585133e+02
-1.352865395191585094e+02
-1.289711235191585104e+02
-1.242345615191585182e+02
-1.226557075191585113e+02
-1.179191455191585192e+02
-1.321288315191585241e+02
-1.084460215191585064e+02
-1.447596635191584937e+02
-1.337076855191585310e+02
-1.337076855191585310e+02
-9.107862751915850197e+01
-1.163402915191585265e+02
-1.068671675191585280e+02
-1.052883135191585211e+02
-1.352865395191585094e+02
-1.242345615191585182e+02
-1.368653935191585163e+02
-1.147614375191585196e+02
-1.210768535191585045e+02
-1.321288315191585241e+02
-1.210768535191585187e+02
-1.384442475191584947e+02
-1.400231015191585016e+02
-1.400231015191585300e+02
-1.226557075191585398e+02
-1.147614375191585054e+02
-1.258134155191585251e+02
-1.084460215191585064e+02
-1.210768535191585045e+02
-1.273922695191585177e+02
-1.289711235191585104e+02
-1.289711235191585104e+02
-1.368653935191585163e+02
-1.242345615191585182e+02
-1.163402915191585407e+02
-1.194979995191585118e+02
-1.116037295191585201e+02
-1.305499775191585172e+02
-1.384442475191585231e+02
-1.384442475191585231e+02
-1.100248755191585133e+02
-1.400231015191585300e+02
-1.226557075191585113e+02
-1.147614375191585196e+02
-1.321288315191584957e+02
-1.273922695191585177e+02
-1.258134155191585108e+02
-1.226557075191585398e+02
-1.447596635191584937e+02
-1.116037295191585201e+02
-1.210768535191585329e+02
-1.226557075191585113e+02
-1.210768535191585045e+02
-1.258134155191585108e+02
-1.084460215191585348e+02
-1.463385175191585006e+02
-1.289711235191585104e+02
-1.210768535191585045e+02
-1.321288315191585241e+02
-1.305499775191585172e+02
-1.194979995191585118e+02
-1.226557075191585113e+02
-1.368653935191585163e+02
-1.242345615191585182e+02
-1.242345615191585182e+02
-1.368653935191585163e+02
-1.321288315191585241e+02
-1.321288315191585241e+02
-1.384442475191584947e+02
-1.179191455191585334e+02
-1.289711235191585104e+02
-1.289711235191585104e+02
-1.352865395191585094e+02
-1.352865395191585094e+02
-1.289711235191585388e+02
-1.337076855191585310e+02
-1.258134155191585108e+02
-1.337076855191585310e+02
-1.431808095191585153e+02
-1.163402915191585123e+02
-1.226557075191585398e+02
-1.337076855191585025e+02
-1.368653935191585163e+02
-1.226557075191585113e+02
-1.100248755191585133e+02
-1.163402915191585123e+02
-1.289711235191585104e+02
-1.321288315191585241e+02
-1.289711235191585104e+02
-1.258134155191585251e+02
-1.273922695191585177e+02
-1.052883135191585211e+02
-1.210768535191585045e+02
-1.194979995191585118e+02
-1.368653935191585447e+02
-1.242345615191585182e+02
-1.179191455191585192e+02
-1.194979995191585260e+02
-1.131825835191584986e+02
-1.352865395191585094e+02
-1.179191455191585192e+02
-1.337076855191585310e+02
-1.226557075191585113e+02
-1.273922695191585035e+02
-1.400231015191585016e+02
-1.352865395191585378e+02
-1.210768535191585187e+02
-1.226557075191585113e+02
-1.242345615191585182e+02
-1.226557075191585255e+02
-1.273922695191585319e+02
-1.416019555191585084e+02
-1.289711235191585104e+02
-1.337076855191585025e+02
-1.242345615191585182e+02
-1.273922695191585177e+02
-1.194979995191585260e+02
-1.337076855191585310e+02
-1.226557075191585398e+02
-1.210768535191585045e+02
-1.037094595191585427e+02
-1.163402915191585265e+02
-1.337076855191585310e+02
-1.194979995191585260e+02
-1.179191455191585192e+02
-1.163402915191585123e+02
-1.242345615191585182e+02
-1.352865395191585094e+02
-1.242345615191585324e+02
-1.226557075191585113e+02
-1.289711235191585388e+02
-1.194979995191585260e+02
-1.052883135191585211e+02
-1.352865395191585094e+02
-1.289711235191585388e+02
-1.384442475191585231e+02
-1.258134155191585251e+02
-1.305499775191585172e+02
-1.131825835191584986e+02
-1.147614375191585054e+02
-1.321288315191585241e+02
-1.463385175191585290e+02
-1.289711235191585104e+02
-1.431808095191585153e+02
-1.431808095191585153e+02
-1.210768535191585329e+02
-1.242345615191585324e+02
-1.226557075191585255e+02
-1.368653935191585163e+02
-1.321288315191585241e+02
-1.368653935191585163e+02
-1.210768535191585329e+02
-1.226557075191585255e+02
-1.179191455191585192e+02
-1.163402915191585407e+02
-1.289711235191585388e+02
-1.194979995191585118e+02
-1.258134155191585251e+02
-1.289711235191585104e+02
-1.273922695191585035e+02
-1.305499775191585172e+02
-1.242345615191585182e+02
-1.289711235191585104e+02
-1.163402915191585265e+02
-1.352865395191585094e+02
-1.147614375191585054e+02
-1.273922695191585319e+02
-1.526539335191585280e+02
-1.194979995191584976e+02
-1.194979995191585260e+02
-1.400231015191585300e+02
-1.163402915191585265e+02
-1.337076855191585025e+02
-1.431808095191585153e+02
-1.147614375191585054e+02
-1.226557075191585255e+02
-1.416019555191585084e+02
-1.337076855191585025e+02
-1.289711235191585104e+02
-1.116037295191585201e+02
-1.179191455191585334e+02
-1.447596635191584937e+02
-1.242345615191585182e+02
-1.258134155191585108e+02
-1.226557075191585113e+02
-1.321288315191585241e+02
-1.258134155191585251e+02
-1.194979995191585260e+02
-1.479173715191585359e+02
-1.005517515191585147e+02
-1.131825835191585270e+02
-1.352865395191585378e+02
-1.163402915191585123e+02
-1.226557075191585113e+02
-1.289711235191585104e+02
-1.226557075191585113e+02
-1.337076855191585310e+02
-1.226557075191585113e+02
-1.100248755191585133e+02
-1.258134155191585251e+02
-1.400231015191585016e+02
-1.226557075191585113e+02
-1.431808095191585153e+02
-1.242345615191585182e+02
-1.321288315191584957e+02
-1.084460215191585348e+02
-1.273922695191585319e+02
-1.289711235191585388e+02
-1.100248755191585133e+02
-1.210768535191585187e+02
-1.194979995191585260e+02
-1.100248755191585275e+02
-1.305499775191585172e+02
-1.226557075191585113e+02
-1.005517515191585147e+02
-1.242345615191585324e+02
-1.147614375191585054e+02
-1.179191455191585192e+02
-1.210768535191585329e+02
-1.273922695191585319e+02
-1.242345615191585182e+02
-1.273922695191585035e+02
-1.258134155191585251e+02
-1.273922695191585319e+02
-1.037094595191585285e+02
-1.100248755191585133e+02
-1.242345615191585182e+02
-1.368653935191585163e+02
-1.242345615191585324e+02
-1.258134155191585251e+02
-1.210768535191585187e+02
-1.384442475191585231e+02
-1.163402915191585407e+02
-1.226557075191585113e+02
-1.273922695191585319e+02
-1.194979995191585260e+02
-1.305499775191585172e+02
-1.147614375191585339e+02
-1.179191455191585192e+02
-1.289711235191585388e+02
-1.210768535191585329e+02
-1.210768535191585187e+02
-1.431808095191585153e+02
-1.416019555191585084e+02
-1.242345615191585182e+02
-1.321288315191585241e+02
-1.273922695191585177e+02
-1.337076855191585025e+02
-1.258134155191585251e+02
-1.179191455191585334e+02
-1.352865395191585378e+02
-1.068671675191585280e+02
-1.100248755191585133e+02
-8.634206551915852401e+01
-1.321288315191585241e+02
-1.242345615191585182e+02
-1.210768535191585045e+02
-1.147614375191585339e+02
-1.194979995191585260e+02
-1.258134155191585251e+02
-1.131825835191584986e+02
-1.194979995191585260e+02
-1.131825835191585270e+02
-1.163402915191585123e+02
-1.084460215191585206e+02
-1.179191455191585192e+02
-1.573904955191585202e+02
-1.479173715191585359e+02
-1.431808095191585153e+02
-1.226557075191585113e+02
-1.273922695191585319e+02
-1.321288315191585241e+02
-1.131825835191585128e+02
-1.273922695191585035e+02
-1.226557075191585255e+02
-1.194979995191585118e+02
-1.273922695191585035e+02
-1.100248755191585275e+02
-1.289711235191585104e+02
-1.194979995191585118e+02
-1.179191455191585050e+02
-1.273922695191585319e+02
-1.052883135191585211e+02
-1.131825835191585270e+02
-1.305499775191585172e+02
-1.100248755191585275e+02
-1.210768535191585045e+02
-1.258134155191584966e+02
-1.305499775191585172e+02
-1.163402915191585123e+02
-1.005517515191585289e+02
-1.479173715191585075e+02
-1.494962255191585143e+02
-1.305499775191585172e+02
-1.084460215191585348e+02
-1.494962255191585143e+02
-1.273922695191585035e+02
-1.226557075191585398e+02
-1.384442475191585231e+02
-9.423633551915850148e+01
-1.258134155191585251e+02
-1.147614375191585054e+02
-1.289711235191585388e+02
-1.352865395191585094e+02
-9.897289751915852207e+01
-1.242345615191585182e+02
-1.194979995191585260e+02
-1.400231015191585300e+02
-9.739404351915851521e+01
-1.321288315191585241e+02
-1.179191455191585192e+02
-1.258134155191585251e+02
-1.100248755191585275e+02
-1.305499775191585172e+02
-1.210768535191585045e+02
-1.273922695191585319e+02
-1.226557075191585113e+02
-1.194979995191585260e+02
-1.210768535191585329e+02
-1.289711235191585388e+02
-1.273922695191585035e+02
-1.258134155191585251e+02
-1.147614375191585054e+02
-1.289711235191585104e+02
-1.163402915191585123e+02
-1.242345615191585182e+02
-1.210768535191585045e+02
-1.147614375191585054e+02
-1.258134155191585108e+02
-1.194979995191585118e+02
-1.337076855191585025e+02
-1.242345615191585182e+02
-1.321288315191585241e+02
-1.305499775191585172e+02
-1.479173715191585075e+02
-1.479173715191585359e+02
-1.052883135191585211e+02
-1.084460215191585064e+02
-1.210768535191585187e+02
-1.258134155191585108e+02
-1.179191455191585192e+02
-1.494962255191585143e+02
-1.321288315191585241e+02
-1.131825835191585270e+02
-1.400231015191585016e+02
-1.242345615191585182e+02
-1.289711235191585388e+02
-1.147614375191585196e+02
-1.273922695191585177e+02
-1.242345615191585182e+02
-1.194979995191585260e+02
-1.258134155191585251e+02
-1.273922695191585319e+02
-1.226557075191585255e+02
-1.273922695191585319e+02
-1.289711235191585104e+02
-1.494962255191585143e+02
-1.321288315191585241e+02
-1.384442475191585231e+02
-1.210768535191585045e+02
-1.479173715191585075e+02
-1.368653935191585163e+02
-1.337076855191585025e+02
-1.321288315191584957e+02
-1.084460215191585206e+02
-1.273922695191585319e+02
-1.194979995191585118e+02
-1.337076855191585310e+02
-1.147614375191585196e+02
-1.068671675191584995e+02
-1.163402915191585123e+02
-1.431808095191585153e+02
-1.337076855191585310e+02
-1.416019555191585084e+02
-1.273922695191585177e+02
-1.447596635191585221e+02
-1.226557075191585113e+02
-1.337076855191585310e+02
-1.242345615191585182e+02
-1.368653935191585163e+02
-1.400231015191585300e+02
-1.289711235191585388e+02
-1.210768535191585045e+02
-1.479173715191585359e+02
-1.100248755191585133e+02
-1.131825835191584986e+02
-1.242345615191585182e+02
-1.179191455191585192e+02
-1.352865395191585094e+02
-1.258134155191585251e+02
-1.337076855191585310e+02
-1.037094595191585142e+02
-1.289711235191585388e+02
-1.242345615191585182e+02
-1.337076855191585025e+02
-1.463385175191585006e+02
-1.194979995191585260e+02
-1.368653935191585163e+02
-1.116037295191585201e+02
-1.416019555191585084e+02
-1.258134155191585251e+02
-1.463385175191585290e+02
-1.242345615191585182e+02
-1.273922695191585319e+02
-1.305499775191585172e+02
-9.739404351915852942e+01
-1.431808095191585153e+02
-1.210768535191585187e+02
-1.242345615191585040e+02
-1.052883135191585069e+02
-1.400231015191585300e+02
-1.179191455191585192e+02
-1.163402915191585407e+02
-1.321288315191584957e+02
-1.147614375191585339e+02
-1.384442475191585231e+02
-1.242345615191585182e+02
-1.194979995191584976e+02
-1.321288315191584957e+02
-1.242345615191585182e+02
-1.305499775191585172e+02
-1.084460215191585348e+02
-1.163402915191585265e+02
-1.289711235191585104e+02
-1.210768535191585187e+02
-1.131825835191585270e+02
-1.179191455191585334e+02
-1.273922695191585035e+02
-1.163402915191585123e+02
-1.289711235191585104e+02
-1.005517515191585289e+02
-1.384442475191585231e+02
-1.400231015191585300e+02
-1.368653935191585163e+02
-1.194979995191585118e+02
-1.226557075191585255e+02
-1.242345615191585182e+02
-1.194979995191585118e+02
-1.352865395191585094e+02
-1.226557075191585255e+02
-1.226557075191585113e+02
-1.400231015191585300e+02
-1.084460215191585206e+02
-1.337076855191585025e+02
-1.147614375191585339e+02
-1.116037295191585059e+02
-1.337076855191585310e+02
-1.416019555191585084e+02
-1.368653935191585163e+02
-1.242345615191585182e+02
-1.226557075191585113e+02
-1.258134155191585251e+02
-1.431808095191585153e+02
-1.258134155191585251e+02
-1.210768535191585045e+02
-1.526539335191585280e+02
-1.194979995191585260e+02
-1.210768535191585329e+02
-1.179191455191585192e+02
-1.431808095191585153e+02
-1.147614375191585339e+02
-1.573904955191585202e+02
-1.337076855191585310e+02
-1.084460215191585064e+02
-1.147614375191585054e+02
-1.068671675191584995e+02
-1.368653935191585163e+02
-1.352865395191585094e+02
-1.226557075191585113e+02
-1.163402915191585123e+02
-1.305499775191585172e+02
-1.337076855191585025e+02
-1.337076855191585025e+02
-1.226557075191585113e+02
-1.368653935191585447e+02
-1.289711235191585388e+02
-1.463385175191585006e+02
-1.273922695191585319e+02
-1.273922695191585035e+02
-1.463385175191585006e+02
-1.116037295191585201e+02
-1.116037295191585059e+02
-1.210768535191585045e+02
-1.194979995191585260e+02
-1.352865395191585094e+02
-1.384442475191585231e+02
-1.305499775191585172e+02
-1.179191455191585192e+02
-1.447596635191585221e+02
-1.131825835191585270e+02
-1.100248755191585133e+02
-1.479173715191585075e+02
-1.179191455191585192e+02
-1.416019555191585084e+02
-1.147614375191585339e+02
-1.242345615191585324e+02
-1.384442475191585231e+02
-1.273922695191585319e+02
-1.210768535191585187e+02
-9.265748151915850883e+01
-1.037094595191585142e+02
-1.289711235191585104e+02
-1.005517515191585005e+02
-1.226557075191585398e+02
-1.305499775191585172e+02
-1.226557075191585113e+02
-1.052883135191585211e+02
-1.084460215191585206e+02
-1.242345615191585324e+02
-1.431808095191585153e+02
-1.384442475191584947e+02
-1.210768535191585329e+02
-1.226557075191585255e+02
-1.037094595191585142e+02
-1.305499775191585172e+02
-1.116037295191585201e+02
-1.068671675191585138e+02
-1.258134155191585251e+02
-1.163402915191585265e+02
-1.305499775191585172e+02
-1.131825835191585270e+02
-1.116037295191585059e+02
-1.352865395191585094e+02
-1.194979995191585260e+02
-1.147614375191585339e+02
-1.289711235191585104e+02
-1.431808095191585153e+02
-1.289711235191585388e+02
-1.068671675191584853e+02
-1.131825835191585270e+02
-1.400231015191585300e+02
-1.305499775191585172e+02
-1.131825835191585270e+02
-1.100248755191585133e+02
-1.131825835191585270e+02
-1.242345615191585182e+02
-1.131825835191584986e+02
-1.147614375191585339e+02
-1.084460215191585348e+02
-1.179191455191585192e+02
-1.179191455191585192e+02
-1.210768535191585045e+02
-1.116037295191585201e+02
-1.068671675191585280e+02
-1.400231015191585300e+02
-9.897289751915852207e+01
-1.116037295191585201e+02
-9.897289751915852207e+01
-1.179191455191585192e+02
-1.194979995191585118e+02
-1.131825835191585270e+02
-1.163402915191585265e+02
-1.052883135191585211e+02
-1.321288315191585241e+02
-1.179191455191585192e+02
-1.337076855191585025e+02
-1.400231015191585016e+02
-1.052883135191585211e+02
-1.289711235191585104e+02
-1.084460215191585206e+02
-1.242345615191585182e+02
-1.210768535191585045e+02
-1.179191455191585334e+02
-1.163402915191585265e+02
-1.147614375191585339e+02
-1.194979995191585260e+02
-9.739404351915852942e+01
-1.163402915191585123e+02
-1.194979995191584976e+02
-1.242345615191585182e+02
-1.305499775191585172e+02
-1.289711235191585388e+02
-1.179191455191585334e+02
-1.021306055191585216e+02
-1.194979995191585260e+02
-1.068671675191584995e+02
-1.242345615191585182e+02
-1.210768535191585329e+02
-1.116037295191585201e+02
-1.273922695191585177e+02
-1.179191455191585192e+02
-1.021306055191585358e+02
-1.179191455191585192e+02
-1.163402915191585123e+02
-1.052883135191585069e+02
-1.273922695191585177e+02
-1.321288315191585241e+02
-1.021306055191585074e+02
-1.258134155191585108e+02
-1.116037295191585201e+02
-1.321288315191585241e+02
-1.289711235191585104e+02
-1.194979995191585118e+02
-1.226557075191585255e+02
-1.084460215191585206e+02
-1.116037295191585201e+02
-1.305499775191585172e+02
-1.147614375191585339e+02
-1.037094595191585142e+02
-1.100248755191585133e+02
-1.179191455191585192e+02
-1.305499775191585172e+02
-1.305499775191585172e+02
-1.163402915191585407e+02
-1.147614375191585196e+02
-1.147614375191585339e+02
-1.084460215191585206e+02
-1.179191455191585192e+02
-1.021306055191585074e+02
-1.510750795191585212e+02
-1.226557075191585255e+02
-1.210768535191585045e+02
-1.179191455191585334e+02
-1.352865395191585094e+02
-1.210768535191585187e+02
-1.147614375191585339e+02
-1.147614375191585339e+02
-1.021306055191585216e+02
-1.194979995191585260e+02
-1.116037295191585201e+02
-1.210768535191585329e+02
-1.052883135191585211e+02
-9.581518951915853677e+01
-1.226557075191585113e+02
-1.289711235191585104e+02
-1.194979995191585118e+02
-9.739404351915851521e+01
-1.163402915191585407e+02
-1.226557075191585255e+02
-1.242345615191585324e+02
-1.116037295191585201e+02
-1.352865395191585378e+02
-1.194979995191585260e+02
-1.210768535191585329e+02
-1.305499775191585172e+02
-1.179191455191585192e+02
-1.005517515191585289e+02
-1.273922695191585177e+02
-1.131825835191585270e+02
-1.021306055191585216e+02
-1.179191455191585192e+02
-1.368653935191585163e+02
-1.100248755191585133e+02
-1.210768535191585045e+02
-1.131825835191585270e+02
-1.100248755191585417e+02
-1.242345615191585182e+02
-1.163402915191585123e+02
-1.131825835191585270e+02
-1.242345615191585182e+02
-1.273922695191585177e+02
-1.179191455191585192e+02
-1.116037295191585201e+02
-1.226557075191585398e+02
-1.194979995191585260e+02
-9.897289751915852207e+01
-1.194979995191585118e+02
-1.242345615191585182e+02
-1.052883135191585211e+02
-1.447596635191585221e+02
-1.163402915191585123e+02
-1.116037295191585201e+02
-1.052883135191585211e+02
-1.321288315191585241e+02
-1.273922695191585319e+02
-1.179191455191585192e+02
-1.163402915191585265e+02
-1.242345615191585040e+02
-1.068671675191585138e+02
-1.305499775191585172e+02
-1.416019555191585084e+02
-1.210768535191585045e+02
-1.179191455191585192e+02
-1.179191455191585192e+02
-1.194979995191585260e+02
-1.258134155191585251e+02
-1.210768535191585329e+02
-1.273922695191585319e+02
-1.273922695191585177e+02
-1.131825835191585128e+02
-1.068671675191585280e+02
-1.305499775191585172e+02
-1.321288315191585241e+02
-1.179191455191585192e+02
-1.242345615191585040e+02
-1.321288315191585241e+02
-1.163402915191585265e+02
-1.289711235191585388e+02
-1.163402915191585123e+02
-1.163402915191585407e+02
-1.321288315191585241e+02
-1.416019555191585084e+02
-1.258134155191585108e+02
-1.179191455191585192e+02
-1.147614375191585339e+02
-1.052883135191585211e+02
-1.100248755191585417e+02
-1.131825835191585270e+02
-1.273922695191585319e+02
-1.337076855191585025e+02
-9.897289751915852207e+01
-1.052883135191585211e+02
-1.337076855191585025e+02
-1.226557075191585113e+02
-1.210768535191585329e+02
-1.258134155191585108e+02
-1.226557075191585255e+02
-1.179191455191585192e+02
-1.179191455191585192e+02
-1.289711235191585104e+02
-1.068671675191585280e+02
-1.258134155191585251e+02
-1.147614375191585054e+02
-1.147614375191585339e+02
-1.289711235191585388e+02
-1.052883135191585211e+02
-1.005517515191585289e+02
-1.273922695191585319e+02
-1.163402915191585407e+02
-1.305499775191585172e+02
-1.305499775191585172e+02
-1.258134155191585251e+02
-1.084460215191585064e+02
-1.179191455191585192e+02
-1.400231015191585016e+02
-1.210768535191585187e+02
-1.147614375191585339e+02
-1.242345615191585182e+02
-1.337076855191585310e+02
-1.179191455191585334e+02
-1.289711235191585388e+02
-1.273922695191585035e+02
-1.258134155191585108e+02
-1.131825835191585270e+02
-1.179191455191585334e+02
-1.194979995191585260e+02
-1.100248755191585133e+02
-1.321288315191585241e+02
-1.289711235191585104e+02
-1.226557075191585113e+02
-1.416019555191585368e+02
-1.210768535191585329e+02
-1.226557075191585113e+02
-1.321288315191585241e+02
-1.273922695191585319e+02
-1.273922695191585035e+02
-1.179191455191585192e+02
-1.116037295191585059e+02
-1.163402915191585407e+02
-1.226557075191585398e+02
-1.163402915191585123e+02
-1.242345615191585324e+02
-1.321288315191585241e+02
-1.052883135191585211e+02
-1.147614375191585054e+02
-1.210768535191585329e+02
-1.147614375191585196e+02
-1.100248755191585133e+02
-1.321288315191585241e+02
-1.068671675191585138e+02
-9.897289751915852207e+01
-1.179191455191585050e+02
-1.273922695191585177e+02
-1.289711235191585104e+02
-8.949977351915850932e+01
-1.210768535191585329e+02
-1.400231015191585300e+02
-1.068671675191585280e+02
-1.400231015191585300e+02
-1.447596635191584937e+02
-1.258134155191585251e+02
-1.210768535191585329e+02
-1.179191455191585192e+02
-1.163402915191585265e+02
-1.337076855191585310e+02
-1.068671675191585280e+02
-1.226557075191585398e+02
-1.052883135191585069e+02
-1.100248755191585133e+02
-1.226557075191585255e+02
-1.210768535191585329e+02
-9.423633551915852991e+01
-1.242345615191585182e+02
-1.037094595191585142e+02
-1.179191455191585192e+02
-1.021306055191585074e+02
-1.337076855191585025e+02
-1.210768535191585329e+02
-1.163402915191585123e+02
-1.084460215191585064e+02
-1.084460215191585206e+02
-1.210768535191585045e+02
-1.289711235191585104e+02
-1.258134155191585251e+02
-1.194979995191585260e+02
-1.021306055191585358e+02
-1.558116415191585133e+02
-1.084460215191585206e+02
-1.163402915191585123e+02
-1.226557075191585113e+02
-1.179191455191585192e+02
-1.242345615191585182e+02
-1.147614375191585339e+02
-1.258134155191585251e+02
-1.226557075191585255e+02
-1.226557075191585255e+02
-1.147614375191585054e+02
-1.179191455191585334e+02
-1.258134155191585108e+02
-1.431808095191585153e+02
-1.068671675191585280e+02
-1.068671675191585138e+02
-1.179191455191585192e+02
-1.258134155191585251e+02
-1.116037295191585201e+02
-9.739404351915851521e+01
-1.210768535191585187e+02
-1.179191455191585334e+02
-1.131825835191585128e+02
-1.163402915191585123e+02
-1.084460215191585064e+02
-1.147614375191585339e+02
-1.242345615191585324e+02
-1.337076855191585025e+02
-1.021306055191585358e+02
-1.052883135191585353e+02
-1.100248755191585133e+02
-1.242345615191585182e+02
-1.400231015191585300e+02
-1.194979995191585260e+02
-1.037094595191585142e+02
-1.194979995191585118e+02
-1.368653935191585163e+02
-1.258134155191585251e+02
-1.163402915191585265e+02
-1.100248755191585275e+02
-1.068671675191584995e+02
-1.179191455191585192e+02
-1.037094595191585285e+02
-1.258134155191585251e+02
-1.084460215191585206e+02
-1.068671675191585138e+02
-1.210768535191585329e+02
-1.305499775191585172e+02
-1.337076855191585310e+02
-1.289711235191585388e+02
-1.305499775191585172e+02
-1.226557075191585113e+02
-1.194979995191585260e+02
-1.289711235191585104e+02
-1.068671675191585280e+02
-1.226557075191585398e+02
-1.021306055191585358e+02
-1.289711235191585104e+02
-9.739404351915851521e+01
-1.368653935191585163e+02
-1.273922695191585035e+02
-1.289711235191585388e+02
-1.226557075191585255e+02
-1.210768535191585329e+02
-1.163402915191585123e+02
-1.147614375191585196e+02
-1.242345615191585182e+02
-1.100248755191585417e+02
-1.194979995191585118e+02
-1.163402915191585407e+02
-1.258134155191585108e+02
-1.258134155191585251e+02
-1.084460215191585206e+02
-1.352865395191585094e+02
-1.052883135191585211e+02
-1.116037295191585201e+02
-1.084460215191585064e+02
-9.581518951915852256e+01
-1.321288315191585241e+02
-1.242345615191585182e+02
-1.337076855191585025e+02
-1.021306055191585216e+02
-1.431808095191585153e+02
-1.163402915191585407e+02
-1.273922695191585319e+02
-1.163402915191585123e+02
-1.226557075191585113e+02
-1.147614375191585054e+02
-1.116037295191585343e+02
-1.258134155191585251e+02
-1.131825835191584986e+02
-1.226557075191585255e+02
-1.321288315191585241e+02
-1.100248755191585133e+02
-1.242345615191585182e+02
-1.037094595191585285e+02
-1.226557075191585255e+02
-1.147614375191585196e+02
-1.179191455191585334e+02
-1.147614375191585054e+02
-1.289711235191585388e+02
-1.210768535191585329e+02
-1.084460215191585064e+02
-1.242345615191585182e+02
-1.052883135191585211e+02
-1.242345615191585182e+02
-9.581518951915849414e+01
-1.116037295191585201e+02
-1.305499775191585172e+02
-9.739404351915851521e+01
-1.242345615191585324e+02
-1.068671675191585280e+02
-1.037094595191585285e+02
-1.179191455191585192e+02
-1.289711235191585104e+02
-1.289711235191585388e+02
-1.163402915191585123e+02
-1.337076855191585025e+02
-9.897289751915850786e+01
-1.273922695191585319e+02
-1.416019555191585084e+02
-1.052883135191585211e+02
-1.068671675191585138e+02
-1.321288315191584957e+02
-1.226557075191585113e+02
-1.273922695191585035e+02
-1.100248755191585133e+02
-1.131825835191584986e+02
-1.179191455191585334e+02
-1.147614375191585339e+02
-1.037094595191585142e+02
-1.226557075191585398e+02
-1.116037295191585201e+02
-1.242345615191585182e+02
-9.739404351915851521e+01
-1.258134155191585108e+02
-1.226557075191585398e+02
-1.273922695191585319e+02
-1.289711235191585388e+02
-1.147614375191585339e+02
-1.100248755191585275e+02
-1.005517515191585147e+02
-1.273922695191585319e+02
-1.084460215191585064e+02
-1.258134155191585108e+02
-1.273922695191585035e+02
-1.100248755191585133e+02
-1.305499775191585172e+02
-1.352865395191585094e+02
-1.131825835191585270e+02
-1.368653935191585163e+02
-1.258134155191585251e+02
-1.021306055191585074e+02
-1.194979995191585260e+02
-1.384442475191584947e+02
-1.147614375191585196e+02
-1.194979995191585260e+02
-1.163402915191585123e+02
-1.179191455191585192e+02
-1.116037295191585201e+02
-1.084460215191585348e+02
-1.337076855191585310e+02
-1.037094595191585142e+02
-1.352865395191585094e+02
-1.163402915191585123e+02
-1.163402915191585123e+02
-1.273922695191585177e+02
-1.289711235191585104e+02
-1.084460215191585064e+02
-1.194979995191585260e+02
-1.147614375191585196e+02
-1.147614375191585054e+02
-1.273922695191585035e+02
-1.084460215191585064e+02
-1.005517515191585289e+02
-1.337076855191585310e+02
-1.368653935191585163e+02
-1.258134155191584966e+02
-1.052883135191585211e+02
-1.305499775191585172e+02
-1.147614375191585054e+02
-1.258134155191585108e+02
-1.100248755191585133e+02
-1.163402915191585265e+02
-1.210768535191585329e+02
-1.068671675191585280e+02
-1.258134155191585251e+02
-1.337076855191585025e+02
-1.258134155191585108e+02
-1.116037295191585201e+02
-1.147614375191585339e+02
-1.021306055191585074e+02
-1.210768535191585329e+02
-1.179191455191585192e+02
-1.131825835191585270e+02
-1.226557075191585113e+02
-1.131825835191585270e+02
-1.289711235191585104e+02
-1.258134155191585108e+02
-1.147614375191585054e+02
-1.068671675191585280e+02
-1.273922695191585177e+02
-1.273922695191585319e+02
-1.100248755191585275e+02
-1.352865395191585094e+02
-1.210768535191585045e+02
-1.179191455191585192e+02
-1.131825835191585128e+02
-1.226557075191585255e+02
-1.352865395191585094e+02
-1.147614375191585339e+02
-1.416019555191585084e+02
-1.194979995191585118e+02
-1.226557075191585398e+02
-1.147614375191585339e+02
-1.131825835191585128e+02
-1.337076855191585310e+02
-1.242345615191585182e+02
-1.273922695191585177e+02
-1.226557075191585255e+02
-1.037094595191585285e+02
-1.194979995191585260e+02
-1.131825835191585270e+02
-1.273922695191585177e+02
-1.068671675191584995e+02
-1.289711235191585388e+02
-1.037094595191585142e+02
-1.321288315191585241e+02
-1.258134155191585251e+02
-1.226557075191585255e+02
-1.116037295191585201e+02
-1.242345615191585182e+02
-1.179191455191585192e+02
-1.100248755191585133e+02
-1.273922695191585319e+02
-1.163402915191585265e+02
-1.179191455191585192e+02
-1.589693495191585271e+02
-1.368653935191585163e+02
-1.163402915191585123e+02
-1.194979995191584976e+02
-1.194979995191585118e+02
-1.084460215191585206e+02
-1.384442475191585231e+02
-1.116037295191585343e+02
-1.021306055191585074e+02
-1.242345615191585040e+02
-1.068671675191585280e+02
-1.210768535191585187e+02
-1.147614375191585196e+02
-1.116037295191585201e+02
-1.131825835191585128e+02
-1.084460215191585064e+02
-1.258134155191585108e+02
-1.226557075191585113e+02
-1.147614375191585339e+02
-8.792091951915850245e+01
-1.416019555191585084e+02
-1.337076855191585310e+02
-1.368653935191585163e+02
-1.131825835191585270e+02
-1.131825835191585270e+02
-1.242345615191585182e+02
-1.179191455191585192e+02
-1.400231015191585300e+02
-1.068671675191585138e+02
-1.100248755191585133e+02
-1.084460215191585064e+02
-1.005517515191585289e+02
-1.068671675191585280e+02
-1.147614375191585054e+02
-1.210768535191585329e+02
-1.131825835191585270e+02
-1.305499775191585172e+02
-1.210768535191585329e+02
-1.131825835191585270e+02
-1.273922695191585319e+02
-1.068671675191585280e+02
-1.289711235191585104e+02
-1.131825835191585270e+02
-1.321288315191585241e+02
-1.179191455191585192e+02
-1.242345615191585182e+02
-1.194979995191585260e+02
-1.226557075191585398e+02
-1.068671675191585280e+02
-1.210768535191585187e+02
-1.242345615191585182e+02
-1.052883135191585069e+02
-1.194979995191585260e+02
-1.179191455191585192e+02
-1.147614375191585054e+02
-1.116037295191585201e+02
-1.068671675191584995e+02
-1.226557075191585255e+02
-1.068671675191585138e+02
-1.352865395191585094e+02
-1.116037295191585343e+02
-1.226557075191585113e+02
-1.147614375191585339e+02
-1.116037295191585201e+02
-1.337076855191585310e+02
-1.052883135191585211e+02
-9.739404351915852942e+01
-1.005517515191585147e+02
-1.258134155191585108e+02
-1.352865395191585094e+02
-9.897289751915852207e+01
-1.258134155191585108e+02
-1.131825835191585270e+02
-1.321288315191585241e+02
-1.100248755191585417e+02
-1.242345615191585182e+02
-1.037094595191585142e+02
-1.179191455191585192e+02
-1.116037295191585201e+02
-1.100248755191585275e+02
-1.368653935191585163e+02
-1.226557075191585113e+02
-1.289711235191585104e+02
-1.179191455191585192e+02
-1.131825835191585128e+02
-1.147614375191585054e+02
-1.226557075191585113e+02
-1.194979995191585260e+02
-1.131825835191585270e+02
-1.258134155191585108e+02
-1.179191455191585192e+02
-1.273922695191585319e+02
-1.194979995191585260e+02
-1.179191455191585192e+02
-1.052883135191585211e+02
-1.116037295191585201e+02
-1.337076855191585310e+02
-1.226557075191585255e+02
-1.116037295191585201e+02
-1.037094595191585142e+02
-1.289711235191585104e+02
-1.147614375191585339e+02
-9.739404351915851521e+01
-1.131825835191585270e+02
-1.273922695191585035e+02
-1.147614375191585196e+02
-1.037094595191585142e+02
-1.116037295191585201e+02
-1.258134155191585108e+02
-9.581518951915853677e+01
-1.116037295191585201e+02
-1.147614375191585339e+02
-1.147614375191585339e+02
-1.305499775191585172e+02
-1.068671675191585280e+02
-1.163402915191585265e+02
-9.897289751915852207e+01
-1.368653935191585163e+02
-1.116037295191585201e+02
-1.226557075191585113e+02
-1.258134155191585251e+02
-1.242345615191585182e+02
-1.052883135191585211e+02
-1.179191455191585192e+02
-1.100248755191585275e+02
-1.084460215191585348e+02
-1.273922695191585035e+02
-1.242345615191585324e+02
-1.258134155191585108e+02
-1.258134155191585108e+02
-1.084460215191585348e+02
-1.242345615191585182e+02
-1.226557075191585113e+02
-1.147614375191585054e+02
-1.100248755191585133e+02
-9.897289751915852207e+01
-9.423633551915851569e+01
-1.163402915191585123e+02
-1.068671675191585280e+02
-1.100248755191585275e+02
-1.084460215191585206e+02
-8.792091951915853087e+01
-1.179191455191585334e+02
-1.210768535191585329e+02
-1.179191455191585192e+02
-1.416019555191585084e+02
-1.337076855191585310e+02
-1.242345615191585182e+02
-1.084460215191585348e+02
-1.116037295191585201e+02
-1.068671675191585280e+02
-1.289711235191585104e+02
-1.021306055191585074e+02
-1.289711235191585388e+02
-1.163402915191585265e+02
-1.100248755191585133e+02
-1.289711235191585104e+02
-1.100248755191585133e+02
-1.116037295191585201e+02
-1.052883135191585211e+02
-1.194979995191585260e+02
-1.305499775191585172e+02
-1.052883135191585211e+02
-1.526539335191584996e+02
-1.210768535191585045e+02
-1.100248755191585133e+02
-1.163402915191585407e+02
-1.242345615191585182e+02
-1.163402915191585265e+02
-1.147614375191585196e+02
-1.194979995191585118e+02
-1.368653935191585163e+02
-1.147614375191585196e+02
-9.581518951915850835e+01
-1.131825835191585128e+02
-1.179191455191585192e+02
-1.147614375191585196e+02
-1.147614375191585339e+02
-1.163402915191585407e+02
-1.258134155191585108e+02
-1.116037295191585201e+02
-1.068671675191585138e+02
-1.021306055191585074e+02
-1.163402915191585123e+02
-9.265748151915849462e+01
-1.005517515191585289e+02
-1.289711235191585104e+02
-1.052883135191585069e+02
-1.226557075191585255e+02
-1.147614375191585196e+02
-1.273922695191585035e+02
-1.021306055191585074e+02
-1.131825835191585270e+02
-1.068671675191584995e+02
-1.131825835191584986e+02
-1.226557075191585113e+02
-1.021306055191585074e+02
-1.100248755191585133e+02
-9.897289751915852207e+01
-1.242345615191585182e+02
-1.131825835191585270e+02
-1.258134155191585251e+02
-9.739404351915851521e+01
-1.052883135191585211e+02
-1.068671675191585280e+02
-1.116037295191585201e+02
-1.273922695191585035e+02
-1.131825835191585128e+02
-1.242345615191585324e+02
-1.147614375191585339e+02
-1.021306055191585358e+02
-1.273922695191585177e+02
-1.163402915191585407e+02
-1.321288315191585241e+02
-1.068671675191585280e+02
-1.116037295191585201e+02
-1.258134155191585251e+02
-1.384442475191584947e+02
-1.005517515191585147e+02
-1.194979995191585260e+02
-1.273922695191585035e+02
-1.147614375191585054e+02
-1.068671675191584995e+02
-1.368653935191585163e+02
-1.084460215191585064e+02
-1.194979995191585260e+02
-1.194979995191585260e+02
-1.305499775191585172e+02
-1.321288315191585241e+02
-1.305499775191585172e+02
-1.005517515191585005e+02
-1.273922695191585319e+02
-1.005517515191585147e+02
-1.242345615191585182e+02
-1.273922695191585035e+02
-1.242345615191585324e+02
-1.100248755191585275e+02
-1.179191455191585334e+02
-1.068671675191584995e+02
-1.226557075191585113e+02
-1.147614375191585196e+02
-1.226557075191585113e+02
-1.273922695191585319e+02
-1.258134155191585251e+02
-1.068671675191585280e+02
-1.179191455191585334e+02
-1.163402915191585265e+02
-1.147614375191585054e+02
-1.084460215191585348e+02
-1.179191455191585192e+02
-1.021306055191585074e+02
-1.273922695191585319e+02
-1.226557075191585113e+02
-1.242345615191585182e+02
-1.226557075191585398e+02
-1.037094595191585142e+02
-1.068671675191585138e+02
-1.116037295191585201e+02
-1.289711235191585104e+02
-1.131825835191585270e+02
-1.163402915191585265e+02
-1.052883135191585211e+02
-1.052883135191585211e+02
-1.258134155191585251e+02
-1.258134155191585108e+02
-1.116037295191585343e+02
-1.131825835191585270e+02
-1.131825835191585270e+02
-1.258134155191585251e+02
-1.573904955191585202e+02
-1.289711235191585104e+02
-1.242345615191585182e+02
-1.037094595191585142e+02
-1.147614375191585196e+02
-1.084460215191585064e+02
-1.273922695191585319e+02
-1.037094595191585142e+02
-1.147614375191585054e+02
-1.321288315191585241e+02
-1.226557075191585398e+02
-1.210768535191585045e+02
-1.005517515191585005e+02
-1.163402915191585265e+02
-9.739404351915851521e+01
-1.210768535191585329e+02
-1.337076855191585310e+02
-1.100248755191585275e+02
-1.226557075191585255e+02
-1.163402915191585123e+02
-1.226557075191585113e+02
-1.147614375191585054e+02
-1.179191455191585334e+02
-1.147614375191585054e+02
-1.194979995191585260e+02
-1.147614375191585054e+02
-9.897289751915852207e+01
-1.005517515191585289e+02
-1.005517515191585005e+02
-1.037094595191585142e+02
-1.147614375191585196e+02
-1.084460215191585064e+02
-1.116037295191585201e+02
-1.084460215191585348e+02
-1.147614375191585054e+02
-1.116037295191584917e+02
-1.179191455191585050e+02
-1.052883135191585211e+02
-1.052883135191585211e+02
-1.352865395191585094e+02
-1.179191455191585334e+02
-1.194979995191585260e+02
-9.739404351915851521e+01
-1.163402915191585123e+02
-1.021306055191585074e+02
-1.194979995191585260e+02
-1.226557075191585255e+02
-1.068671675191585280e+02
-1.179191455191585192e+02
-1.131825835191585128e+02
-9.739404351915851521e+01
-1.163402915191585265e+02
-8.634206551915852401e+01
-1.163402915191585123e+02
-1.131825835191585128e+02
-1.163402915191585123e+02
-1.242345615191585182e+02
-1.131825835191585270e+02
-1.179191455191585192e+02
-1.131825835191585270e+02
-1.289711235191585104e+02
-1.084460215191585064e+02
-1.194979995191585118e+02
-8.476321151915851715e+01
-1.210768535191585187e+02
-1.163402915191585123e+02
-1.163402915191585265e+02
-1.131825835191585270e+02
-1.052883135191585211e+02
-1.179191455191585192e+02
-1.084460215191585064e+02
-1.163402915191585265e+02
-1.116037295191585201e+02
-1.258134155191585251e+02
-1.305499775191585172e+02
-1.226557075191585255e+02
-9.897289751915852207e+01
-1.100248755191585133e+02
-1.305499775191585172e+02
-1.179191455191585192e+02
-1.147614375191585196e+02
-1.194979995191585260e+02
-1.037094595191585142e+02
-1.210768535191585329e+02
-9.897289751915852207e+01
-1.289711235191585104e+02
-1.100248755191585133e+02
-1.163402915191585123e+02
-1.084460215191585348e+02
-1.226557075191585255e+02
-1.084460215191585064e+02
-1.242345615191585182e+02
-1.100248755191585133e+02
-1.084460215191585348e+02
-1.273922695191585035e+02
-1.226557075191585113e+02
-1.068671675191585280e+02
-9.739404351915851521e+01
-1.116037295191585201e+02
-1.289711235191585388e+02
-1.179191455191585334e+02
-1.100248755191585133e+02
-1.210768535191585329e+02
-1.226557075191585113e+02
-1.163402915191585123e+02
-1.131825835191585270e+02
-9.581518951915853677e+01
-1.337076855191585025e+02
-1.179191455191585192e+02
-9.739404351915852942e+01
-9.897289751915852207e+01
-1.242345615191585182e+02
-1.210768535191585329e+02
-1.194979995191585118e+02
-1.100248755191585417e+02
-1.116037295191585201e+02
-1.052883135191585211e+02
-1.100248755191585417e+02
-1.068671675191585280e+02
-1.037094595191585000e+02
-1.163402915191585407e+02
-1.005517515191585005e+02
-1.005517515191585005e+02
-1.100248755191585133e+02
-8.476321151915848873e+01
-1.116037295191585343e+02
-1.100248755191585133e+02
-1.447596635191585221e+02
-1.037094595191585142e+02
-1.194979995191585260e+02
-9.581518951915853677e+01
-1.116037295191585201e+02
-9.739404351915851521e+01
-1.147614375191585054e+02
-1.179191455191585334e+02
-1.021306055191585216e+02
